-3.453629006679481347e-03 1.297331807057492022e-02
-1.371304097876237527e-01 -9.517554596426906766e-02
-3.464243990804514051e-03 4.995957481266420641e-02
1.534233489633077957e-02 -4.259724685057782200e-04
-3.751658170321638119e-02 -9.616276352564272212e-02
5.903952368381844285e-02 -1.369254226403711361e-01
-1.532372310246559455e-01 -1.482102822261845143e-01
-2.990517209067473578e-02 -1.669066012392824219e-02
1.186130935404726555e-01 -6.559629196708248455e-02
3.957185449935606003e-02 8.605784180731983202e-02
7.719807193865323158e-02 -1.889464981338660754e-02
-6.853739448726825848e-03 -4.528831042763170264e-03
-1.074882966639129599e-02 -2.127064450149701857e-01
1.473096747708718957e-01 -8.284606161995149154e-02
5.385102099243489759e-02 9.589309544377641603e-02
-7.540875276010854111e-02 -1.389115578195152800e-01
-8.457926236190303759e-02 2.024273584432935980e-01
1.793411094462394884e-01 -4.617052099495930900e-02
-4.081833559417392607e-03 -1.342174331166785528e-01
2.690790094983037690e-03 6.129072951512070690e-05
7.884016203381897028e-03 -4.678269574508402834e-02
-9.845550225880793024e-03 8.431525537998882380e-02
3.587871550384326425e-02 -1.150360475786022241e-01
4.131446791643653832e-02 -1.543815829074653978e-01
1.674267274488271673e-01 -7.898457743581528689e-02
1.898136315523939466e-01 2.327830130687149127e-02
4.965808918988710852e-02 -2.170687037582784765e-02
2.197051004412030849e-03 -1.795325072546321080e-02
8.224559367366098689e-03 1.187965968471442341e-01
-1.633578202925483336e-01 -9.839715042044581972e-02
1.058690466442393195e-02 1.727201055592280654e-01
-6.964348586990974643e-02 -1.563751942472137724e-01
5.559598251771958460e-02 -1.866447785615635013e-01
4.555454069015879570e-02 1.762111621792753491e-01
-2.420740487705028143e-02 -1.235529734071419972e-01
2.241583036756519820e-02 -5.253790220616650491e-02
-3.867033529656904462e-03 -3.517356781421906997e-02
1.713513878890438880e-01 1.536722450592354142e-02
-3.139652106131127912e-02 -9.991024975543946751e-02
-1.333349897627617575e-01 -1.944327213779751401e-02
-2.267523019924424232e-01 -6.445291171525409368e-02
1.431107175067541232e-02 -1.264429143269114042e-01
1.604270573766999886e-01 -1.669411818557955951e-02
-5.713039700736007032e-02 6.166483010999836839e-03
-5.635461714336324757e-02 -6.860876634946240504e-02
-2.250453757716035230e-01 -8.426113418485672857e-02
8.454589628411618429e-02 -1.431598928302951768e-01
1.908671629282244486e-01 4.286173627426386606e-02
2.864115103241766675e-03 1.039650969391018621e-02
1.556331380751843074e-01 1.637627205141525266e-01
4.991627650707104952e-04 1.751716384834216961e-02
5.431671899844724670e-03 -1.105228621562370783e-01
4.832538596665688496e-02 7.040567639504656527e-02
7.732870907354322254e-02 -1.118149896648523156e-01
3.230188208624993479e-02 -2.146328518785290684e-01
-8.677160175731514144e-04 -1.849843016995688164e-02
-3.195526622863415628e-02 -6.263194030801414076e-03
-1.124475416758296681e-01 -1.451841544042895872e-02
2.084885443204405331e-02 2.086527330876450093e-01
-3.228050472866485655e-04 -1.895513932424999336e-03
-5.157677698509653685e-02 -1.392817492232963361e-01
-7.546347447716642530e-03 1.988263995633894887e-01
-1.417054962004067782e-02 3.976055670652000468e-02
-5.856942972236055950e-02 1.052248553038014345e-01
1.139576721383812018e-02 -1.004084940255983993e-01
5.408830474865146398e-02 -1.257650127893809033e-01
3.433182500250856611e-02 -7.585680284368379045e-02
1.359220921985616892e-01 -9.583307698838430810e-03
3.987398112868315719e-02 -1.276039728646450599e-01
1.896272403425286746e-01 2.273663896410611091e-02
1.345924286958659344e-01 -3.639908124741456780e-02
4.473993354125506590e-03 7.834078419418214964e-03
1.791738809585005296e-02 -8.902742610406738991e-03
-8.553565256879971240e-03 -1.150074553127535502e-02
8.598455114262404386e-02 -4.839378811297925104e-02
-8.820864144800293072e-02 -2.792938579359439608e-02
-6.068659338776208334e-02 -2.823600790306820055e-02
-6.178438795272941930e-02 1.968502236018011275e-01
1.606714900428083959e-01 1.327850736172354329e-01
-8.112391318040944321e-02 1.790304439349226506e-01
-2.031583218282893843e-02 -1.190073463059094921e-01
-7.023129562369709311e-02 -9.343055070179753785e-02
-1.905618009026791883e-03 3.692350810485198545e-03
-2.681829034271455622e-02 -1.051418348344203835e-01
-1.099071517489313143e-01 -1.093852104787344792e-01
-2.004241657424820910e-01 -9.729157606019268878e-02
-6.421798618839777428e-02 9.908524058840265103e-02
-2.030199824936433292e-02 -1.585112035051852997e-01
3.784510430752873605e-02 7.008092223450446134e-02
-4.344349020301306596e-02 9.753653502641584927e-02
2.061861263883703610e-01 1.350170651717727457e-03
-8.818158422415556729e-04 1.000465547377189374e-01
3.080171084125418735e-02 -9.473776548036855205e-02
2.469756403038250725e-02 -2.357330601605622106e-02
1.530007063551433281e-02 1.597780078813568483e-01
-3.061519817751629652e-02 -1.512918773569665309e-01
2.406268752723173324e-02 1.235066994816693686e-01
1.238437053016131807e-02 2.088725241124839704e-01
1.392417504145763152e-01 7.802474097528268315e-02
-5.844591113389424608e-02 -1.723456902596544049e-01
2.790831185983347340e-02 6.046872538257314078e-02
5.478510923196960522e-03 1.659260568934661506e-01
3.058615383336393129e-02 -7.837506117601372724e-02
1.143459871589338171e-02 1.180655794826495214e-01
1.527397694572317499e-01 6.240738137524473594e-03
-6.609591271446457750e-02 7.971543960925052408e-02
-1.466888160688540332e-01 -1.282945730793029204e-01
8.405693648777620708e-02 -3.339786496428385348e-02
1.815896153537360086e-02 1.386777861044489746e-01
1.047453486672146050e-01 1.833304778108193756e-01
-5.487058576855276260e-02 -1.290908516580250021e-01
1.228012953894251774e-01 -9.434904561357382313e-02
3.608605075930010342e-02 -1.907186653266202403e-01
-1.301975933249428785e-01 -1.299412446844418201e-01
-1.925587994559865013e-01 -1.074981614173455835e-01
1.598851571867673516e-01 -5.253811812416230020e-02
4.975126455250763330e-02 -2.262034519420203296e-02
-1.399788269778278749e-01 -1.670370629408008678e-01
-1.424080393792067625e-03 1.172130002865253290e-01
3.219137930446731161e-02 -9.166830898941231986e-02
-1.541441945659696115e-03 -1.148066937481528882e-02
-1.835763409336498841e-01 -3.579602903261194791e-02
3.393666133302700172e-02 -1.587713442054873858e-01
-2.105330768831490534e-03 1.438254229414106665e-04
-2.123897472946459641e-01 -5.061455867917287466e-02
8.114288022685206547e-02 1.813789974699994145e-01
2.915925301075186250e-03 1.188580929913200246e-01
-1.966416805550553343e-02 2.247914831983045814e-02
8.856281443547134704e-04 -1.513531036036475930e-01
-1.085015255963418801e-02 -6.250429228787834912e-02
1.727295722138559586e-02 -2.207556114953815318e-01
1.560459732831337709e-01 -9.922584031456712153e-03
-2.486082839866750327e-02 -1.515440695760486289e-01
-2.605088067477326005e-02 -1.655200096075093164e-01
1.517142129567307374e-01 1.796791695532720945e-01
4.457438516542086213e-03 2.736378101275684267e-03
-2.168342556126160066e-03 -6.249128997606940260e-03
-7.495869868763486120e-03 9.772768992706321045e-02
5.952886133665106008e-03 1.439254840638656829e-01
5.163424153544468598e-03 1.271130833012177053e-01
1.993778946092600035e-01 1.110685544059707500e-02
2.020880433129104425e-01 -6.808907197590925719e-02
-1.139124137022325123e-02 -3.880538947264634136e-02
1.563260054287979872e-01 2.684203626167337015e-02
-5.779489138683952670e-02 -3.699850671463165291e-02
-4.942712103504737914e-03 1.470462278262592726e-03
1.314122265153817859e-01 1.006762863198762958e-01
-1.484124995503973907e-02 -2.328097329206938598e-02
7.666185309098481893e-03 1.712239153022796778e-01
-2.019877763936157311e-01 -2.405364933487673385e-02
-5.339482675195596217e-02 4.782102514452347269e-02
3.699876311725165678e-02 6.262700793129781507e-02
-1.315491016561188935e-02 2.861112156240950763e-02
1.799995243846499726e-01 -1.017521787031457348e-01
-8.436379981813593460e-04 -1.449227249434501246e-03
5.337369377811806287e-02 -2.291870000604018590e-02
5.810208829363415700e-04 -7.311664828605596300e-02
1.005280957266723417e-02 5.457248061189724081e-02
-3.404955945507541493e-02 3.741113949946006656e-02
-9.803822048963267699e-02 1.720283043007186097e-01
1.317215695289744304e-01 5.888036513117213266e-02
1.365356096887227200e-01 -4.263392592011255866e-02
1.647421751488338179e-02 7.462612593404210730e-03
1.379573875195128085e-02 -8.790573211594109732e-03
1.687526663660955384e-01 -8.097982840284417838e-02
-1.654837623739661701e-01 -4.677175140167245254e-02
5.053081201684505100e-03 8.533631808720248957e-02
1.029163275671941269e-01 2.980755733598062802e-03
1.407099877253666781e-02 2.135260427372375203e-01
-5.672773018752482084e-03 -6.493357216363092321e-02
6.268875373065624325e-04 -6.515932792310354105e-02
5.052160598198550791e-04 -9.138412716976652972e-02
7.409557999434120135e-02 -1.208573316938336556e-01
1.906071571766697059e-01 1.040096553286235653e-01
-9.510414458203643451e-02 -2.476762942001618784e-01
8.601235058458193625e-03 -3.655464678966219381e-03
-1.298459978585491947e-01 -1.676101767759997918e-01
2.342311143395385542e-02 1.857069657366014204e-01
-4.735422730622006887e-02 5.356354642335332122e-02
-1.084331538134876705e-01 3.623006131505430993e-02
-1.568816434012126892e-01 -1.705568805126310081e-02
-1.150521781710611008e-03 2.723361029447494020e-03
1.197615073805778918e-01 1.084742794442481867e-01
2.913408169564896816e-02 -2.868333938456371635e-02
-1.320618832800880826e-01 -4.223615773980678167e-02
-4.932661795544475425e-02 6.109475262161522674e-02
3.965851183747869102e-02 2.383577593173789588e-01
3.801568964535847334e-02 9.914612946321527120e-02
2.208108460176794463e-01 -2.900655850310449729e-02
1.345814708575795993e-01 -9.495644317804170786e-02
-3.367774191888858737e-02 -9.557098627868274021e-02
2.260028843662440293e-02 1.569735434981705813e-01
4.777237612109715842e-02 -1.242751921133082998e-01
3.531593536897406627e-02 -1.562797989776990304e-01
-3.948451904377790755e-02 4.270682185972229233e-02
3.499861688441197050e-02 -9.413020935112251112e-04
6.389403497290252476e-02 -1.962231167727800929e-01
5.381561044112542075e-02 -7.226191665741125286e-03
-1.131661639978785890e-02 1.860258361317582501e-02
5.040235514765472463e-02 5.306137514464596971e-02
8.735330929743242989e-02 -1.802375874698826097e-01
-4.955057889657737968e-02 2.137166713377701421e-01
8.052833037877366040e-02 7.825066542068950803e-02
4.833846250027688113e-02 -1.022073338382699370e-01
2.351842910793885272e-02 1.009953658855915481e-01
-4.557852783000353181e-02 -2.247105814242572330e-01
-3.220863250181835863e-02 1.960167666431790467e-01
-4.705614239187665138e-02 -6.637334709674193312e-02
-1.246536153906788180e-01 -2.254561901220611397e-02
1.855949987609098462e-01 -7.811892170607109831e-02
4.407295188767568206e-02 -1.186728218560579168e-01
-1.032513698828637153e-02 3.066202201913445502e-02
-1.367570268459674353e-02 1.561208968276727171e-01
2.243293512129414524e-01 -3.315130348168570523e-02
1.879473713455371564e-01 -8.092074109380892333e-02
2.377872499930042474e-02 1.956817023983379866e-01
-4.541656571713064555e-02 5.376610449315331886e-02
9.971766439807000504e-02 -1.462154428528350814e-01
-1.343164787498096063e-02 -1.145511092549338222e-01
-3.147859014202337991e-02 -1.869644181645803427e-01
1.859308322136108901e-02 -6.205921782418256927e-02
1.119159481964773079e-02 1.870873564734329697e-01
1.295760868689376233e-01 -9.656777170624482320e-02
4.245881642552729734e-02 -9.011433705255946641e-03
1.910146619090981046e-01 -1.778204799711426837e-02
-1.983312456195452933e-01 -9.191496156241493742e-02
1.563638315626853306e-02 9.902188889895054136e-02
-9.306011639027122334e-03 7.342172691923175287e-02
2.216088654352425802e-01 -3.054110119405498494e-02
8.625622996082614458e-02 -1.423562190602173094e-01
1.516160647327696731e-01 -2.511783491431196849e-02
4.194509016032652547e-03 1.620536351133557151e-01
2.880064695693239710e-02 -3.201048725605731143e-02
1.033409252453360884e-02 -2.020923954100131009e-02
-1.246389688127261426e-03 -1.378798510298529477e-02
-9.146992758334338003e-02 1.442369592676667200e-01
1.660843652690040251e-01 1.735444939620270077e-01
-5.107336080419470209e-02 1.190870875207294954e-01
3.304168124047965338e-02 -1.332925888663385929e-03
1.362797468637121923e-01 -1.668505637719377155e-01
2.322909899358096761e-02 -6.769644534287821980e-02
-6.460385863662303219e-02 -1.659909402512008691e-01
8.633364668347272633e-03 -5.961349444356316141e-02
1.140657795798980384e-01 -2.304785607842781137e-02
1.448759567681902555e-03 -1.385288532931345032e-02
-6.495794643769466602e-03 -2.738046320822059426e-02
1.586725684698510677e-02 -1.116755032658536297e-02
-2.439900342170461724e-03 -1.493786819757750121e-02
-2.119420278355017839e-01 -8.232839147760888376e-02
-3.128314387120970097e-02 -1.453524591082887840e-01
1.934996520014830440e-02 -2.236593846617561943e-01
-2.030381094841335887e-01 -9.576307232568694039e-02
-2.274098937434940008e-03 -1.647576436490009316e-02
9.615747690846457307e-03 1.953606863180979980e-01
9.840127985211530315e-02 1.762547641195500725e-01
-8.127910423988311817e-02 -2.158641917238922070e-01
3.379940833579726800e-02 -3.022160750437124198e-03
-2.486972152111908193e-03 -2.436584651447619779e-02
2.110750226182838904e-02 -1.571330799073095419e-01
5.137761962373021962e-02 1.735012833731196247e-01
4.872496583389607921e-03 1.392772419351342161e-01
-5.789029340379162752e-02 -8.892221668690028502e-02
2.288159922166992100e-02 1.528441927979454495e-01
2.130354635559291165e-01 1.227791368051072834e-01
2.935710474298738187e-02 1.904177835994876056e-01
5.990611730735684315e-02 -2.145222343903111784e-01
1.804307261171162954e-02 -8.114063333020837820e-02
-1.934682460542517246e-01 -3.048128853550261669e-02
3.459994117378013823e-02 -1.139257162750043628e-01
-3.992111197870158029e-02 -1.400117544721857787e-01
1.866984206886424316e-02 -6.392462785393093760e-02
-1.553000035974306248e-01 -7.168054395887336894e-02
-5.079109863048023726e-03 -4.358381328424543177e-02
5.872572061412529437e-02 -8.887922201598870420e-02
2.590219751864142068e-03 -9.258243156177388064e-03
1.467117843456561266e-01 -7.820989740410951019e-02
1.289441488747608000e-01 9.092402616305128582e-02
-6.841022637861529643e-03 -1.090902985468135758e-02
8.579366613947142506e-02 -6.957476996774973610e-02
-1.957060808895500978e-02 7.022492604282130901e-02
-9.264848053931400151e-03 -7.242316016820440905e-02
-1.019879611545478348e-01 1.312880196883038919e-01
1.515258514951538932e-02 1.752732144055658969e-01
-1.248889929958388045e-01 -1.407915558088541734e-02
-5.652706140018798169e-03 1.217286282812178461e-01
-2.931654927068448949e-02 -5.179927035860152490e-02
6.052570749114945248e-02 1.886753523632160867e-01
2.440919205213093642e-03 -2.794831235541281669e-02
1.697169021557923541e-01 3.613372477802667768e-03
-7.001417658405605093e-02 1.644810796861440882e-01
-1.694759579148034240e-02 -1.849738296767730050e-01
-4.595822974675536909e-02 1.634865748924125284e-01
-2.032476578990472828e-03 -9.233216910977913583e-03
-4.337893746970938186e-02 -1.031320026552383362e-01
1.253020306269093109e-01 -1.026788582564499251e-02
1.057075939628877304e-01 -2.062536412466787691e-02
1.923786698679991469e-01 -9.239784191768597721e-02
-6.950718763506763542e-02 1.716097877505049496e-01
-6.608939468996667330e-03 -1.827789692700741153e-01
-8.510380139548670564e-02 1.338682397379880595e-01
-2.650419966350357585e-03 2.526854778394719593e-03
-5.703181694740744323e-02 -1.708705385124207610e-01
-8.215099460175573007e-03 4.064494332239892808e-03
-7.228638961274651276e-02 1.601673755021389423e-01
-3.411338388685814741e-03 1.525652604845722897e-02
1.663590129596482503e-01 2.810010776703083732e-03
2.917231604949712537e-02 1.914831769702117770e-01
1.470488728217076990e-01 -4.673477544489349975e-03
1.791898858799384209e-01 -9.010303172124867199e-02
-1.707286196622507732e-02 -1.517642654471296759e-01
9.312830599231648743e-02 -5.496954368499802623e-02
1.221137720062073079e-01 2.872085851005081944e-02
-1.398138858713568293e-02 3.847027799574372076e-02
1.123667815979670359e-01 -6.447056301140988155e-02
-1.110747080688507527e-01 -1.429266204255941197e-01
2.093009863853786956e-02 1.300225378098565643e-01
-1.001368489445831483e-01 -1.980121188217684458e-02
1.094889523282739502e-01 1.409854096844489202e-01
5.827739388561793688e-02 6.018893614465420372e-02
-6.933794841099290979e-03 1.048112087165084180e-02
-4.239234742001098816e-02 -7.202437987229336203e-02
1.024251293085071644e-02 -1.045147684900235574e-02
1.831565153805867485e-01 -1.406670385996573458e-01
8.061578391450576614e-03 1.242040336388209321e-01
4.368415105163252904e-02 1.080376527721376712e-01
-7.027380447911814321e-02 -9.411595538968173247e-02
1.434080770715804309e-01 -9.338059267552174803e-02
1.232182735239188559e-01 8.817088953592662134e-03
1.199419473506841971e-01 1.219495663704094068e-01
6.033225171435945694e-02 -1.915939698918012468e-01
9.417739080692119624e-02 -8.541883924621827828e-02
8.119577676210180950e-03 3.298768149922018042e-03
2.037222861384167250e-01 -2.984143579729263158e-03
2.257708399951440306e-02 -3.970224535278211314e-02
1.304556035218958944e-02 -4.535613566805906521e-02
1.266877248495124411e-02 1.323613075607491252e-01
-5.967945064383947673e-02 -2.293333857141097512e-02
1.499079340943605156e-02 8.955383755152079850e-02
-7.052779151654024747e-02 -1.505573783147897138e-01
2.271637134911071512e-02 -1.032449007772867494e-01
-7.004445908296552670e-02 1.740481226872059306e-01
-6.333297880828095416e-02 -1.880852079960992351e-01
1.797701115141236705e-01 -1.656374251388758809e-02
-5.461843066037619029e-03 -2.960879090426685178e-02
2.326892236892938448e-02 -1.710046100929312751e-01
1.676334689297955816e-01 1.412690044770436443e-02
1.731189465820754392e-01 -1.615990501366891541e-02
-7.073877038817602547e-02 1.392870931936921186e-01
9.727675194029428152e-02 1.008087790000426059e-01
2.010037976021789019e-01 6.921917664471527801e-03
2.537421391828117295e-02 -2.713175266682060077e-02
7.348559816136121525e-03 1.121180373193801927e-01
2.314321761075570361e-02 1.624927583372925421e-01
-8.396960440591673402e-02 2.238219709125856827e-01
-2.760404291914190372e-02 4.377531567791726440e-03
-8.666368914805232249e-03 2.487814063609552692e-02
-1.023710992037795385e-02 -3.471013357344382173e-03
2.073255121572766257e-01 2.302498226574886675e-02
-1.129616997770220219e-02 1.858528487062253640e-02
2.410159662481673251e-02 -5.337315735684727142e-03
-1.271641107963163847e-02 -2.488372852635218624e-01
2.006698129473168113e-01 -3.649813700170166653e-02
1.699925754569165670e-01 -7.051374335193918985e-02
-3.432210531897935627e-03 1.101790734748786613e-03
-9.759942114268952557e-03 7.393858062165278855e-02
6.391970222465200024e-02 6.549115002428906353e-03
-9.289897409103860249e-02 1.780364519464310846e-01
-2.482055125815605529e-02 -3.819342389308004460e-02
1.102913305903770874e-01 -7.839385953652214245e-02
-9.403682819166225837e-02 -3.030282219082656991e-02
8.711991543885874711e-02 -2.220897418016151981e-01
-1.661560230538566552e-01 -1.772424809912890031e-01
-2.576615737327866279e-02 -7.088475794307917688e-02
-1.892031234192992073e-01 -4.154225128083837565e-02
-2.414678083915436368e-02 -1.330586012332764800e-01
3.940539521947711982e-02 -1.145567096279496121e-02
-6.747183664775821543e-02 6.948855121305605453e-02
-3.252673453254486657e-03 -7.388305595954804995e-03
-2.165612627309863869e-02 4.945827732709606045e-02
3.547804929918774858e-02 1.473506047259487417e-01
1.804314143557278760e-01 -1.116598930695017894e-01
2.398635039456410364e-02 -1.938106919955738250e-01
4.205324146018625531e-02 2.127556743180101795e-01
-2.253530386732914212e-02 -1.657928624798135075e-01
1.097981975040247284e-02 8.981035487795605010e-02
1.837018837533267446e-01 4.492508912665223869e-02
1.900720584036044436e-01 -3.834009631287609021e-02
1.444300945411817159e-02 1.228511298532541625e-03
-3.052838227461551063e-02 -7.235001794713072365e-02
1.299824445370134085e-01 -8.492105380180038632e-02
-3.445081606050066914e-02 -2.491916876638607947e-01
-1.078081589323629484e-02 6.499857022780091342e-04
-8.059702603862154910e-03 5.295913459992096679e-03
3.204705499287547037e-03 -1.630101383398283310e-01
-5.674594826841955833e-03 -1.223172612223641376e-01
1.990088502698315887e-02 -1.304499204927723477e-01
1.514161516584180966e-01 -3.285724678745123584e-02
1.212097098629620617e-01 1.480440726014881948e-02
1.028237122418751842e-01 4.784677842609939488e-03
1.768524209147469793e-03 -2.290751612860202849e-03
-3.117775564695233342e-02 -1.204431604932852395e-01
8.229379736622098596e-02 -3.520342522457433482e-02
2.907329740611554886e-02 -1.259775975511103485e-01
1.377688725537358320e-02 -2.146701247225522163e-02
8.796494425256767835e-02 -1.239627047939019927e-01
-1.756246403425956856e-03 -1.190379526818126539e-03
8.452794135327881819e-02 -1.463964496076803345e-01
-1.119811453100496776e-02 -1.376676137611479445e-01
2.177013839705658205e-01 -3.485595412927210840e-03
2.606464882072352385e-01 2.709436849008086540e-02
-1.056018008923882701e-01 -1.609809815000231292e-01
1.914040835093791526e-02 -9.846127975205464650e-03
5.028069885190209615e-02 -1.063011187961261372e-01
2.005161198189389093e-01 2.833952708717451391e-02
2.260517695499782431e-01 2.836211413376530516e-02
-2.547768924404459137e-02 -2.013573633202841561e-03
4.740790654420453526e-02 -1.710300344369354852e-01
4.582811385140207923e-03 2.087107838216145737e-03
-3.326872576048964941e-02 -1.141835358568517172e-01
1.723944607369533311e-01 1.804303212708741749e-02
-4.089789800190365976e-02 -1.877852034358245270e-01
-1.278119963587134589e-01 -1.977741704429710964e-02
2.489356696477907846e-02 -1.554145076095727329e-01
3.586372269801062912e-02 -1.005690897824041835e-01
9.672199788217480942e-02 1.693105849723408052e-01
-4.629069960192825489e-02 -6.829962575899083121e-02
-1.096553036491550032e-01 -9.777117716090268779e-03
3.175805887666732080e-02 1.719091985362912467e-01
-1.022362769708617773e-02 4.401581796175857431e-02
1.046926916659914469e-01 -6.934660537313659667e-02
9.334129560028806005e-02 6.258300114478097809e-02
4.921345668333896445e-02 -1.040628048927746269e-01
-3.297917635441728612e-02 -1.228331972733030797e-01
1.356258931929627265e-01 -9.968939263549631002e-02
1.582548008851852872e-02 -1.141400688653243511e-01
-5.474524874571565919e-02 9.077866611982339518e-02
-7.459007268932330015e-02 -1.172733898509727007e-01
-9.174950765070388758e-02 1.919084814424180940e-01
-1.622299861364167716e-03 1.642812070964167273e-03
1.537288897959433092e-03 7.529978839404591340e-02
4.828479000972978052e-02 -1.555204828608811596e-01
-1.331032152891564735e-01 -4.321323052909701451e-02
2.739736891254717158e-02 -5.796590518694215433e-02
1.867477107186187729e-02 -3.178910046228074215e-02
4.302815506951860464e-02 -5.771364549348637074e-02
-4.632253401143246463e-02 -1.489118672688781730e-01
1.451515474132067038e-02 1.986188821271236971e-02
1.303281022585228710e-02 -8.219107437972414387e-02
4.869595185321187042e-02 3.654943776801377470e-02
-3.337758891499174874e-02 -1.049332715453624998e-01
-3.404539628621910258e-02 -9.533586676300208687e-03
-1.183432500252347697e-01 -1.968799258210968961e-01
-5.749016362040690331e-02 -8.542008752213142708e-02
4.362103552248832589e-03 1.394434448123931525e-01
-2.185465106221165868e-02 -1.481496902386160996e-01
3.765880418806795416e-02 1.753048059073248344e-01
-2.021885936245746695e-01 -8.647842982080561347e-02
-8.054400467578050338e-02 1.438073499304193537e-01
1.202236663556905116e-01 -1.031288785917367501e-01
1.985787686119684647e-03 1.535740091185885670e-01
-1.883920949424897767e-02 -1.680237407071850375e-01
-6.915617244828764498e-02 1.296182988371144817e-01
4.009204143583709745e-03 -4.219260303159362568e-02
-2.156821053790679843e-01 -8.015617547071840487e-02
-7.829872741706477013e-02 -4.390566604671910372e-02
-2.552136877984906294e-02 7.898625080028265355e-02
2.292947903723623615e-01 -8.516216672872353732e-02
1.617702697336315110e-01 3.187194887200889282e-02
3.836718390019162178e-02 1.219746398476704609e-02
-8.175587141689837078e-02 -4.298564284037886818e-02
1.688888836316892184e-01 -1.091999730806592211e-01
-1.553356975411095964e-01 -1.529522597548380602e-01
1.672155832649758339e-02 -2.324906128703543851e-02
8.417917981057988774e-02 -1.496322776618297379e-01
-1.788723042453189624e-02 -1.596066499619484269e-01
1.808729936468667920e-01 -4.094351742595155053e-02
2.421923060446810948e-04 2.013414224995012684e-04
5.102001893807865673e-02 -9.641229050696430158e-02
5.932556779617791098e-02 9.721745546070059696e-02
1.987266589442094888e-01 -5.367112081731805623e-02
1.936419655767391002e-01 3.618868940282983504e-02
-2.994172295889947419e-02 -1.382421445581942521e-01
-3.726246646448427846e-02 -5.618870440591115095e-02
2.363639455545095414e-01 -6.153699990905364160e-03
1.198296025185000002e-01 -7.457130806600172079e-02
-8.537836136944511540e-04 7.304285156355753983e-02
6.785328277706978439e-02 -1.196688380757599951e-01
1.169694751507429666e-02 1.779771284770879369e-01
1.567243134040932281e-02 -9.204168518363126106e-02
-1.373793227521447891e-01 1.272231171361032191e-02
1.722491749155365126e-01 -1.148974417201801268e-01
2.376149744221137394e-01 2.177278103090192485e-02
-4.679163947331586859e-02 3.593882842335852784e-02
-5.302778640142596922e-02 -1.675766959917776855e-01
6.588440754271404631e-02 1.320287533626091359e-01
-1.805572743049610115e-02 -1.168814716988653352e-03
1.136382349584854207e-01 -2.230644597352638564e-02
5.235734415590624635e-02 1.920683282336759778e-01
-4.906689222254081301e-02 5.137552454442732841e-02
1.907385567719823427e-01 -3.162258045546548213e-02
-7.302630009969281188e-02 -1.582511302792568852e-01
-1.531564102198570143e-01 -1.377353040528279393e-01
-2.178001934433889883e-02 -1.458898789998087919e-01
-6.120259691307469718e-02 7.806615674585004605e-02
2.580733192296010697e-02 -3.703919713568191996e-02
-5.906723540909054881e-02 2.011639277858062735e-01
6.766512373861399698e-02 1.817383659842415067e-01
-7.304898835784412806e-03 -1.533220463123770028e-01
1.401860812640363108e-01 -6.598914126554668302e-02
7.504278525212013107e-02 2.563282295030063981e-02
-4.975482719943816190e-03 1.521047984899578237e-02
-1.891145767987134282e-02 1.480343630391150467e-01
5.354540931170700957e-02 -1.153447158484580126e-01
2.119952111368396674e-01 4.251054228039361643e-02
-1.828900590789078184e-01 -5.429145321922120015e-02
-8.169135916821890220e-02 1.947293960779085398e-01
-1.850915016107596012e-02 -1.781240876629721359e-01
-1.677829921418797776e-01 -1.133893219939643704e-01
1.584386854220681947e-03 -2.260703756085216676e-02
-1.479877652366487217e-01 -1.626948036018525390e-01
-2.384658397691463358e-02 -1.709472163906754771e-01
1.527220034546407021e-02 3.148975715086811678e-02
2.298717637417360335e-02 3.046857636350051163e-02
3.069803309236971561e-02 -2.983662487444894984e-02
1.753326998134059067e-01 2.735018576988914804e-02
5.250074744229729640e-02 -1.991249196874431693e-01
-5.036953561229471797e-04 9.311059565608372640e-03
4.619314177873693611e-02 3.515918227774959826e-02
-2.123262674038838699e-02 1.007401440671310267e-01
-1.643515828681693380e-01 -1.557004640052464250e-01
2.938758291758054170e-02 2.063552036739482454e-01
1.832133692878530618e-02 -4.196674606056047252e-02
1.527760976600233411e-01 7.890976859771160756e-02
6.730758377989874697e-02 -1.034362446061804219e-01
7.181888666723811043e-02 5.715117236701743736e-02
-3.442523652543698354e-02 2.087225285797839613e-01
-7.260856625221387417e-02 -2.527794991620525497e-02
6.940167795693763519e-02 -3.853842036572740354e-02
-1.233220895952693713e-01 8.713283846827861792e-03
-9.041620053182919392e-02 -1.465341648043698153e-01
7.178672163330283851e-02 -3.552930620715695573e-03
-1.154550465705877355e-02 -2.468157766439737534e-03
-5.568624973483431856e-02 2.662957801439455943e-02
4.268759503694098158e-03 8.433801448623251540e-02
-1.259245357036450907e-01 -9.336701008409911684e-02
3.064214406864708765e-02 1.793870729895931659e-01
-6.885175506397396561e-02 1.818666077788657354e-01
-1.230990867902430619e-01 1.447488738459340729e-01
1.160106069474727275e-01 1.161032054041982557e-02
-1.784717088887558326e-02 -2.660805031547061258e-02
1.837873872796593477e-01 -1.017803829913457303e-01
-8.758250624996295752e-02 -1.751110330009785498e-01
3.207254006381599770e-02 1.390480044979794938e-01
1.982961454503547605e-01 -5.964380393222210724e-02
4.446332150290698698e-02 -3.483168865763592355e-03
2.028111256910599125e-01 -7.837771291889951419e-02
1.711087028092139056e-02 1.539861695828012057e-02
-1.390716745082679062e-01 -1.200548454727326242e-01
-1.467634427261487462e-01 -1.709359616651449643e-01
-6.375221733429305496e-03 -5.928890222151790568e-02
1.216256286497888889e-02 -7.130153365445179858e-02
-7.081845762349707474e-02 2.015893908227907316e-02
1.411213030730489038e-02 -6.463696831178987467e-02
4.210755158356467749e-03 4.678155880188744620e-02
3.468707757995592722e-02 -9.344352602385701256e-02
-4.726789468852079026e-03 -1.744798507197869719e-01
5.174088815677126835e-02 -9.638855302230218969e-02
-2.466848257532461286e-02 -9.287181565563071284e-02
7.579018539454536463e-03 -2.364457244954148041e-03
1.426271792763396558e-02 7.799430328531373538e-03
1.931145251450869932e-02 1.610327748292631200e-01
-1.088451051071418624e-01 -1.178006615966905729e-01
-3.826290225566267300e-02 -8.666942278295614033e-02
-5.336635931369859004e-03 -5.251208651079492667e-02
-2.186750155667981782e-02 -1.717119034676386213e-01
-7.326455886060911915e-02 -1.728898305987933426e-01
3.119064325232601825e-02 -1.921618207258528332e-02
1.068105840546287703e-03 -5.039923445787182488e-02
4.982531767762605340e-02 -1.322337674996112433e-01
5.976805124392420981e-02 1.848836704186561652e-01
1.796275111727794679e-02 -9.422765921531593702e-02
1.792170645576584287e-01 -7.181745621051599526e-02
7.017114896699498672e-02 -8.099703436813365798e-02
-8.898730246775607422e-02 -1.023031137117146744e-01
4.658645412009054798e-03 1.905601351290788599e-03
-1.383779299877963553e-01 -2.349851202231474923e-01
3.418482870571883797e-02 1.559049383472590512e-02
3.496349984662802668e-02 -3.842942900991529881e-02
7.511877489176328748e-02 -3.588639408756852389e-02
9.541676010275274358e-03 3.202684641795705035e-03
-5.666431777113639656e-02 9.118757431922443202e-02
-1.683436906923208298e-01 1.249679548816427614e-02
1.031547685089193866e-01 -1.266480769075356005e-01
-9.340072702862911580e-03 -1.596607239250189547e-01
-8.279891052762097803e-02 -1.927021825000654331e-01
3.788322732866031273e-02 -2.304924098994768147e-02
3.725242880796908202e-03 -3.977137284862158201e-02
-2.374566086933582038e-02 1.498078999616550000e-01
-2.507961742905723268e-02 -1.747774396974837996e-01
-3.219453035771836086e-02 1.448706515955593410e-01
-1.459315781627456288e-01 -1.316438525453649411e-03
1.230382653898041273e-01 -1.125617083161033483e-01
8.850100790917660859e-03 -4.602927014108878362e-02
-6.976000736582499417e-02 -1.292220893148408045e-01
-2.099179889269404964e-02 4.270288135629913412e-02
-2.171832752447942771e-02 -2.319138081869149409e-02
-1.510402384277486493e-02 3.375498995560095167e-02
7.106589289923444241e-02 -8.101915921526470221e-02
2.103931772036115450e-02 -2.475134110620881914e-02
-1.324494122241872893e-02 3.564351923606254736e-03
-1.877817082632676771e-01 -9.878671371691159775e-02
-8.663622539110350795e-02 1.940266639708622398e-01
1.357663613440985295e-01 -1.002448079424778787e-01
3.955496228990421775e-02 -5.047113515046972032e-02
-2.157340269096180013e-02 -1.737179031023954046e-01
1.166583474399663922e-01 7.815274998331766740e-03
7.941851862785316574e-02 -1.282119979407881916e-01
-4.322781174125017722e-03 -3.111519678139102255e-02
6.769123632122979461e-02 2.141261193321606637e-01
-4.362494903616200709e-03 -1.716558052733575812e-01
5.080144245196602931e-02 8.782550845934926353e-02
2.017224671562894284e-02 -8.598915289490931257e-02
2.031057457963146295e-01 -6.885767931398344144e-02
-9.593158957396326347e-03 2.942938666579659329e-02
-1.454418221687961595e-02 -1.012725236229368025e-01
1.685075319665008120e-01 5.106455202471023302e-02
-1.346034809982753905e-02 -1.236327551065862090e-01
1.441360074834790832e-02 -4.857027408478766656e-02
-1.960032042940685060e-01 -1.636132445341298772e-02
-6.602317533963299179e-02 -3.770855304378532141e-02
-5.027411335303051676e-02 1.420417479942246708e-01
2.154932446071258778e-02 -6.955019580085394781e-02
2.123627170605480730e-01 6.858938770934029650e-02
2.271016033301308523e-01 -2.881898311798108264e-02
-1.786488122510834428e-02 7.349434452705003000e-03
1.943568548790639569e-03 9.086920998187023035e-02
-4.784838515962275100e-03 2.266387459952506119e-03
-7.016742438156761685e-02 -1.591088240329063264e-01
1.953260044900243242e-01 -8.257467968899361022e-02
1.449067099008561621e-01 -5.520964449631591414e-02
1.689988668607944888e-01 -7.227819822378124537e-02
-1.559377983672432556e-02 -1.616081558034178356e-01
1.578588443918129552e-02 -3.173919641550389942e-02
-6.306094912333570779e-02 -1.559335069970769483e-01
-9.746266408210638166e-02 8.780410558801662879e-02
1.862334277898350932e-01 -4.506599586121697032e-02
2.151909729078953781e-01 -5.942459993443421906e-02
1.856927826232529846e-02 -1.563101894356064003e-01
1.885002158788813276e-01 -4.270305678967071389e-02
1.885057217877739721e-01 -8.381644432509094411e-02
-1.220474177071262517e-01 -1.712546296371807442e-01
1.144908276494843447e-01 1.379896284621184577e-01
-7.574427583069062719e-02 -1.733699917368048959e-01
6.031151009188893269e-02 1.712875301417891571e-01
1.003867537823973505e-02 -8.198581733497678492e-02
-1.559687691047643154e-01 8.658849739287797359e-03
1.488493792514092307e-02 -1.825563038369162200e-02
-8.767528182691939828e-03 2.290073495404676418e-02
-1.202918289679862952e-02 1.369867433511753330e-01
2.410538193718041733e-01 -2.855520217521871976e-02
-7.717734381105743890e-02 -1.378926407973847801e-01
8.330199945781043003e-02 -1.029343567198425513e-01
1.879870327823887355e-01 3.445416953687277344e-03
1.617494606367873011e-01 1.046369510858909252e-01
1.595673663815894705e-01 1.333101322034964745e-02
1.051693306416967011e-01 -1.159866130601906187e-01
8.048523449630155813e-02 3.482332520901776363e-02
1.695135748781323726e-01 -4.002753593459499465e-02
-3.955776247641211614e-03 -2.253582949270014346e-01
-7.485786498360118280e-02 -1.465706819354077040e-01
4.060091629356997987e-03 1.388911063368515999e-03
-7.505437734951906845e-03 1.297441790286597285e-01
-2.985071014995552968e-02 -2.048480825684630136e-02
6.120979980246548569e-06 -3.348600926891655196e-03
1.768185799860553242e-01 -2.119572500542049338e-03
2.256318225430424540e-01 3.207373098651151999e-02
1.504189074051149877e-01 -4.619589135946457203e-02
-2.006135258247894460e-02 -1.819621784817520294e-01
1.704434054846876156e-02 2.111448990796712666e-01
-1.590726982532358058e-01 -1.819348918450341412e-01
1.909062575803370798e-01 -1.178601200147811057e-01
-3.581024925686589894e-02 1.630829431890336023e-01
6.711347350168402059e-02 -1.842797174209648628e-02
3.128791430942917673e-02 -9.109281330882233740e-02
-6.822161863557451439e-03 -4.762889186545769121e-02
-5.640574247630377770e-03 4.341220233593569983e-02
-4.854801007176089318e-03 1.537306609982525170e-02
-1.157635900128522154e-02 -1.955169333515198449e-02
4.486580614193329264e-02 -5.823059366003056903e-02
7.056117783663919119e-02 1.963783348220032310e-01
2.937306917980106805e-02 1.750440309479101286e-01
-7.730812938956953262e-02 -3.062290037727235029e-02
7.504694167353907763e-02 -1.517207984556023237e-01
-1.455118740635551189e-01 -1.331474110039196357e-01
5.647733278678272045e-02 -1.177302453403137328e-01
1.994633171663442173e-01 1.585926788114089617e-02
1.852002871697319523e-03 2.248625067240445918e-01
-5.509557569388407079e-03 1.073480174410234873e-03
3.276153776209887042e-02 9.864146163268160128e-02
-7.807362784587623152e-03 1.868598531276819200e-02
-9.301679784236596650e-04 -7.917173110610317699e-02
1.089979683007234329e-01 2.915267425931765063e-02
-2.807879429924333651e-03 -6.208952056540414932e-02
2.580285837198484453e-03 -4.574942608024122614e-03
6.999793550231026007e-02 -2.494861458306186774e-01
1.027247610728672933e-01 9.962273470173368950e-02
-8.067677400087892858e-02 2.014211670880399485e-01
-1.911580449531770642e-01 -4.298306869302281202e-02
-7.120758739711193809e-03 -7.895440289590370531e-02
7.365557454296844941e-03 7.876469194685318739e-03
-2.614873538520878435e-02 -7.345073415247858895e-02
-7.916815496429790988e-02 -2.376518289250200387e-03
2.439212103558882887e-03 1.323465306729122992e-01
2.497111863617302446e-03 -1.000331290242151283e-02
4.651063232295193223e-02 -1.393680894318626295e-01
6.986374921536446514e-02 1.655015486188693152e-01
8.283338993257360894e-02 -2.887845840466502639e-02
8.368510545671463408e-02 -2.180957716847500283e-01
-1.354227413486743248e-01 -3.124576644190733485e-02
-1.004824189494068210e-01 -2.629716888615798998e-02
-9.095448409533234135e-02 2.005994371755641659e-01
-7.845553111406951274e-02 1.970142942888516435e-01
1.277759380534166378e-01 -1.342309819709143481e-01
4.564079655575800643e-02 -9.155267140779231594e-02
-4.792907860654136570e-02 -8.772088269551452100e-02
-7.869426894303897801e-02 -9.571974703034431819e-02
1.396183324849749373e-03 1.216265901596138947e-02
3.638567071564483002e-02 -1.434606665984299034e-01
2.775783725908032018e-02 -1.823625174356951761e-01
1.915672770295717975e-01 -9.957407893087000250e-02
9.033037312850288048e-02 -1.836042618294804196e-01
-2.030126783926920059e-02 -4.225261811326704031e-02
1.703839605614718145e-02 3.819820107873688614e-02
8.945143506829894911e-03 7.641162437617693426e-02
-5.386212052690594887e-02 -5.429183107571382977e-02
-3.112360408835207481e-02 7.640112536363166673e-02
-3.691681886413086811e-02 1.120634640459444165e-01
4.219207167090085683e-03 -3.807186712202860219e-03
-5.691394596401849748e-02 7.772622759866637358e-03
-1.194600588687063231e-01 -1.198538393135273605e-01
-5.552643668076327060e-02 -1.219436286255251994e-01
-5.671558480026166405e-05 1.959239893793632559e-01
-1.618620146395299483e-02 -1.921217814325086037e-01
-1.929985839287854388e-01 -1.089651352704887055e-01
1.620688168474346824e-01 1.269048152125446839e-02
5.032530278662603745e-02 -1.271299518946387430e-01
3.273382941054545081e-02 1.087763149831708076e-01
-2.396710839004870925e-04 1.203137244022468204e-03
1.856298560223550997e-01 -6.877061712961871076e-02
1.327535951350524226e-02 1.775934421985700395e-01
-3.409310741585120513e-02 -1.641058546940862006e-01
-2.735168876156296100e-02 1.108683714341244381e-01
1.089462761830439635e-01 2.945219300410185578e-02
6.557059772558353206e-02 -7.544083682479538200e-02
2.086749051668376487e-01 -8.814545169704766925e-02
2.769824726596110953e-02 -5.921707575073106855e-02
1.327482461040785933e-01 6.405243781256357571e-02
-2.029283556678988520e-01 -1.022525551635130869e-01
5.170723088489049320e-04 -6.327428369404274056e-03
-3.573932019524905714e-03 1.537065692731285627e-01
1.717412278304417950e-01 -8.358057415700305415e-02
-6.388074926872409909e-02 7.386665293930541609e-02
2.582564784169668823e-02 1.970512972353800629e-01
1.022869333569051973e-03 1.341381777173490837e-02
7.215533413673967666e-02 -1.709435322898723297e-01
-1.719627006540448136e-03 3.498131308128065581e-02
1.036085876514446363e-01 -3.863380551408608643e-02
2.831485339557754215e-03 -1.110341762125786544e-02
1.905098625035357707e-02 -1.198824349530947242e-01
2.644820858479075137e-03 6.524685062006867209e-03
2.418354087793752032e-03 -4.727949606364611687e-03
1.520323006491528239e-01 2.536361369417538397e-02
6.159999988833291494e-03 -8.428088224717475777e-03
9.458210210027908141e-03 -2.123559561283049069e-02
-9.267509074543571132e-03 5.071395855276576714e-02
2.021387435572967739e-01 1.379593021048661043e-02
2.058161374077103686e-02 -3.018422923163920427e-02
-8.380738251670515060e-02 -1.902507845246191875e-01
-3.527985344764643892e-03 4.474732198517348755e-03
1.198096705885136753e-01 -2.315436775100701908e-02
7.184527589478599541e-02 -3.288288030201386852e-02
-1.079356854986261022e-02 7.551086172980485400e-02
-4.004014014759920553e-02 -2.629635581995509383e-02
1.858843018855182438e-01 -2.974722132931737276e-02
1.011726143178225956e-01 -1.592184698901431550e-01
1.079634107187729397e-01 -9.781333514958057140e-02
-8.384436522092146571e-02 1.944748287608727699e-01
-4.701436394655073188e-03 1.296857209181590843e-02
-1.722705777868691335e-01 -1.180011819404053058e-01
8.964912486203763242e-02 2.018449601342757194e-01
1.342011313079964673e-03 -7.800442444136635985e-04
-5.603211662690220363e-02 -1.560416279334685130e-01
-7.866115252043476280e-03 -6.640952685591140596e-03
1.758179544232009624e-03 6.009777151836946663e-03
9.862242036442792070e-02 1.077738212235950510e-01
4.372478580632450061e-03 -1.970110352766027070e-02
1.758374351183132622e-01 2.267012103966887376e-02
3.254839971050519504e-02 -9.825560942676846155e-02
6.806745993401820682e-02 2.117015221779417616e-03
-2.937365283313343386e-02 -1.470404925044961064e-01
8.623463816124719850e-02 6.238478842464624530e-02
2.489660162473552804e-02 -3.825462315001162267e-02
-3.706369370704797050e-02 5.530521857292090837e-02
2.054186188825872228e-01 -6.736890449070295772e-02
-2.874859722507239895e-02 3.336516688279649034e-02
-7.416385056563488433e-03 2.311335682668175934e-02
1.841186594646993524e-01 5.568629696689589986e-02
-1.896299798021002523e-03 -2.586858178567194924e-02
2.468042047888869064e-02 4.455816685627619206e-02
2.019859815752757248e-01 -3.526174332574959908e-02
-6.049614022060103430e-02 1.936604400602538467e-01
4.638148974543904179e-02 -3.834013679750030573e-02
1.246970149078324985e-01 -1.700475265868449937e-01
1.769470242038005958e-01 -7.766938718627479366e-02
-3.208208768769230806e-02 2.384897931718042360e-02
-4.213344487446599174e-02 -1.060410388227603640e-01
-1.126818936705096530e-01 -1.477931826378182101e-01
1.571862767035221709e-02 -2.149217636517701258e-01
1.915168196929307454e-01 -1.147489306237011869e-01
1.022170973801420340e-03 -2.631092775438186992e-03
1.796128152541910383e-01 -1.208334862501736495e-01
5.501838163667065185e-02 2.181796963107384413e-01
-1.276962508180955747e-01 3.386655208505041925e-02
-5.079985680418444560e-02 1.865836737687550650e-01
6.065203976099840409e-04 -6.281864189999834510e-04
1.446516635157672412e-02 -6.727581009733085704e-02
2.123882763532996543e-01 -1.333794789910504319e-02
1.180464977297716184e-01 3.900479311547660165e-03
-4.293056350914044306e-02 -1.178690671167316323e-01
2.954677520741369467e-02 2.263532787887861247e-02
1.670168206286956059e-01 -1.049978765713057739e-02
8.177850906926942276e-02 -4.114902075216286120e-02
1.304315236047873423e-02 1.962080969771979877e-01
1.046214319799435577e-01 -1.080614239939866189e-01
3.208387575859494162e-02 -7.510296564600907332e-02
2.178097748044521553e-01 -5.175295932222337414e-02
-1.702592206868418223e-01 -2.314180064890833735e-02
-1.999961083158294517e-01 -1.131350718064849104e-01
-1.330736885032322847e-01 -3.945833898678843409e-04
-4.789213807380860582e-03 -1.667766287269732348e-02
6.921233811694238458e-02 -4.180563075107731480e-02
-4.659011038771455893e-03 6.040600795223367153e-02
1.020081832243409925e-01 -7.111825301321338111e-02
-2.025692705460262200e-01 -8.768070507970427210e-03
-7.419318167587540813e-02 -9.492975706324960350e-02
-8.285248518032622966e-02 2.012420496156578364e-01
-1.339389798713585822e-01 1.434924200386856752e-01
2.226993727678520246e-02 -9.640503026435587319e-02
-1.974045255816168909e-01 -8.821494186764569992e-03
9.565322404532905498e-02 -5.433506190693330323e-02
1.755848110632395875e-01 4.547832163764511243e-02
-1.024553898782451927e-01 -1.675786257588650630e-01
2.303886343127505010e-02 -2.994917212975421045e-02
-4.211085108043783470e-02 -1.595953277620442146e-01
-1.131531886758191247e-01 -1.946375364655748563e-01
8.720466325220611881e-02 -1.706217739915218135e-01
3.419633646015067530e-02 -3.377042471858121564e-02
-3.679793239141797290e-02 -1.745901173412617025e-01
3.354745733760108786e-03 4.466309709822217401e-03
6.317804415142727614e-02 1.925838729332475519e-01
1.385780589801437028e-02 8.373288406072042223e-02
-2.887632621445660602e-02 -2.914683772599396816e-02
3.694485784011534296e-02 -1.324654205193438739e-02
5.864480534520318672e-02 -1.645999155530767089e-01
2.115678385750799362e-02 1.362463740384879940e-01
1.016427723799354782e-02 -1.330473363865899115e-02
-3.118951305656680884e-02 -1.269841937526061115e-01
2.831527004983504237e-02 1.830512013781404324e-01
3.281685325364518818e-02 -1.021148568354170345e-02
-2.065894207198808730e-01 -6.456899462774040588e-02
2.147931035160290658e-01 -4.350868394286674934e-02
-6.379232410201095271e-02 -9.595075229608956979e-02
4.622048576867246808e-03 -6.050734940092932640e-03
-3.537808601457459456e-02 -1.533865518136190986e-01
-2.798870757607820840e-03 -1.089930561663192271e-01
1.914162457652357485e-02 -2.922267217457764910e-02
1.221219094156736212e-01 -5.230807774196072346e-02
-2.992046515747026278e-02 -2.738375258393769759e-02
2.125607948319354346e-01 -5.100745520969865617e-03
7.983018652913789759e-02 -4.553819839685248339e-02
6.690476345586336346e-03 1.507032861655889597e-03
-2.539713158930301251e-02 -7.732033550376901307e-03
5.387256555995226237e-02 -1.042250470242983007e-01
4.714687518216981003e-03 2.860438087247845623e-02
-1.293441740728663164e-02 6.028792779828630322e-02
2.985050772683447637e-02 -1.865299776621771877e-01
3.197225627592784059e-02 -4.204410542998941736e-02
6.363614791668148474e-02 -7.667530748109745165e-02
-1.190404627285136935e-01 -1.760693040560416811e-01
-9.986839877516183808e-03 -1.427098522526962406e-02
2.455333586977316920e-02 1.787867534869247432e-01
-2.449758685537593156e-02 1.315336668931386260e-02
1.430554964793309680e-01 -6.613821239932719939e-04
-7.573236660373537654e-02 -1.912195950768517949e-01
5.545939076935195444e-02 1.802894617683710177e-01
6.045858398420840552e-02 1.850872271091866805e-01
-1.634271333429154066e-02 2.784211781238992225e-02
-1.676545040657916388e-02 -3.574973149110852871e-02
2.260619244432177360e-03 9.233967563385150207e-03
1.123774897810707156e-02 1.785854099558510655e-01
-9.619926716180587922e-02 2.168473608228448091e-01
-9.488930448936658268e-03 -1.255286837955519458e-02
-1.609833296082273379e-02 -6.096107239247207377e-02
1.610123435889115329e-01 4.052188355967367012e-02
-2.922613698366633220e-02 3.285442635863123489e-02
1.857734819741793109e-01 2.442850996531672342e-02
2.072161496924092572e-01 -6.415144296107040678e-02
2.027923543203009604e-01 -8.327127162803464600e-02
-2.805520989706652719e-03 -1.557519908107103668e-02
1.070147075298982231e-01 1.459188929804929868e-01
8.722979070896612341e-02 3.619368250648246493e-02
-5.969903170708263512e-02 -5.398273096986647146e-02
5.590163299621234497e-04 7.614126299512101459e-03
-4.712721314967822928e-02 6.007101792920367667e-02
3.837923482333161634e-02 -2.200458080739731495e-02
3.260573605954335263e-02 2.267686577806234949e-01
5.447078998331777305e-02 -1.400467871670026121e-01
3.970495782260421470e-04 5.284255912450676329e-02
8.239364594439888001e-02 -1.791479707990057887e-02
-8.976234686107974203e-02 2.011411484372504777e-01
2.055493437341630036e-01 -5.536918090545485394e-02
-1.121606946184233559e-02 -4.857936288292293014e-02
5.128896504414653945e-02 2.312813169028739013e-01
1.972790434888763850e-02 -4.353033646938200829e-02
-1.688477377586165840e-02 1.579351410398563416e-02
2.917698527615607273e-02 4.710794921599138763e-02
1.668732520300890074e-02 -2.018170392384452116e-01
-1.346214291816753839e-01 -2.150178201701469505e-01
1.578643941590484601e-01 -3.812737322868057447e-03
5.738701554535585725e-02 -1.598385323945515635e-01
-1.422730906318383538e-02 6.878798503340502468e-02
1.290420272012271219e-01 2.761635024490190216e-02
1.530751305893170156e-01 -4.714455743743375254e-02
-2.035850837469672658e-01 -1.082972941620745089e-01
-5.931243053562159501e-02 -1.494771540767297346e-01
3.420157584526725691e-02 3.187237396056310373e-02
2.023305192221820370e-01 -5.362654724606227136e-02
5.170543037340021714e-02 1.681791881692787094e-01
1.506394575166578736e-02 1.607523816956997129e-02
-6.197894862238849563e-03 -2.126022628951424343e-03
1.755392388712532711e-02 -1.414745044295362686e-01
1.612143112579417920e-02 2.182604226514142376e-01
8.625190485347299096e-02 -2.123824195776638779e-01
7.835290259169583327e-02 -2.074305292724787364e-01
1.577557334276674106e-01 -5.692020758589639434e-02
-1.758697013638090556e-01 2.687213489291455371e-02
2.820019250551662401e-02 -1.131535462899996465e-02
-2.732322132330559580e-02 -3.592474652157062742e-02
-3.994419496193894747e-02 -2.182801724005916169e-02
7.920948976561685562e-02 -6.766306577021663493e-02
-1.453905416447961660e-02 -1.881505771693245122e-01
-4.159481381793837459e-03 -3.748862707019900986e-02
6.867818398510872058e-02 4.993963276152184327e-02
-1.155528759781331363e-02 -1.774190917906887446e-02
-8.187310814117468305e-02 1.666887602238429633e-01
-1.952770990639779991e-01 -9.505094778582380555e-02
1.346575954459701407e-03 -3.351793223853621884e-02
-4.824509146197267229e-02 5.263941740137439984e-02
1.085534201371423924e-01 -9.126743698791706105e-02
3.632465026580351808e-02 2.179133074834331829e-01
1.140242018708338342e-02 1.634245254583725215e-01
1.456690758593645781e-02 -4.352536529490082587e-03
2.825185341629826881e-03 -5.928047129852606623e-03
6.670523329858245309e-02 -8.116428309818469675e-03
-4.326501964118866297e-03 2.833651266953017382e-03
-9.714919163684428149e-02 5.344008518810464126e-02
5.617998587340147787e-03 1.774924195662900550e-01
-1.686160982337587058e-02 -7.342643663051490188e-02
7.516595972128065073e-02 1.906159828247475929e-01
1.948661126538674959e-01 -2.684221253847462237e-03
1.443417469699982969e-01 -1.155739667804874804e-01
4.415759848946251842e-02 5.212084984986178199e-03
-3.826707217195635807e-02 1.259759106917682503e-01
1.345459253575227720e-02 4.734497994330664344e-02
-1.922935576930338841e-01 -8.089281345054102901e-02
7.783023259826321594e-02 -6.494566357139512636e-02
5.707152899003928651e-03 -3.252607581397177344e-02
-5.592391809498089422e-02 -3.456870053876435339e-02
-1.591570176043102802e-02 -6.892678656751080601e-02
1.443084213768356695e-02 -6.119446625104575481e-03
-2.452848674480461594e-03 1.915473585944602042e-01
-2.325088140826557168e-02 -1.195418782942357927e-01
-4.744716313481400771e-02 2.019216515074052087e-01
-5.983682112558316030e-02 -3.275022568335071715e-02
1.889660859445465857e-01 4.117837885215286375e-02
-3.781001594635360896e-03 4.647194589080009056e-03
1.124830197015128236e-01 2.819228619578017722e-02
-9.099545453503338210e-02 -1.329603045656933269e-01
4.906716886747291423e-02 1.410633155963046947e-01
-1.248341363300335509e-02 -4.184444875825784477e-02
2.008948129938041838e-01 -2.459988475331856272e-02
-3.713558765220849323e-02 -1.320038013392207388e-01
1.663148509820719378e-02 -1.055583440220169561e-02
1.002584175236499904e-02 -9.596012448659431426e-02
-1.429218027553130765e-01 1.604288791847894580e-01
3.589420762004115906e-03 -3.477062772317039696e-02
2.953771002530922174e-02 7.338305060823595294e-02
-3.745726160759190598e-02 -5.573386302662457908e-02
5.974212084211737162e-02 5.138210329586154201e-02
-5.113339612818022621e-03 -3.898716543535160443e-03
-1.521462783611801867e-03 -1.783775737031696338e-03
9.855726710919844591e-02 -5.014274749490472971e-02
1.912347228314317804e-02 -7.999435168031157617e-02
-4.577154502336458486e-02 9.197810408130863147e-02
-3.555259161351537883e-02 1.199844427112305156e-01
-1.124819266166591364e-01 -1.293632591994628989e-01
-1.616237626260509999e-02 5.090558914774760690e-02
-7.281011220640860176e-03 1.479054599956287352e-01
-2.313823968883715193e-02 4.860945307986740127e-02
4.266821724024854462e-03 -1.183565795877560868e-02
-4.630641438355930124e-03 1.022126778086657195e-01
3.979908035674533523e-03 1.950041247378011822e-01
-1.649465314106924874e-01 -1.740466517458596207e-01
9.774024016056846731e-02 -8.943872627001553388e-02
5.180735716228757753e-02 -8.188600249398572672e-02
5.276652056594268933e-03 1.181818040913205567e-02
2.419559011421817604e-02 -3.615300895402562276e-02
-3.726536786255270350e-02 7.242490775448282014e-02
-1.460416524822553616e-02 -1.775601638374690039e-01
5.216577091414204351e-03 1.121301624643312456e-01
-1.189140022573547534e-01 -5.419572395155673045e-02
-2.896532153962739359e-02 3.976591417179053262e-02
5.888751066734528722e-02 -1.978700987600379435e-01
1.547989388984516990e-01 3.646717638533666928e-02
-1.648443650877785480e-02 2.807741276144215536e-02
-1.284939126214781902e-02 -1.052778159397061708e-01
-1.079917836929071562e-01 -1.368962332263153336e-01
1.571680721175021667e-01 2.563268631469392891e-02
-5.386040667781436669e-02 -2.260052662116350808e-01
-9.005206832680498485e-02 1.918959312089128233e-01
-1.563090423712537591e-01 2.221470950192467805e-02
-8.521092371114775271e-03 -6.459229352897355447e-02
7.572982956728484434e-03 -1.699487980832702638e-01
1.406037493240008991e-02 -9.783692419062058054e-02
1.396453517544871126e-02 -2.278000980465097816e-02
-1.344802323073038264e-01 -1.692961724461218564e-01
-1.695701858776534239e-03 -8.385268481119673156e-02
9.439224945504381958e-02 -1.039546890169610639e-02
-4.835141420630556519e-02 3.956410506753842843e-02
2.681629816183152965e-02 -1.652106665939167066e-02
-6.137512888658522119e-03 -2.334571495361938490e-02
-2.825924945108372957e-02 -1.328028058826396518e-01
4.644036788391587948e-03 -3.441932239658356679e-02
1.307517654165893210e-02 1.211943796852610056e-01
-1.825938330835593926e-01 -8.849361271782081595e-02
9.268887238626071987e-03 -5.410587170184014832e-02
1.643582898209135501e-01 -1.881615350076108195e-01
-3.083591360127471356e-02 1.021959104268052032e-01
-4.666952435182218639e-02 -2.076094713114892687e-02
-5.261085718585321869e-03 -2.562376957621156220e-02
1.298921334615557761e-02 5.583688627408431304e-02
1.335581005267859507e-02 9.705544948948480188e-02
6.351412725931095127e-02 5.826429036224846369e-02
5.284540991679492067e-02 7.522590564172104005e-03
2.499041799390605209e-02 1.642120593582651333e-01
-9.909240974060659971e-03 2.519309077014130968e-02
-4.236735491199835474e-02 -1.571446450149590057e-01
7.430827271506856846e-02 -5.247333597798808924e-02
4.470019366544408096e-02 2.203612102863226063e-01
-2.338377556095530291e-03 1.220869172054809826e-01
9.830199131123898426e-02 -8.089746412174721527e-03
5.755471297999190279e-03 -8.880698732524108449e-03
-8.038512276806629095e-03 2.031455016972893643e-02
-4.885195935260713135e-02 -4.870748997111187112e-02
3.475206552296987439e-02 -7.554839772388537156e-02
-1.240532807062763240e-02 -9.185433583765968690e-02
-3.884247338842318487e-02 -5.868699707106792701e-02
8.363327839028779354e-02 -2.245819617731403817e-01
1.083008770513171348e-01 4.921607131531922918e-02
-5.306862863981702018e-03 1.759127095295953680e-02
3.194781031034205077e-02 -1.043054967200419784e-02
-5.382826357305055612e-03 -4.799558050581484957e-03
1.741597522910290907e-01 1.507177952645052249e-02
1.595727643314842070e-01 -6.801451279298820207e-02
-1.754192559399679885e-01 -8.349544848716305978e-02
1.038710713993729225e-02 -9.278807658416991094e-03
1.781082413063124134e-02 2.173871659334745184e-03
-1.532218063828317545e-01 -7.000363708688657483e-02
-1.059924572737077353e-01 -1.855703706145150900e-01
1.592089964880779029e-01 -2.859222199034056056e-02
-1.014006237213762734e-01 -6.716424796788138252e-02
3.525177061331907086e-02 9.991142380954157187e-02
2.698355363931994461e-02 -1.297876999996860348e-01
-4.262357029061137649e-03 3.867223301332891293e-03
2.336879287627872601e-02 -3.217095143783441080e-02
7.049395311813760889e-02 -1.335245117835659467e-01
5.124725069947561745e-03 -5.364027153366963604e-03
2.956102242141711578e-02 -2.624878638650772825e-02
1.687895073741271096e-02 -1.396276903371752691e-02
1.005849934922815533e-02 -1.286737655645334433e-01
-1.737783196565922672e-01 -2.637150540364588402e-02
-2.724357119889006876e-02 1.364704834232427222e-01
-7.690499024911849613e-02 1.757692050316437826e-01
-9.745124067064163398e-02 8.834331355043924250e-02
-2.768048969766677067e-02 -1.585022429083600137e-01
4.821055470380241487e-02 -2.917280523870633552e-02
2.108210625706112840e-01 -2.093116473364207974e-02
1.107100090790876096e-01 -2.993847069408789308e-02
-1.138055579103475212e-01 -1.648887058724451127e-01
-5.727743716249270034e-02 -2.317499669127349449e-01
1.656866443207598294e-01 -1.347420598669480107e-01
2.313843367766149628e-02 -4.642269971916666849e-02
-3.678812499120297924e-02 -2.563725264293300610e-01
-1.451021156870456463e-01 -1.653704965165811447e-02
-5.001607110574999432e-02 -1.419106182964067764e-01
1.102193286862186705e-01 1.368246159260869121e-01
1.563456674612895558e-01 -7.458285293133908034e-02
-1.003661808458610333e-01 -5.255865732351177287e-03
1.861878690927235014e-01 -2.495541397569802505e-02
-5.921120548022053981e-02 -2.766976295911032294e-02
2.431261092049869996e-02 -5.857693962015161210e-02
3.909536059355422921e-02 -3.295298280255307567e-03
1.283923434467713620e-01 -6.230615378955467465e-02
-5.188100881488257737e-02 1.166943382708895555e-01
-5.774853649211847406e-02 8.788533123905768740e-02
4.651899914528877245e-02 -1.195630922373221022e-01
1.267392352080978085e-03 -1.379300182266871488e-03
1.536671912286464714e-01 -6.290726948983255129e-02
1.786410493243910658e-01 -1.683613487359139627e-02
-4.973430655554145159e-05 -5.140560883736410187e-03
2.145986524922272390e-02 -1.015763269904499527e-01
-4.529979119231406642e-02 -7.945378073554053289e-02
-2.137825398213606676e-01 -1.301152627810327547e-02
-6.108693908914259590e-02 -1.379518428128553020e-01
1.851779261622930051e-01 -7.219583225582493213e-02
1.841196850751793401e-01 -9.674140351204639499e-02
3.268865531736387525e-02 -1.196839388405905313e-01
2.341883693238096004e-04 -1.733177631978546213e-02
-1.121947084501975639e-01 1.466373601114824565e-01
-8.263187096812835142e-02 1.897498142897634243e-01
-5.036099166972695697e-03 -1.117425643589990171e-02
1.996308290464526153e-02 -7.478514785108171525e-02
1.828342037923720298e-01 -1.413484218148699512e-01
9.868753988247055964e-02 -2.081949599468218837e-01
9.269564681337860712e-02 -1.773379437351774168e-01
6.304090923435148874e-02 1.157495216059390569e-01
7.242520464172703433e-03 -7.720415812715954174e-02
-7.628471857415167201e-02 -1.344846316364680383e-01
1.857542855148661479e-02 1.721192192718207226e-01
2.025318222686315062e-01 2.374672527758068738e-02
-5.573843778916037078e-02 -9.022071377639130640e-02
-8.579201976475352154e-02 -1.089803844789413306e-01
4.791765182135794554e-02 4.260319134289940191e-02
-7.015333826263137236e-03 -1.375689459845095197e-03
7.672471896494639787e-02 -1.445849381076309281e-01
2.177731227246668955e-01 -4.809960659115346954e-02
1.193019934009137001e-01 -4.771115999557216242e-02
-1.554387747680682601e-02 -8.537756517183564542e-02
-3.607766706836983833e-02 1.920526201994822990e-01
-1.156930687494813273e-03 -8.439743684770460155e-04
-4.732466172253099214e-03 -6.578602147158576358e-03
-1.341623065533785741e-01 -1.419251657713730963e-01
-3.481831523677171580e-02 -6.003624163700683330e-02
-5.537594858513537888e-03 2.298474054928360474e-03
-2.175740868171732040e-02 1.930724143884706978e-01
-4.966392572321079446e-02 7.195407832235178880e-02
-4.006095599188078810e-02 2.685900606665495016e-02
3.344949298130833054e-02 2.082632575078650350e-01
-3.157892411397696325e-04 -1.481852031612018966e-04
8.120652205611101834e-03 -2.173967641631311190e-02
1.258390051875629967e-01 -1.674552286242713683e-01
-1.384541760300595122e-02 -1.300533196191313023e-01
-2.325050523863228177e-02 -9.548920733777747916e-02
1.077297132255176787e-01 -1.429859708846867583e-01
7.717594034408480769e-03 -1.768250305361795394e-01
1.115041352252891665e-01 -2.199331596071073605e-02
2.362576059415832236e-02 2.099715602059270825e-01
1.952714784486500946e-02 -4.599065961760733824e-03
5.527430856233617185e-02 -1.041294088470383072e-01
-1.209392961892665451e-03 6.556285419777359812e-03
1.023242129483657205e-02 -5.776169399498689433e-02
-2.560287276268156248e-02 5.181643246554810955e-02
1.725496383015522883e-01 -1.950701349175764168e-02
4.362176930630214111e-03 -1.078857881992866252e-01
-8.574434911974562756e-02 1.593677232047326364e-01
2.003067873220210418e-03 -9.328732790935609495e-04
9.677520817326218383e-02 -1.090542621706881710e-01
6.847377037003239686e-02 -1.429020597535730630e-01
-5.242210268604966666e-02 -1.103691285432349817e-01
9.337469541526174921e-02 -1.354308382735164296e-01
4.398768452165094378e-02 -1.666547936241303263e-01
4.918994523782869999e-02 -5.789397413087610071e-03
2.150356738894237951e-01 1.466354101020829644e-02
1.647580619901177490e-01 -8.379028451041357906e-02
1.092167455230977705e-02 -2.852507486736871947e-02
9.284119578485280910e-02 -1.766087886633963822e-01
-1.176067132569726809e-01 -1.718085132758796763e-01
-7.922506285106317714e-02 2.261352893297245703e-01
2.631311814123759446e-02 2.142951966177385481e-01
-2.755005667275716927e-02 -1.001946002610194647e-01
1.922936791469065099e-01 -1.189934195951810741e-01
1.621574722704480220e-03 -3.429926102633889910e-03
1.833085621342467331e-01 9.011604752793235529e-02
-2.280482687929202834e-02 -7.317790826992386088e-02
5.031222034899834016e-03 1.676797436986978774e-03
-1.925956539588928040e-01 -8.714527230848928552e-02
7.914466713481843607e-02 -1.667966517473640220e-01
-1.941538624429833609e-03 -3.286505525934584407e-03
1.561825819000948190e-01 1.399060221286226313e-01
-1.137659858770410752e-02 -5.911512534581291403e-03
1.893522147953918544e-01 -9.268211145401755724e-02
5.932273555934250951e-03 -4.005789940275289104e-03
-2.805402951724189284e-02 -1.265473376676250761e-01
2.242317832685940954e-02 -1.164405266668390362e-03
-7.992563577815157971e-02 -9.567260268545116353e-02
4.051629330781392896e-02 1.132230111577075399e-01
-3.089880309126707969e-02 3.425455334976541116e-02
1.741784966720385519e-01 2.923918315381817540e-02
-2.957492214239606024e-02 -3.112840151632102065e-02
6.105730434422049213e-02 1.915405571775928295e-01
1.582711701682410765e-01 4.452871766588172020e-02
-4.882970293044739882e-03 1.654542153457298423e-02
1.480686670106960874e-02 6.408956221296462086e-02
-8.538580379286248023e-02 2.123197223896365060e-01
-2.699757987474955129e-02 -6.133033264989627698e-02
1.687313444640113347e-01 -7.216099523669178284e-02
-1.552731589178603724e-02 -6.520199871702143934e-02
7.960406640804737477e-02 2.862495043529608707e-02
1.915816220814170467e-01 -3.795221312831505156e-02
-3.910685822683002133e-02 5.960996553381947560e-03
-2.395735665619199914e-02 -1.115055589345738951e-01
1.309800666468091679e-01 -1.876124420494434675e-01
7.475611362808540217e-02 1.607257259443757580e-01
-1.537452185943748856e-02 -6.542226206247617193e-02
4.383831987434489569e-02 2.024518381460662375e-01
8.800049650006189217e-02 5.840390833627582406e-02
1.563273819060211345e-01 -1.055108859212861572e-01
7.714454789172822940e-04 3.738243590089480178e-02
-6.081681218153523610e-02 -9.741553323208795856e-02
-1.464749560414619310e-02 -7.228360966855072733e-02
-1.961465873381474517e-02 -1.179772960121210912e-01
1.515554187657023044e-01 -1.984900398105736985e-01
4.198309172758547120e-02 -7.788201243262847517e-02
1.857575715168645614e-01 -1.769874076164506052e-02
1.008308903522989186e-01 1.495648977522686940e-01
-4.675879632192508385e-03 -1.411288939400883770e-02
8.915036778663869288e-02 -1.180247979711947781e-01
1.954155564787780075e-01 -9.726278474494164106e-02
-1.627398225039746460e-01 -5.472750635915539508e-02
1.533429363784696332e-02 -1.556617986588363435e-05
-2.022534061342170369e-02 3.383594908286594732e-02
1.491222928506497625e-01 -6.271853691920044327e-02
-1.568830198784358643e-01 -1.128066942720759719e-01
-2.589565250439405161e-03 1.286368402135347651e-02
1.014305553535425897e-01 -2.032614496610283261e-01
3.202341197233652542e-02 5.733687533827111493e-02
-4.422828801705278035e-02 -1.070031154324992823e-01
-5.172186713082968512e-02 -1.187664223072326525e-01
2.627958708860709813e-01 -9.915369334050527089e-03
-1.948812673981969723e-01 -1.058997812214524659e-01
-1.920596645240949321e-02 5.861439464498371943e-02
-7.157912322778864356e-02 -8.942832172159342896e-02
5.387084158970462805e-02 -2.855983091725345507e-02
2.031285251448704254e-01 3.912152715566896699e-02
-3.627604510072009181e-02 -4.991355054237420902e-02
-3.736804024326927792e-02 3.514509025480565003e-03
-8.050265637958682607e-02 -1.906943037040015332e-02
3.490479714152276008e-02 -1.719900733205891319e-01
1.996166054484800056e-01 -4.754749415476374613e-02
6.062820781221313349e-02 1.957231856432790351e-01
8.255152248394519339e-04 1.679878713301345139e-01
-1.948433468001864455e-01 -9.561592421155643007e-02
7.735424137654532684e-02 -7.605541366262325020e-02
-2.872908363620292616e-02 4.200654919359678857e-02
2.817256512321162504e-02 -1.739331868390722458e-01
-3.186915880665705525e-04 2.026806977267283372e-01
1.368876774757321890e-01 -5.218416780212704192e-02
1.210748690745915429e-01 8.385414225766830987e-02
-3.329800289123122786e-02 4.174306851179732103e-02
4.781058011147715919e-02 -3.095485742720523528e-02
1.791723020581563186e-01 -9.899852252334370717e-02
1.131087433058733244e-01 1.704654628574449882e-01
1.439354702711709288e-01 -1.050972815054767029e-01
5.145152430522653697e-02 1.989711995693158042e-01
-9.458947030188540050e-02 2.040517500102419779e-01
1.372530781989816373e-01 -7.443929445388855481e-02
-1.043144033373683000e-01 1.849239931043698548e-01
-1.258727693641545744e-03 7.003873725607710071e-03
-1.935115780970317334e-02 -1.781718595195405652e-01
-1.557760083140232454e-01 -7.092831939872970559e-02
6.855589343024345861e-02 -1.166857690254316515e-01
1.354523486821321157e-03 8.144310829598962317e-04
3.137407571090522485e-02 2.152626711773722168e-01
1.563882910231458728e-02 -9.579803079869272930e-02
8.072971439447155281e-04 -2.501547291571433809e-02
-1.452804909413172307e-01 -2.898240605104423356e-02
-1.214813616914146854e-01 -1.810201552558720617e-01
1.462145386962277263e-02 -1.670528182070561002e-02
2.149116290008427355e-01 -7.493447538748223419e-03
-1.887033879654818587e-03 -1.576739814765116404e-02
-1.136625729650733198e-02 -1.355963664070385377e-01
5.323060762128332957e-02 1.007265007487720826e-01
-6.651413237743403206e-02 9.549610996620537529e-02
-1.490188411409171200e-04 -2.724828807932543236e-03
-1.417695968554067917e-02 1.380244182491900395e-01
6.151397427903390093e-03 -1.475192569229724290e-02
2.045711677388630315e-02 -7.898874735210896503e-02
-1.014170874685552115e-01 1.898662480689928822e-01
-8.005982037823801412e-03 -3.846903309354924444e-02
1.649086782870556600e-01 5.075990860124471489e-03
5.013124311419157181e-02 -1.119439062032133586e-01
-5.607408906105246747e-03 -7.522749635008064983e-02
-8.733555678971612057e-03 -4.239010052336730089e-03
1.722037612883283580e-02 -8.833688324262714553e-02
1.149105317486748684e-01 -1.444007465623477759e-01
-7.766558163159900663e-02 2.653442396576574658e-02
-1.177301981082521515e-02 4.849150450094871952e-03
4.655542012534416574e-03 2.158096572482212649e-03
1.878920558539908248e-01 -3.086120974396892175e-02
9.328698547690963960e-02 9.797673784033161803e-02
-1.937060527368643648e-01 -9.769823061551267951e-02
3.914871932826370637e-02 4.210921145315731084e-02
1.689576535133481827e-01 -8.759466513210084626e-02
9.906584845340581091e-02 1.857129304712351048e-01
1.897481949047949770e-02 1.026036378246667630e-01
4.081870332951050007e-02 -2.876820865178371378e-02
1.622580554758694116e-01 -1.048006169266993415e-01
-2.617784214315680910e-02 -2.211200675773994373e-01
6.362104715185095544e-03 4.935615486252500905e-03
1.771633335509574247e-01 -1.040484598409293637e-01
-2.376734881989726877e-02 2.070858870402932095e-02
2.355193013447306148e-04 -1.118590706731802109e-01
-1.367696782910332309e-01 -6.254655148811677501e-02
2.098919606872918370e-02 1.272087889528513704e-01
1.083083042930004306e-02 -1.790375489864715758e-02
6.462455302703197513e-02 -2.166079549975758606e-02
2.151749005120837943e-01 -1.078711462601971566e-02
-9.831559414497371974e-02 2.141889379740606614e-01
6.442049702613619755e-02 -1.373249923864542643e-01
1.475075501191382144e-01 -4.850692239533556382e-02
-4.310959663855543945e-03 8.673772540457732119e-03
4.026811918768472692e-02 -1.732301173601575317e-01
-5.569002492604194915e-02 -1.758304312783248446e-01
-2.444816525037093319e-02 -6.737896491981927583e-02
-6.289324156754359796e-02 1.931925997428770025e-01
2.195811660419089428e-01 6.571706434853984147e-02
3.575091735322602797e-04 9.714449204671717075e-03
-7.046224690994340456e-02 -1.011371902716383803e-01
-1.030626592414030651e-01 -4.749843353765795945e-02
1.737488603450417224e-01 5.701075144794323125e-03
1.630054421234199136e-01 -1.934143475245527974e-02
1.952221749237990633e-01 -9.539238835897800861e-02
7.768323967519216722e-02 -8.839249562141766881e-02
-1.760683998994342914e-01 -1.776626844008447892e-01
1.824499372342404391e-01 4.143007513458837714e-03
-6.842945994883398164e-02 -8.834862378364818913e-02
-1.669544405702245299e-02 -7.348750093869911570e-02
1.251813054775135492e-01 -9.053434816015024089e-02
-4.621267139277016218e-03 -1.945590097894811799e-01
9.907624962810922427e-04 -6.137876575532680290e-02
1.341602958170427795e-01 -8.686541559619664898e-02
-6.025240169711189883e-05 8.544249576163195567e-03
9.784904933557163342e-02 1.086559407005181777e-02
1.779088714006689942e-01 1.795249501247794810e-02
-6.266542109223624535e-02 1.145091401945022430e-01
9.367170411334489744e-02 -8.825849151528082637e-02
2.062022595111182369e-02 -2.011038216137283896e-01
3.984714657026895007e-02 -4.871244596385897879e-02
3.002329610296499557e-02 -5.450434836306961711e-02
2.331201993826083341e-02 5.460374486294382324e-02
-4.456834536554645648e-02 -1.447894529342677594e-01
1.953501198311790588e-01 1.107069659848344406e-01
1.655006579571366709e-01 -6.078513296309050185e-02
-6.440156371688041115e-02 -8.188781080720046457e-02
2.660142770569350751e-02 1.831351833573464927e-02
2.518932806169280614e-01 -7.783992866576162906e-02
8.860954043924765830e-04 6.952458252860342636e-02
9.695696389365533741e-02 -8.317069432662096973e-02
4.252530567335571776e-02 1.147668923019759118e-01
-1.545063970039064517e-02 -2.172436917989911120e-01
-4.644066730144910324e-03 1.847136451181280101e-02
-2.587837906473089682e-03 -9.381646363464700433e-02
-1.216996817749073194e-02 3.430762869210540744e-02
-8.986461776927288925e-02 -1.166632730692453435e-01
-4.008745655214526055e-02 9.310879915088438041e-02
5.839814602476319644e-02 1.777456643856016316e-01
-1.160517528205453619e-01 -9.871542704111423150e-02
4.603146980567088958e-02 1.674729338999260964e-01
2.005987084523283837e-01 -6.170943067100363721e-02
1.112441564634839009e-02 -1.050595565831498671e-02
1.472350211238276918e-01 -7.978374391773104812e-02
-2.074878285106113718e-01 -6.881459692638608461e-02
2.393311716218968488e-01 -5.034865229363946065e-02
1.138702388449612107e-01 -5.315575829855544165e-02
-9.327414510359753608e-02 1.473946654919645327e-01
-1.658116068608229965e-01 -6.997916413155130799e-02
1.538911656646538284e-01 -4.391013959769436703e-02
-6.933414960375448854e-02 1.079650570934908294e-01
3.288474934216491924e-02 1.414333045769646836e-02
-1.163351991695179832e-01 -2.061097723871092857e-01
-1.551558462849136595e-03 -3.089188528110510708e-03
-2.927089610944975245e-02 8.396901063142830912e-02
-5.136413318329009249e-03 -1.662628957143350711e-02
-1.848564208928438202e-02 5.277206527260018543e-02
-5.678764743135639864e-02 -1.030486178242393802e-01
6.248923200767203534e-02 -8.252545713339097533e-02
3.847004183543582465e-03 8.441596763014987126e-02
-5.317676644480201498e-02 -7.259638038032650842e-02
2.128928092350859669e-01 -4.545506996847353820e-02
1.097400649573771064e-01 -2.934267872189369811e-02
3.610101320166457517e-02 -1.986328155852894878e-02
5.656722214740482479e-02 -1.662486923586745657e-01
-9.864709574288424432e-02 -1.205078279330241836e-01
1.813280408229931140e-01 -1.215868916118567900e-01
-6.021378105247440077e-03 -1.297748376972024907e-02
1.211799401692925937e-01 3.400762413183067850e-02
-1.990588150435447512e-02 -1.805318971930184035e-01
4.277334484473755555e-02 -8.233576473979322199e-03
-5.589844314519641644e-02 1.225608302164893915e-01
4.023721929825604254e-02 -1.485444827990423933e-01
1.993709852333947485e-01 1.016654269008999550e-01
5.594900506711668331e-02 2.062078531366966505e-01
1.181376691034937282e-01 1.476511018491513672e-02
3.656294613762535190e-03 -2.422437974260988666e-03
1.126386830816022977e-02 -1.958123530281027230e-02
-4.589997574623510407e-02 -1.305347897599923312e-01
-7.888563301424475482e-02 -1.643760220863177690e-01
-5.638213656667035584e-02 4.465791422289355599e-04
-6.459725964287671429e-02 -1.039159604133256809e-01
2.356027334077911636e-02 1.754239116717522251e-01
-3.837781786148425356e-02 2.513250046943223126e-02
1.151053774975627480e-03 -6.566143214915204970e-04
-5.406826823338593824e-02 -9.108537088540497040e-02
1.935995781751906897e-01 -7.375554288815963644e-02
-1.823531553663465185e-02 7.539277482842011990e-02
-5.706701832815849057e-02 1.861507311974477108e-01
-7.215279035285178388e-02 1.670518668183871569e-01
1.270065750023571804e-02 4.347216596839917867e-03
-4.430978693930725382e-02 1.139869290268106794e-01
-7.549785267055852955e-03 -7.394299007197305262e-03
-3.020941741533551828e-02 3.200762971633178827e-02
-6.533411354069511290e-02 -1.561385076392043103e-01
-6.092922448809312552e-02 -4.761670936728900488e-02
1.185828042941258244e-02 1.306614931388965506e-01
9.518887215307170191e-02 -1.577897675017537332e-02
-8.226167281690993649e-02 3.647705463364403489e-02
2.398587470022962853e-02 -1.067137245912050739e-02
6.125895825741312084e-02 -1.507427439141749703e-01
1.128700990975973432e-03 5.722542749354207975e-04
9.285400916841544949e-02 1.685569501977871310e-01
3.057695032879340427e-02 -6.622908013836772967e-02
8.003752853203209561e-02 -1.580995423513379405e-01
2.092833418366602666e-02 9.067700248099339055e-02
2.181659180436321399e-01 -6.377572540608462959e-02
-1.583071609991642537e-01 -1.374955271185037409e-01
-1.627403791675575626e-02 -2.935048550692896316e-02
-1.002489626770374821e-02 -1.547563726898130293e-02
-8.866057130806502540e-02 1.922830586804886166e-01
-6.701475174554664960e-02 -1.361298862797595544e-01
2.495448957677855184e-02 1.525399778367528270e-01
6.130945607867838154e-02 -1.690897278523976477e-01
1.030537121394525385e-01 5.133194622018338177e-02
2.975701186093895195e-02 1.686208214399165977e-03
3.762688206187795280e-03 2.847870647777293353e-03
1.684870703626810753e-02 8.199684939507415060e-03
-6.174558850100165738e-03 1.863055848850529717e-02
-3.494243308201930732e-03 -3.774175043563795379e-02
1.497185773857718505e-01 -1.448779523227919641e-01
2.047012313415766949e-01 3.868715075392081815e-02
3.942228405521027573e-02 5.990447768007631235e-02
-3.570131525427142766e-02 -3.938627635569369456e-02
-1.216703978967283682e-02 -8.268888681389149897e-02
5.913663280242475485e-03 1.396862985781573696e-01
1.352494806519280168e-01 -8.143245999639259214e-02
7.717585262739901086e-02 -8.651172842421876730e-02
-2.642575142636930177e-02 -3.240194658242361719e-02
3.397440649766594878e-02 1.169793635202063808e-01
7.969770734384631905e-02 -1.835915496574783146e-01
1.735099200929512142e-01 2.689279554613665732e-02
-5.587289734731958057e-02 1.309243058243965419e-01
2.448251139343553869e-03 -1.590039857247944888e-02
4.176885046998205647e-02 -7.622590116261114719e-03
1.484141088142097720e-01 -3.592583960642431462e-02
-1.322020343016675533e-03 -4.525419791458597588e-03
-5.235274577733967094e-02 -6.144207021271732433e-02
2.053958530289061446e-01 -1.154449152933790523e-01
1.931151526567622678e-01 -6.275742240075465883e-02
-1.039103802826219919e-01 1.090901045579892314e-02
1.223644932839430821e-01 -1.938480727985948671e-02
-2.014189809183325741e-01 -9.379321196547542316e-02
7.210300101251020111e-02 1.964491694194969162e-01
-6.828307429512608939e-02 -9.381140305662068191e-02
1.681544790536355638e-01 -1.308748471084860143e-01
1.536867183123906688e-01 -1.262421375805766743e-01
7.706400710558007627e-02 -1.795733697353352476e-01
9.831471697811582089e-02 -1.448947804315888210e-01
9.380068981293896921e-03 1.666808387323724383e-01
2.034324162290693794e-01 -5.559677196789169357e-02
2.653416925000508936e-02 1.021693187761362476e-01
8.293644691722017528e-03 -9.891979342412896177e-04
-1.466704799078053477e-02 3.081964890349813552e-02
4.687161347472507816e-03 -1.540531378986827703e-02
-1.837040699230340912e-01 -9.706185955498480844e-02
-9.003534142956867714e-02 2.029626191548556946e-01
1.433291995287435880e-02 9.980770894975157792e-02
-1.248769235172460419e-02 8.347270962323148635e-02
-5.375042682242778952e-02 8.936911970612290701e-02
4.902596901490133968e-02 1.759174664729400844e-02
-2.370276909684411286e-03 7.983174012659197474e-03
1.015843766832304762e-01 -2.242381393545951340e-01
-7.826723712686635415e-02 -9.008478327688577980e-03
-2.364814521762806029e-02 -2.330662030150675301e-01
2.922942973310212189e-02 -1.388145836496563479e-01
-1.642326930217377634e-01 -6.279436799406544652e-03
1.845370562478997447e-03 1.661735680778738951e-04
-3.269609099334387647e-02 -4.353000247123227362e-02
1.633600975526601582e-04 -5.823345035632642407e-03
-3.527471864780906685e-02 -8.974065553679961074e-03
1.641189143591127719e-02 -4.994609343280210362e-02
1.217569405284157358e-01 2.000353244218147086e-01
1.060618209298550968e-01 -1.928871432532086039e-01
-1.351051529666174866e-01 -1.671269253116734743e-01
1.767913878134605987e-01 -1.091497451568887028e-01
4.115834908432470379e-02 -1.140723380890201477e-01
4.754379318536716692e-02 1.815816904885467764e-01
-1.726086581362138578e-02 8.176945400832100197e-02
-1.603307039710789306e-01 -6.436920300726145516e-02
2.249943111655993387e-03 -5.687738160091902750e-02
-3.484905909171125051e-03 8.749957012354901004e-03
-2.559895081471116537e-02 -9.169772106890126950e-02
7.568113331179694703e-02 -2.487622807497344990e-01
-1.949685185108080213e-02 6.483985700602092062e-02
-2.237367237888730487e-01 -7.866358159788740256e-02
-1.280696270123145020e-01 -2.020046989665357229e-01
3.960653295371106136e-02 -2.725231419086020235e-02
2.135709671752364647e-01 5.213763072659704373e-02
-7.097548398593496455e-02 3.460079135088856006e-02
-1.428197342702409653e-02 1.419449627526120361e-01
5.567511983689511085e-02 -1.154599620787106345e-01
5.612838906327483751e-02 9.043649682343339602e-02
-1.288350967920123824e-01 -1.478824040021408347e-02
1.658372471228229950e-01 1.098738531455181570e-02
-1.166663971327469226e-02 -1.371807861550163876e-01
-2.708187560979323158e-02 -6.461919556176144719e-02
1.931966347104233095e-01 -5.014794639539709581e-02
-8.872145343544028673e-02 -1.085608085810608192e-01
1.844192308097130362e-01 -1.687288816493718799e-02
4.888911074275766044e-02 2.104544945406970624e-02
-7.657703780326376511e-03 1.848397209853569478e-02
-1.555658256399969352e-01 -1.292250716821576328e-01
1.278995376111313476e-01 -9.102200232735944627e-03
1.671263821429653379e-02 1.581494598929895079e-01
5.414806680142356804e-03 2.214036893597436384e-01
1.769407625819227059e-01 -8.284098754705045142e-02
-5.005512189951973057e-02 -1.095592268884660603e-01
-2.839020708924872363e-02 3.072745529301471393e-02
2.123445192219654623e-02 -9.315458726086649210e-02
6.072285411617997508e-02 2.350877622403959033e-01
-1.096216001994997427e-02 1.543482640617401258e-01
2.087088481505194881e-02 -8.243828699002835048e-02
1.028260468552046614e-01 -1.064141181297350858e-01
1.031948482868877970e-01 -6.466351947783460785e-02
5.806711000003109829e-02 -1.118879766948665255e-01
1.646886173647219703e-02 -8.975153071897815082e-02
1.540925496803517147e-01 7.916437639937159987e-02
2.157111598443764156e-01 -7.578957812518220989e-03
1.559722912670706285e-01 -2.638969480793180306e-02
1.676598345413126898e-02 -1.836628025960888311e-01
-3.659188589649850498e-02 3.405744720935910408e-02
-6.280973949982037938e-03 7.966380147107000875e-02
1.730592452562396411e-01 -4.728287652976769645e-02
2.168298174856869154e-01 5.089661168232891691e-02
3.210037239953106216e-03 -4.370126676994720051e-03
-1.097442888531697386e-01 -1.701499122014734078e-01
7.191444893582771107e-03 -9.082614952344431752e-03
1.509147225978212936e-01 -1.325315454055544032e-02
3.133752484268048644e-02 -2.257186148299124631e-02
2.048317807597809237e-01 -5.082937346895260305e-02
4.894023270197949554e-02 -1.283157718406551656e-02
-1.294584925304807961e-02 -1.136106514345233166e-02
-7.766194476285742665e-02 -4.346793616859885578e-02
-1.406631115911089192e-01 -5.744760078548690613e-02
-3.636559034203640933e-02 2.057479478056651045e-01
-1.120856799834799369e-02 -1.535144832261243764e-01
4.553022967332037707e-02 -4.672211725239034524e-02
7.187914128293809712e-02 -1.561374145543506231e-01
4.024346067782183511e-02 -5.203927333207757078e-02
-3.797844041736610221e-02 8.741697811644084937e-02
-3.839899131994635624e-03 -3.772225371536189892e-02
-5.039186962998419561e-02 3.932704060303632981e-02
-7.736994941073900567e-02 9.172365821814547349e-02
-4.824167388494556702e-02 1.515626925031854644e-01
-5.080306858437181466e-02 3.548334266380327728e-02
2.050237048682882757e-01 -1.897881228654226329e-02
7.035928101570129711e-02 1.740039134775680507e-01
2.307878633132465565e-02 1.201860561397989358e-01
-3.125435255595864631e-02 -4.671230310473797886e-02
