4.287835210561752319e-02 6.649596691131591797e+00
-2.699899077415466309e-01 6.465318679809570312e+00
-2.294383347034454346e-01 6.996167659759521484e+00
4.025059342384338379e-01 6.511785507202148438e+00
2.989866435527801514e-01 6.576565265655517578e+00
-6.108256988227367401e-03 7.132053852081298828e+00
6.278367638587951660e-01 6.582138538360595703e+00
3.779101669788360596e-01 6.678913116455078125e+00
1.168338179588317871e+00 7.263751506805419922e+00
9.120432734489440918e-01 7.030940055847167969e+00
4.384743869304656982e-01 7.616794586181640625e+00
7.585914134979248047e-01 7.304841995239257812e+00
5.436646342277526855e-01 7.840589523315429688e+00
4.840137958526611328e-01 7.816192626953125000e+00
1.296055197715759277e+00 8.108776092529296875e+00
1.424841642379760742e+00 7.794147491455078125e+00
1.070925235748291016e+00 8.176225662231445312e+00
1.099328279495239258e+00 8.372586250305175781e+00
1.343804240226745605e+00 8.348986625671386719e+00
1.041980862617492676e+00 8.577447891235351562e+00
1.509053826332092285e+00 9.113102912902832031e+00
1.387791991233825684e+00 8.872531890869140625e+00
1.724918842315673828e+00 8.974039077758789062e+00
1.608175873756408691e+00 9.075314521789550781e+00
1.899453163146972656e+00 8.618467330932617188e+00
2.107076168060302734e+00 8.314768791198730469e+00
2.363296985626220703e+00 8.771464347839355469e+00
2.402242660522460938e+00 8.725016593933105469e+00
2.633944749832153320e+00 8.212669372558593750e+00
2.436978816986083984e+00 8.435165405273437500e+00
2.819591999053955078e+00 7.978158950805664062e+00
2.986361742019653320e+00 8.086242675781250000e+00
2.518391132354736328e+00 7.777381420135498047e+00
2.553320884704589844e+00 7.555690765380859375e+00
2.945431470870971680e+00 7.370030879974365234e+00
2.905618906021118164e+00 7.549410343170166016e+00
3.515157222747802734e+00 7.794456481933593750e+00
3.419701576232910156e+00 7.678448200225830078e+00
4.158000469207763672e+00 8.099230766296386719e+00
3.817803382873535156e+00 7.690441608428955078e+00
4.170208930969238281e+00 8.248017311096191406e+00
4.132129192352294922e+00 7.923984050750732422e+00
3.700540781021118164e+00 8.605504989624023438e+00
3.624104499816894531e+00 8.548134803771972656e+00
4.293347358703613281e+00 8.571308135986328125e+00
4.000566482543945312e+00 8.956850051879882812e+00
4.123167514801025391e+00 9.152309417724609375e+00
4.253172874450683594e+00 8.939341545104980469e+00
3.755429506301879883e+00 9.457794189453125000e+00
3.969470739364624023e+00 9.306854248046875000e+00
4.183172702789306641e+00 9.755008697509765625e+00
4.091967105865478516e+00 9.947636604309082031e+00
4.029820442199707031e+00 1.023016929626464844e+01
4.284227848052978516e+00 9.988210678100585938e+00
4.518869876861572266e+00 1.006175994873046875e+01
4.445036411285400391e+00 1.065122699737548828e+01
4.838452816009521484e+00 1.074930667877197266e+01
4.699259281158447266e+00 1.062038516998291016e+01
5.156232357025146484e+00 1.039881134033203125e+01
5.033812046051025391e+00 1.023665523529052734e+01
5.304890632629394531e+00 9.612180709838867188e+00
5.499724388122558594e+00 1.049486255645751953e+01
5.398445606231689453e+00 1.010173511505126953e+01
5.732033729553222656e+00 9.737797737121582031e+00
5.908507347106933594e+00 9.919181823730468750e+00
6.148350715637207031e+00 9.668637275695800781e+00
6.060938835144042969e+00 1.002954959869384766e+01
5.930370330810546875e+00 9.463308334350585938e+00
6.782165050506591797e+00 9.491155624389648438e+00
6.430253505706787109e+00 9.836722373962402344e+00
7.178206920623779297e+00 9.768548965454101562e+00
7.138636589050292969e+00 9.786804199218750000e+00
7.075851917266845703e+00 9.113129615783691406e+00
7.579919338226318359e+00 9.236327171325683594e+00
7.034158229827880859e+00 8.885725975036621094e+00
7.483922004699707031e+00 8.934386253356933594e+00
7.424658775329589844e+00 8.370688438415527344e+00
7.673920154571533203e+00 8.625683784484863281e+00
7.539365768432617188e+00 8.125535964965820312e+00
7.375473499298095703e+00 8.301154136657714844e+00
7.179147243499755859e+00 7.736461639404296875e+00
6.963466167449951172e+00 8.096621513366699219e+00
6.574925422668457031e+00 7.552027225494384766e+00
6.650991439819335938e+00 7.681368827819824219e+00
6.859373569488525391e+00 7.745155811309814453e+00
6.432816028594970703e+00 7.454860687255859375e+00
6.628855705261230469e+00 7.068821907043457031e+00
7.012732982635498047e+00 7.137928009033203125e+00
6.752986907958984375e+00 6.657423019409179688e+00
6.221899032592773438e+00 6.750877857208251953e+00
7.030755043029785156e+00 6.552202701568603516e+00
6.695785045623779297e+00 6.450930118560791016e+00
6.348860740661621094e+00 5.966331958770751953e+00
6.981277942657470703e+00 5.897844791412353516e+00
6.490936279296875000e+00 5.760050296783447266e+00
6.923100948333740234e+00 5.838607311248779297e+00
6.841515541076660156e+00 5.227184772491455078e+00
6.850545406341552734e+00 5.489564895629882812e+00
7.358103752136230469e+00 5.415071487426757812e+00
6.586053371429443359e+00 5.261901855468750000e+00
7.677588462829589844e+00 5.052545547485351562e+00
7.708747386932373047e+00 5.219325542449951172e+00
7.736559391021728516e+00 4.641315937042236328e+00
7.325774669647216797e+00 4.610951423645019531e+00
8.156293869018554688e+00 4.596611976623535156e+00
8.335314750671386719e+00 4.189233779907226562e+00
8.162294387817382812e+00 4.259876728057861328e+00
7.915032386779785156e+00 4.371499061584472656e+00
8.125617027282714844e+00 3.822605371475219727e+00
7.723627567291259766e+00 3.753813028335571289e+00
7.686134815216064453e+00 4.039327144622802734e+00
7.804924011230468750e+00 3.750537157058715820e+00
7.360507965087890625e+00 4.073113441467285156e+00
7.046166419982910156e+00 3.944698810577392578e+00
7.202944755554199219e+00 2.920642137527465820e+00
7.381348609924316406e+00 3.193093538284301758e+00
6.812883377075195312e+00 3.255728960037231445e+00
7.073071956634521484e+00 2.926558017730712891e+00
6.709887027740478516e+00 3.227531909942626953e+00
6.525341987609863281e+00 3.147430896759033203e+00
6.692750453948974609e+00 3.414935827255249023e+00
6.372664928436279297e+00 3.398763179779052734e+00
6.059647083282470703e+00 4.305518627166748047e+00
6.400444507598876953e+00 3.734445810317993164e+00
5.796791076660156250e+00 4.437221050262451172e+00
5.469886302947998047e+00 4.528302192687988281e+00
5.132964611053466797e+00 3.964911460876464844e+00
5.166349411010742188e+00 4.463298797607421875e+00
5.079253196716308594e+00 4.087174892425537109e+00
4.953490734100341797e+00 4.419954776763916016e+00
5.152838230133056641e+00 3.779569625854492188e+00
5.423747539520263672e+00 3.647090435028076172e+00
4.599525451660156250e+00 3.831533908843994141e+00
4.339556217193603516e+00 3.922214508056640625e+00
4.172067165374755859e+00 3.450481414794921875e+00
4.371992111206054688e+00 3.334810733795166016e+00
4.516604423522949219e+00 2.899505615234375000e+00
4.500181198120117188e+00 3.042492866516113281e+00
4.673640251159667969e+00 3.193825006484985352e+00
4.129678726196289062e+00 2.921029329299926758e+00
4.743023872375488281e+00 2.778698444366455078e+00
4.139698982238769531e+00 2.899103403091430664e+00
4.842084407806396484e+00 2.049114704132080078e+00
4.700884819030761719e+00 1.889244079589843750e+00
4.943153381347656250e+00 1.455642819404602051e+00
4.424059391021728516e+00 1.781361460685729980e+00
4.640120506286621094e+00 1.422937631607055664e+00
4.443482398986816406e+00 1.027690529823303223e+00
4.014359474182128906e+00 9.928669333457946777e-01
3.795283555984497070e+00 1.398133993148803711e+00
3.460352659225463867e+00 1.046463608741760254e+00
3.849803209304809570e+00 8.794320225715637207e-01
3.203919172286987305e+00 1.146433591842651367e+00
3.622774839401245117e+00 1.582352519035339355e+00
3.157145500183105469e+00 1.711398720741271973e+00
2.826311826705932617e+00 1.467078208923339844e+00
1.994173526763916016e+00 1.931952357292175293e+00
2.299898862838745117e+00 1.770113110542297363e+00
1.805324554443359375e+00 2.405961275100708008e+00
1.821536660194396973e+00 2.116370916366577148e+00
9.637264013290405273e-01 2.650172472000122070e+00
8.779762387275695801e-01 2.539284944534301758e+00
2.280814796686172485e-01 2.796568393707275391e+00
2.073599994182586670e-01 2.540422677993774414e+00
4.655509889125823975e-01 2.984199047088623047e+00
4.277716279029846191e-01 3.063764572143554688e+00
7.983273863792419434e-01 3.526744127273559570e+00
9.815475940704345703e-01 3.286318063735961914e+00
6.413906216621398926e-01 3.970110416412353516e+00
3.626444935798645020e-01 4.066962242126464844e+00
9.407655000686645508e-01 4.339654922485351562e+00
8.371738791465759277e-01 4.366246700286865234e+00
3.540579676628112793e-01 4.470954418182373047e+00
6.019794940948486328e-01 4.578579425811767578e+00
5.028033852577209473e-01 4.886600017547607422e+00
3.127768933773040771e-01 5.019076347351074219e+00
-4.627521038055419922e-01 5.063320159912109375e+00
-9.084574878215789795e-02 4.874308109283447266e+00
-4.578069746494293213e-01 5.289811611175537109e+00
-4.676902890205383301e-01 4.989843368530273438e+00
-8.862462043762207031e-01 5.347316741943359375e+00
-8.258573412895202637e-01 5.060280799865722656e+00
-7.034805417060852051e-01 4.572633743286132812e+00
-9.977303743362426758e-01 4.886896610260009766e+00
-8.538931012153625488e-01 4.211228847503662109e+00
-1.044635295867919922e+00 4.175775051116943359e+00
-1.383640646934509277e+00 4.290781021118164062e+00
-1.235857963562011719e+00 4.021277427673339844e+00
-9.355975985527038574e-01 3.288404941558837891e+00
-8.650436997413635254e-01 3.365013122558593750e+00
-1.121353983879089355e+00 3.374814748764038086e+00
-1.469451189041137695e+00 3.468645334243774414e+00
-1.710705757141113281e+00 3.328106641769409180e+00
-1.747219085693359375e+00 3.079201459884643555e+00
-2.074763059616088867e+00 3.103465557098388672e+00
-1.959155082702636719e+00 3.356534957885742188e+00
-2.360885858535766602e+00 3.916706562042236328e+00
-2.517680883407592773e+00 3.985609531402587891e+00
-2.458877325057983398e+00 4.233923912048339844e+00
-2.839767456054687500e+00 4.459878921508789062e+00
-2.448578596115112305e+00 4.974035739898681641e+00
-2.282388210296630859e+00 4.901946067810058594e+00
-2.480041027069091797e+00 5.175261497497558594e+00
-2.163291931152343750e+00 5.220754623413085938e+00
-2.489750385284423828e+00 5.526740550994873047e+00
-2.417293310165405273e+00 5.711566448211669922e+00
-2.591956853866577148e+00 5.906362533569335938e+00
-1.888281702995300293e+00 5.787199974060058594e+00
-2.627823591232299805e+00 6.363092899322509766e+00
-1.976465702056884766e+00 5.860147953033447266e+00
-2.330911636352539062e+00 6.519295692443847656e+00
-2.405050039291381836e+00 6.534453392028808594e+00
-2.656154394149780273e+00 7.111502647399902344e+00
-2.187286376953125000e+00 7.095741748809814453e+00
-2.889818906784057617e+00 7.327802181243896484e+00
-2.252958774566650391e+00 7.533102035522460938e+00
-2.380259037017822266e+00 7.814178466796875000e+00
-1.816427588462829590e+00 7.401696681976318359e+00
-2.494768857955932617e+00 7.850513458251953125e+00
-2.269343614578247070e+00 7.442953586578369141e+00
-1.507738828659057617e+00 7.621668338775634766e+00
-1.747094750404357910e+00 7.553161621093750000e+00
-1.504623055458068848e+00 8.153745651245117188e+00
-1.751234531402587891e+00 8.174737930297851562e+00
-1.835510373115539551e+00 8.631278991699218750e+00
-1.652340054512023926e+00 8.627675056457519531e+00
-1.334673166275024414e+00 9.064143180847167969e+00
-1.940192222595214844e+00 9.100155830383300781e+00
-1.767191648483276367e+00 9.939958572387695312e+00
-1.752513289451599121e+00 9.450028419494628906e+00
-1.545604586601257324e+00 9.845780372619628906e+00
-1.830591320991516113e+00 1.008088684082031250e+01
-1.335523962974548340e+00 9.885912895202636719e+00
-1.289637565612792969e+00 1.036823272705078125e+01
-6.913685202598571777e-01 9.790678024291992188e+00
-1.227596044540405273e+00 9.932513236999511719e+00
-4.094475209712982178e-01 9.668626785278320312e+00
-7.489349842071533203e-01 9.518996238708496094e+00
-7.308719307184219360e-02 1.052643489837646484e+01
1.517626792192459106e-01 1.038733768463134766e+01
-1.293611619621515274e-02 1.005679035186767578e+01
1.006417050957679749e-01 1.020404052734375000e+01
4.632354676723480225e-01 9.556017875671386719e+00
6.128251552581787109e-01 9.691058158874511719e+00
1.302023053169250488e+00 9.993808746337890625e+00
9.353531002998352051e-01 1.004390621185302734e+01
9.442642927169799805e-01 1.036841583251953125e+01
1.364152193069458008e+00 1.041856956481933594e+01
1.259855628013610840e+00 1.049113273620605469e+01
1.231298446655273438e+00 1.020274925231933594e+01
2.185896158218383789e+00 1.009280109405517578e+01
1.614113092422485352e+00 1.026224899291992188e+01
2.597380399703979492e+00 1.008727359771728516e+01
2.544231414794921875e+00 9.900501251220703125e+00
2.338049173355102539e+00 1.029203987121582031e+01
2.447977304458618164e+00 1.069032382965087891e+01
2.276310920715332031e+00 1.134149932861328125e+01
2.317378520965576172e+00 1.119072723388671875e+01
2.760220289230346680e+00 1.096047973632812500e+01
2.826185464859008789e+00 1.118940067291259766e+01
2.379064798355102539e+00 1.150141811370849609e+01
2.711457729339599609e+00 1.181877613067626953e+01
3.073358058929443359e+00 1.148385715484619141e+01
2.771328449249267578e+00 1.165534305572509766e+01
3.054709911346435547e+00 1.181893157958984375e+01
3.064785718917846680e+00 1.195730018615722656e+01
3.665506601333618164e+00 1.173933696746826172e+01
3.357580900192260742e+00 1.229255580902099609e+01
4.058327674865722656e+00 1.232789516448974609e+01
3.977463245391845703e+00 1.215477371215820312e+01
4.312921047210693359e+00 1.218206882476806641e+01
4.294749736785888672e+00 1.262510013580322266e+01
5.036234378814697266e+00 1.218778800964355469e+01
4.758095264434814453e+00 1.212672138214111328e+01
5.275537490844726562e+00 1.243530941009521484e+01
4.958958625793457031e+00 1.208058166503906250e+01
5.661764144897460938e+00 1.179511165618896484e+01
5.783233642578125000e+00 1.216824722290039062e+01
6.511444091796875000e+00 1.161740303039550781e+01
6.078533172607421875e+00 1.180310440063476562e+01
6.524107456207275391e+00 1.136197090148925781e+01
6.899295806884765625e+00 1.136596298217773438e+01
6.950239658355712891e+00 1.095971488952636719e+01
6.892574310302734375e+00 1.104713058471679688e+01
7.430959701538085938e+00 1.115513992309570312e+01
7.400597095489501953e+00 1.077557182312011719e+01
7.654716968536376953e+00 1.121885681152343750e+01
7.781302452087402344e+00 1.103530788421630859e+01
8.091682434082031250e+00 1.142696857452392578e+01
7.803129196166992188e+00 1.169225788116455078e+01
8.424843788146972656e+00 1.122653388977050781e+01
8.133599281311035156e+00 1.130142021179199219e+01
8.622249603271484375e+00 1.090809535980224609e+01
8.485611915588378906e+00 1.074306488037109375e+01
9.175245285034179688e+00 1.021327114105224609e+01
9.310352325439453125e+00 1.042727756500244141e+01
9.014511108398437500e+00 1.002228546142578125e+01
9.352026939392089844e+00 1.013606548309326172e+01
9.144195556640625000e+00 9.415421485900878906e+00
8.908961296081542969e+00 9.746687889099121094e+00
9.524039268493652344e+00 9.491009712219238281e+00
9.357263565063476562e+00 9.377501487731933594e+00
9.276144981384277344e+00 9.010848999023437500e+00
8.970071792602539062e+00 8.772302627563476562e+00
9.374632835388183594e+00 8.497798919677734375e+00
9.598716735839843750e+00 8.880199432373046875e+00
1.024760723114013672e+01 8.523759841918945312e+00
1.011339664459228516e+01 8.698102951049804688e+00
1.034437465667724609e+01 8.503031730651855469e+00
1.018876934051513672e+01 8.066863059997558594e+00
9.914356231689453125e+00 8.143034934997558594e+00
9.705237388610839844e+00 7.989552974700927734e+00
9.580107688903808594e+00 7.760003089904785156e+00
9.330190658569335938e+00 7.542359352111816406e+00
9.783095359802246094e+00 7.561948299407958984e+00
9.723639488220214844e+00 7.223459243774414062e+00
1.038453483581542969e+01 7.371703147888183594e+00
1.023177337646484375e+01 7.436683177947998047e+00
1.002197170257568359e+01 6.922276973724365234e+00
1.050303554534912109e+01 7.248087882995605469e+00
1.018709373474121094e+01 6.541968345642089844e+00
9.750487327575683594e+00 6.687670707702636719e+00
9.425535202026367188e+00 6.151091575622558594e+00
1.006577205657958984e+01 6.049004554748535156e+00
1.024118518829345703e+01 6.003612995147705078e+00
9.858144760131835938e+00 5.961704254150390625e+00
9.669756889343261719e+00 5.632677555084228516e+00
9.573130607604980469e+00 5.740890502929687500e+00
9.739963531494140625e+00 5.074849605560302734e+00
9.602684020996093750e+00 4.877442359924316406e+00
9.146645545959472656e+00 4.463171482086181641e+00
9.310036659240722656e+00 4.539599418640136719e+00
9.220844268798828125e+00 4.107458591461181641e+00
9.102963447570800781e+00 4.077698707580566406e+00
9.323437690734863281e+00 3.717756986618041992e+00
9.495586395263671875e+00 3.808016300201416016e+00
9.727499008178710938e+00 3.136624813079833984e+00
9.314436912536621094e+00 3.527381420135498047e+00
9.580945014953613281e+00 3.074168205261230469e+00
9.398109436035156250e+00 2.706311225891113281e+00
9.134358406066894531e+00 3.176281213760375977e+00
9.101190567016601562e+00 2.738983392715454102e+00
8.744395256042480469e+00 2.715551614761352539e+00
8.535822868347167969e+00 2.759524106979370117e+00
8.395193099975585938e+00 2.423086881637573242e+00
8.260249137878417969e+00 2.092059135437011719e+00
7.746319293975830078e+00 2.121536970138549805e+00
7.714457988739013672e+00 2.096695184707641602e+00
7.111379146575927734e+00 1.350470423698425293e+00
6.798338890075683594e+00 1.554663300514221191e+00
6.840816497802734375e+00 8.220114707946777344e-01
6.608967304229736328e+00 1.082193493843078613e+00
6.814054012298583984e+00 1.046816587448120117e+00
6.380997180938720703e+00 7.022786140441894531e-01
6.198016166687011719e+00 1.166286826133728027e+00
6.727015018463134766e+00 1.234296441078186035e+00
6.170543670654296875e+00 1.765368819236755371e+00
6.457788944244384766e+00 1.884041786193847656e+00
5.656886577606201172e+00 2.068758249282836914e+00
5.885389804840087891e+00 1.849658966064453125e+00
