1.003097152709960938e+01 5.225022315979003906e+00
1.012411403656005859e+01 4.958496093750000000e+00
9.529770851135253906e+00 5.426124572753906250e+00
9.792497634887695312e+00 5.594330310821533203e+00
9.670933723449707031e+00 5.668303489685058594e+00
9.307731628417968750e+00 5.595452785491943359e+00
9.327293395996093750e+00 6.062983989715576172e+00
9.822249412536621094e+00 5.971978187561035156e+00
9.304961204528808594e+00 6.571669578552246094e+00
1.001740550994873047e+01 6.371348857879638672e+00
1.018468379974365234e+01 6.651706695556640625e+00
9.649485588073730469e+00 6.613898277282714844e+00
9.957238197326660156e+00 7.049364566802978516e+00
1.008994293212890625e+01 7.108121395111083984e+00
9.764078140258789062e+00 7.537146091461181641e+00
9.444758415222167969e+00 7.691836357116699219e+00
9.858069419860839844e+00 7.925668239593505859e+00
9.655954360961914062e+00 7.767279148101806641e+00
9.669588088989257812e+00 8.398915290832519531e+00
9.002654075622558594e+00 7.790735721588134766e+00
9.407469749450683594e+00 8.607520103454589844e+00
9.527976036071777344e+00 8.592061042785644531e+00
9.213479042053222656e+00 8.765520095825195312e+00
8.999396324157714844e+00 8.366453170776367188e+00
9.065845489501953125e+00 9.304971694946289062e+00
8.756501197814941406e+00 8.576269149780273438e+00
8.650379180908203125e+00 8.880488395690917969e+00
8.612985610961914062e+00 8.539794921875000000e+00
8.234284400939941406e+00 9.343573570251464844e+00
8.446676254272460938e+00 9.074361801147460938e+00
7.729367733001708984e+00 9.198045730590820312e+00
7.981579780578613281e+00 9.012809753417968750e+00
7.970245838165283203e+00 8.514610290527343750e+00
8.045234680175781250e+00 8.595438957214355469e+00
7.723805427551269531e+00 8.350647926330566406e+00
7.580642700195312500e+00 9.013096809387207031e+00
7.415303230285644531e+00 8.946448326110839844e+00
7.174165248870849609e+00 8.678164482116699219e+00
6.933052539825439453e+00 8.438949584960937500e+00
7.277723789215087891e+00 8.115677833557128906e+00
6.625205993652343750e+00 8.027358055114746094e+00
6.774001121520996094e+00 8.246086120605468750e+00
6.429225921630859375e+00 7.924088001251220703e+00
6.829805374145507812e+00 7.751868724822998047e+00
6.190187931060791016e+00 7.412577152252197266e+00
5.817330360412597656e+00 7.605379104614257812e+00
5.382981300354003906e+00 6.652123451232910156e+00
5.090528964996337891e+00 6.516498565673828125e+00
4.966938495635986328e+00 6.683473110198974609e+00
4.640585899353027344e+00 6.460609912872314453e+00
4.843867301940917969e+00 5.939856052398681641e+00
4.753837108612060547e+00 5.956815242767333984e+00
4.399583339691162109e+00 5.687163352966308594e+00
4.194624900817871094e+00 5.840726375579833984e+00
4.237992286682128906e+00 5.466581821441650391e+00
3.916538238525390625e+00 5.712901115417480469e+00
4.582525730133056641e+00 4.872877120971679688e+00
4.291411399841308594e+00 5.156916141510009766e+00
4.368865013122558594e+00 4.585491180419921875e+00
4.545999526977539062e+00 4.773680210113525391e+00
4.246584892272949219e+00 4.743442058563232422e+00
3.902050733566284180e+00 4.711502075195312500e+00
3.630110740661621094e+00 4.435920238494873047e+00
3.629040718078613281e+00 4.274046897888183594e+00
3.041458129882812500e+00 4.376618862152099609e+00
2.758907318115234375e+00 4.625123023986816406e+00
2.882760286331176758e+00 4.124140739440917969e+00
2.769544363021850586e+00 4.805119514465332031e+00
2.224552154541015625e+00 4.525277137756347656e+00
2.726918697357177734e+00 4.247131824493408203e+00
2.307209730148315430e+00 4.324983119964599609e+00
2.251161098480224609e+00 4.781382083892822266e+00
2.249558448791503906e+00 3.990649223327636719e+00
2.357917547225952148e+00 3.793519258499145508e+00
1.979032993316650391e+00 3.688476324081420898e+00
2.617293596267700195e+00 3.341828346252441406e+00
1.547353982925415039e+00 3.510573625564575195e+00
1.724295973777770996e+00 3.633273839950561523e+00
6.590570211410522461e-01 2.749402046203613281e+00
8.371344208717346191e-01 2.895498037338256836e+00
5.593372583389282227e-01 2.305622100830078125e+00
1.190467357635498047e+00 2.556470394134521484e+00
2.468148618936538696e-01 2.463964223861694336e+00
3.117055594921112061e-01 2.469497680664062500e+00
7.267208397388458252e-02 2.060925006866455078e+00
-4.045010805130004883e-01 2.002130270004272461e+00
2.169795781373977661e-01 1.322383999824523926e+00
-1.489354819059371948e-01 1.755110025405883789e+00
-8.136346936225891113e-01 8.111649751663208008e-01
-1.226687803864479065e-02 1.339685440063476562e+00
-5.303304195404052734e-01 1.346085190773010254e+00
-8.504776954650878906e-01 1.348130226135253906e+00
-4.553490579128265381e-01 8.262301087379455566e-01
-8.298574090003967285e-01 1.095337152481079102e+00
-2.740934193134307861e-01 8.355590701103210449e-01
7.292857021093368530e-02 6.839227080345153809e-01
-9.665052890777587891e-01 4.835291802883148193e-01
-1.291482686996459961e+00 1.987639814615249634e-01
-1.362197399139404297e+00 -4.500682651996612549e-01
-9.848710894584655762e-01 -6.711497437208890915e-03
-1.710015177726745605e+00 -6.350255012512207031e-01
-1.507855057716369629e+00 -4.766616523265838623e-01
-1.523899793624877930e+00 -9.115180969238281250e-01
-1.304544806480407715e+00 -9.278361797332763672e-01
-7.633590102195739746e-01 -8.637376427650451660e-01
-7.271576523780822754e-01 -6.891229748725891113e-01
-4.895333349704742432e-01 -9.942687749862670898e-01
-5.602330565452575684e-01 -7.042580246925354004e-01
-3.358085453510284424e-01 -1.411484956741333008e+00
-4.663619697093963623e-01 -1.489871501922607422e+00
2.669947147369384766e-01 -9.637434482574462891e-01
3.356507793068885803e-02 -1.325654983520507812e+00
2.460146546363830566e-01 -1.412132740020751953e+00
4.080172777175903320e-01 -8.307679295539855957e-01
5.739546418190002441e-01 -1.258801341056823730e+00
7.663519978523254395e-01 -1.173107147216796875e+00
6.008101105690002441e-01 -6.658728122711181641e-01
9.160910248756408691e-01 -5.975012183189392090e-01
1.056377053260803223e+00 -4.608865380287170410e-01
6.780749559402465820e-01 -3.878495693206787109e-01
1.642328381538391113e+00 -9.173492193222045898e-01
1.485895156860351562e+00 -1.198398470878601074e+00
1.925719141960144043e+00 -1.753971695899963379e+00
1.965787053108215332e+00 -1.614398360252380371e+00
1.981660246849060059e+00 -2.592619180679321289e+00
1.861656308174133301e+00 -2.057972192764282227e+00
2.305575847625732422e+00 -2.390006780624389648e+00
2.499599456787109375e+00 -2.579689979553222656e+00
2.469999551773071289e+00 -2.921402454376220703e+00
2.091681718826293945e+00 -2.720184564590454102e+00
3.338281869888305664e+00 -2.999497652053833008e+00
2.908675909042358398e+00 -2.561900138854980469e+00
3.294967889785766602e+00 -2.794816017150878906e+00
3.467471122741699219e+00 -2.837941646575927734e+00
3.668341159820556641e+00 -2.880308389663696289e+00
3.571654319763183594e+00 -3.090065479278564453e+00
4.172216415405273438e+00 -2.392255067825317383e+00
4.182351589202880859e+00 -2.765578746795654297e+00
4.356707096099853516e+00 -2.301844120025634766e+00
4.360589981079101562e+00 -1.987308979034423828e+00
4.698802471160888672e+00 -2.080721139907836914e+00
4.692532539367675781e+00 -2.743206501007080078e+00
4.949309825897216797e+00 -1.995581626892089844e+00
5.077078342437744141e+00 -2.804448604583740234e+00
5.135935783386230469e+00 -2.612804889678955078e+00
5.155875205993652344e+00 -1.891376852989196777e+00
5.521128654479980469e+00 -2.254953384399414062e+00
5.512302398681640625e+00 -2.421643733978271484e+00
6.040313720703125000e+00 -1.982626199722290039e+00
6.007291793823242188e+00 -2.480920791625976562e+00
6.055428028106689453e+00 -2.163460016250610352e+00
6.286313056945800781e+00 -1.879218101501464844e+00
6.353833198547363281e+00 -1.443123698234558105e+00
6.397115230560302734e+00 -1.724027037620544434e+00
5.768216133117675781e+00 -1.153190493583679199e+00
5.837809085845947266e+00 -1.472954630851745605e+00
5.670230388641357422e+00 -9.277349710464477539e-01
6.020306110382080078e+00 -5.556998252868652344e-01
6.543148517608642578e+00 -8.357246518135070801e-01
6.286134719848632812e+00 -6.372917294502258301e-01
6.861854076385498047e+00 -2.236008793115615845e-01
6.358972549438476562e+00 -3.093923330307006836e-01
6.451151847839355469e+00 -5.325798317790031433e-02
7.198953151702880859e+00 -4.773666262626647949e-01
6.813888072967529297e+00 1.458968967199325562e-01
7.100072383880615234e+00 -3.400973081588745117e-01
6.801382541656494141e+00 6.773399114608764648e-01
7.073654651641845703e+00 2.076975554227828979e-01
7.623110771179199219e+00 2.181129008531570435e-01
7.003606796264648438e+00 5.307169556617736816e-01
7.323693752288818359e+00 5.089988708496093750e-01
7.437252521514892578e+00 8.095267415046691895e-01
7.836966514587402344e+00 -2.064498141407966614e-02
7.885204792022705078e+00 8.819083869457244873e-02
7.886751651763916016e+00 4.546209275722503662e-01
8.129693984985351562e+00 4.094300568103790283e-01
8.739586830139160156e+00 1.298176944255828857e-01
8.587481498718261719e+00 5.402137637138366699e-01
8.769885063171386719e+00 -5.316154360771179199e-01
9.058824539184570312e+00 -2.807044386863708496e-01
9.281361579895019531e+00 -5.922369360923767090e-01
9.187761306762695312e+00 -1.040914729237556458e-01
9.371308326721191406e+00 -1.181870922446250916e-01
9.587294578552246094e+00 -4.808353781700134277e-01
9.365456581115722656e+00 4.774525165557861328e-01
9.718220710754394531e+00 4.781680703163146973e-01
1.009533977508544922e+01 2.464796788990497589e-02
1.015265178680419922e+01 5.362477526068687439e-02
1.037961864471435547e+01 7.077707052230834961e-01
1.006593036651611328e+01 8.346992731094360352e-01
1.058933353424072266e+01 7.595549821853637695e-01
1.075757122039794922e+01 1.074528336524963379e+00
1.092940235137939453e+01 1.183402538299560547e+00
1.089579105377197266e+01 1.047829508781433105e+00
1.112612152099609375e+01 1.503416061401367188e+00
1.085109901428222656e+01 1.599546551704406738e+00
1.109320354461669922e+01 2.032045364379882812e+00
1.120989418029785156e+01 1.960448503494262695e+00
1.086433315277099609e+01 2.157235145568847656e+00
1.106051826477050781e+01 2.410125494003295898e+00
1.037825965881347656e+01 2.399601697921752930e+00
1.058954429626464844e+01 2.533557653427124023e+00
9.954925537109375000e+00 2.072825670242309570e+00
1.022681713104248047e+01 1.919106483459472656e+00
9.496740341186523438e+00 1.904599905014038086e+00
1.011008930206298828e+01 2.371965169906616211e+00
9.095582008361816406e+00 2.138816833496093750e+00
9.377032279968261719e+00 2.009671449661254883e+00
8.936875343322753906e+00 2.612022161483764648e+00
9.173442840576171875e+00 1.960485577583312988e+00
8.701708793640136719e+00 2.209998846054077148e+00
8.577846527099609375e+00 2.246230125427246094e+00
8.729178428649902344e+00 2.264242172241210938e+00
8.319208145141601562e+00 2.007506847381591797e+00
7.915973663330078125e+00 2.544583082199096680e+00
8.077185630798339844e+00 2.684834003448486328e+00
8.187323570251464844e+00 2.893105030059814453e+00
8.109015464782714844e+00 2.718550682067871094e+00
8.678113937377929688e+00 3.230691671371459961e+00
8.331628799438476562e+00 3.228344440460205078e+00
8.845532417297363281e+00 3.434316158294677734e+00
8.545765876770019531e+00 3.600873708724975586e+00
8.749738693237304688e+00 4.029170989990234375e+00
8.605594635009765625e+00 3.995306253433227539e+00
8.000921249389648438e+00 3.810146808624267578e+00
8.390419960021972656e+00 3.957454681396484375e+00
7.928907394409179688e+00 4.273247718811035156e+00
8.166717529296875000e+00 4.772184848785400391e+00
7.733471393585205078e+00 4.619136810302734375e+00
7.983941078186035156e+00 4.894807338714599609e+00
7.524053096771240234e+00 4.652222156524658203e+00
7.789705753326416016e+00 4.861299991607666016e+00
7.109988689422607422e+00 4.820189476013183594e+00
7.026936531066894531e+00 4.509883403778076172e+00
6.795967578887939453e+00 4.808935165405273438e+00
6.765644073486328125e+00 5.094854354858398438e+00
6.524846553802490234e+00 5.191673278808593750e+00
6.262094974517822266e+00 5.026758670806884766e+00
6.257771968841552734e+00 5.343883514404296875e+00
6.671685218811035156e+00 5.433276653289794922e+00
6.547452926635742188e+00 5.592655658721923828e+00
7.065817356109619141e+00 5.752002239227294922e+00
6.212172508239746094e+00 5.894653320312500000e+00
7.041586875915527344e+00 5.894237518310546875e+00
6.469211101531982422e+00 6.333346843719482422e+00
6.808275222778320312e+00 6.323712348937988281e+00
6.300240993499755859e+00 6.442690372467041016e+00
6.746350765228271484e+00 6.314769744873046875e+00
6.130701065063476562e+00 6.929419040679931641e+00
6.647826194763183594e+00 6.807709693908691406e+00
6.080661296844482422e+00 6.855702400207519531e+00
6.283819675445556641e+00 7.173688888549804688e+00
5.811156272888183594e+00 7.334547042846679688e+00
5.298499107360839844e+00 7.935752868652343750e+00
5.595584392547607422e+00 8.110274314880371094e+00
5.741127967834472656e+00 8.490181922912597656e+00
5.599916458129882812e+00 8.583014488220214844e+00
5.854181289672851562e+00 8.410638809204101562e+00
5.394981384277343750e+00 8.644335746765136719e+00
5.053139686584472656e+00 8.536985397338867188e+00
4.388251304626464844e+00 8.555257797241210938e+00
4.491364479064941406e+00 8.441384315490722656e+00
4.006488800048828125e+00 7.987063884735107422e+00
4.140851974487304688e+00 8.516782760620117188e+00
3.514207839965820312e+00 8.583868980407714844e+00
3.384049415588378906e+00 8.510271072387695312e+00
3.200180292129516602e+00 8.221502304077148438e+00
3.295652627944946289e+00 8.805935859680175781e+00
2.979545116424560547e+00 9.311152458190917969e+00
2.893531322479248047e+00 8.828618049621582031e+00
3.209209442138671875e+00 9.184065818786621094e+00
2.921644449234008789e+00 9.492703437805175781e+00
2.550149202346801758e+00 9.045678138732910156e+00
2.633002996444702148e+00 9.166984558105468750e+00
3.052111148834228516e+00 8.561355590820312500e+00
2.342971324920654297e+00 9.077964782714843750e+00
2.276882886886596680e+00 8.508274078369140625e+00
2.642708778381347656e+00 8.224970817565917969e+00
2.560507059097290039e+00 7.605634689331054688e+00
2.769236803054809570e+00 7.915935993194580078e+00
2.316907405853271484e+00 7.366477489471435547e+00
2.197655200958251953e+00 7.481269359588623047e+00
1.879300236701965332e+00 7.320570945739746094e+00
1.750055789947509766e+00 7.722405910491943359e+00
1.560575723648071289e+00 7.509390354156494141e+00
1.760851502418518066e+00 7.504499435424804688e+00
1.005480051040649414e+00 6.731605052947998047e+00
1.104933142662048340e+00 6.976516246795654297e+00
7.914177775382995605e-01 6.659917831420898438e+00
9.361478686332702637e-01 6.564443111419677734e+00
1.931322216987609863e-01 6.617838382720947266e+00
4.485375285148620605e-01 6.131854534149169922e+00
2.296869456768035889e-01 6.510791301727294922e+00
7.857188582420349121e-03 6.157759189605712891e+00
-2.703526616096496582e-01 5.984815597534179688e+00
-3.989287912845611572e-01 6.241257190704345703e+00
-8.040229231119155884e-02 5.584055900573730469e+00
2.432876080274581909e-01 5.814093589782714844e+00
-2.654641270637512207e-01 5.307155132293701172e+00
3.197516500949859619e-01 5.341274738311767578e+00
-4.136747866868972778e-02 4.658026695251464844e+00
-2.853462696075439453e-01 4.800170898437500000e+00
-3.952220678329467773e-01 4.206787109375000000e+00
2.666310407221317291e-03 4.662817955017089844e+00
1.754291057586669922e-01 4.299676418304443359e+00
6.581689119338989258e-01 4.189721584320068359e+00
6.177949905395507812e-01 4.026496887207031250e+00
4.386528134346008301e-01 3.940116882324218750e+00
3.374666869640350342e-01 3.576144695281982422e+00
6.076096296310424805e-01 3.762475967407226562e+00
9.040270447731018066e-01 3.506216764450073242e+00
1.042095780372619629e+00 3.304769515991210938e+00
1.393635034561157227e+00 2.852377653121948242e+00
1.724193572998046875e+00 2.791279792785644531e+00
1.788560152053833008e+00 2.486318826675415039e+00
1.627048969268798828e+00 2.532910823822021484e+00
2.028429031372070312e+00 2.142167806625366211e+00
2.073027610778808594e+00 2.450475692749023438e+00
2.275808811187744141e+00 1.971628665924072266e+00
2.302494049072265625e+00 2.184530019760131836e+00
1.897232770919799805e+00 1.552133083343505859e+00
2.021008491516113281e+00 1.755686163902282715e+00
1.486832857131958008e+00 1.549034833908081055e+00
1.617937207221984863e+00 1.424974799156188965e+00
1.377908349037170410e+00 1.072000980377197266e+00
1.409829974174499512e+00 1.418545365333557129e+00
1.656243443489074707e+00 8.701838254928588867e-01
1.571625590324401855e+00 7.157455086708068848e-01
2.015547990798950195e+00 5.773955583572387695e-01
2.045261383056640625e+00 6.766435503959655762e-01
2.518359899520874023e+00 1.119245171546936035e+00
2.636968851089477539e+00 8.840434551239013672e-01
2.900486707687377930e+00 1.122049212455749512e+00
2.887905120849609375e+00 9.665395021438598633e-01
3.331501722335815430e+00 1.432893276214599609e+00
3.354761123657226562e+00 1.288901567459106445e+00
4.048155307769775391e+00 7.587528228759765625e-01
3.729096889495849609e+00 8.612856864929199219e-01
3.988891363143920898e+00 1.003052473068237305e+00
4.321557044982910156e+00 1.081104397773742676e+00
4.421155929565429688e+00 6.390436291694641113e-01
3.733438491821289062e+00 5.445246100425720215e-01
3.982672452926635742e+00 5.947132036089897156e-02
4.238443851470947266e+00 1.697071045637130737e-01
4.345572948455810547e+00 -1.654370576143264771e-01
4.358657836914062500e+00 -4.114371240139007568e-01
4.176818847656250000e+00 -7.529346942901611328e-01
4.170730113983154297e+00 -6.551295518875122070e-01
3.645328760147094727e+00 -9.153996109962463379e-01
3.505285978317260742e+00 -5.927541255950927734e-01
3.143812417984008789e+00 -5.283488631248474121e-01
2.999116182327270508e+00 -3.835586011409759521e-01
2.612597465515136719e+00 -6.781064867973327637e-01
2.953391313552856445e+00 -7.364723682403564453e-01
2.898229837417602539e+00 -1.134965538978576660e+00
2.964244604110717773e+00 -1.092268943786621094e+00
3.294004201889038086e+00 -1.368395924568176270e+00
2.896052837371826172e+00 -1.189978361129760742e+00
2.822151422500610352e+00 -1.301995038986206055e+00
2.916590213775634766e+00 -1.696308016777038574e+00
