-5.955583425665476188e-02 1.422844912061737438e-02
-5.180477024611504500e-02 2.276841407585163471e-02
-5.001983246180598253e-02 3.662193986055544553e-02
-4.327464993261782855e-02 3.365338427478108824e-02
-6.985393640681042404e-02 7.914823255773131838e-02
-6.576126171784317520e-02 1.089535641178134978e-01
-6.139460949114085297e-02 9.626063820400061755e-02
-7.435745926667941541e-02 1.138259807600804085e-01
-7.407590251299997486e-02 7.314218109738779283e-02
-7.207369696013379845e-02 9.286841093281715531e-02
-8.005457892015563348e-02 7.583370151552287775e-02
-7.732786796148663488e-02 8.845348984858154850e-02
-8.045270086477425420e-02 3.087793191577540772e-02
-8.698323314191420963e-02 7.814318034267195290e-02
-1.290755670821623347e-01 -7.789037689202355300e-03
-9.984449548027164723e-02 1.257770885969509977e-02
-1.210899921235147753e-01 8.683412967274437358e-03
-1.233156223996997314e-01 1.139570789586097539e-02
-3.836311879143992909e-02 -3.468346041094287017e-03
-8.053590546034945785e-02 -1.021981524267639866e-03
-7.626851038621945689e-02 2.832720840557037545e-02
-6.423139975913404187e-02 2.021754926608284458e-02
-6.842926618235131708e-02 2.215403430709881293e-03
-4.387997263097256906e-02 -2.590516710299309560e-03
-6.869749444931194660e-02 4.838756306516869138e-02
-7.316274597487991416e-02 1.609464573601714077e-02
-6.063595128586250771e-02 2.681595629432369579e-02
-8.274259696221862581e-02 1.768932018315038171e-02
-1.012441857949678559e-01 -5.692834338837740767e-03
-6.879142391341480645e-02 1.674224943334276863e-02
-1.104349116820424748e-01 -2.505265355797321389e-02
-1.031389063911558462e-01 -1.005593786174213689e-02
-4.744463169766321986e-02 9.775894866503908806e-03
-6.561029819048161404e-02 7.151575131059029374e-03
-8.114763528318529040e-02 4.895718330161918930e-03
-9.530111687787851116e-02 1.416448095499635643e-02
-1.318911716811373980e-01 7.966342582369370998e-03
-1.284484842509892866e-01 2.118653303020396825e-02
-4.509224413085839017e-02 4.909507082836764985e-02
-6.090142305313676202e-02 5.817788091091394276e-02
-9.023486503077494947e-02 8.017476230648146185e-02
-9.314668305073585397e-02 1.138807679286367724e-01
-5.084245072535332338e-02 4.374392199855292596e-02
-1.019805835279890271e-01 5.347138586048316190e-03
-5.008149466487423623e-02 3.533904405904123025e-02
-7.560922978560054297e-02 6.360585500845826468e-02
-1.827216930170917283e-02 6.376760131400474249e-03
-2.193816795224779598e-02 -3.068301495854082461e-03
-4.827280002276396892e-02 6.205017460814888502e-02
-4.978613688167260465e-02 1.429482748617424796e-02
-1.145008089454849637e-01 5.575178129955470942e-03
-8.421173253792109403e-02 1.913620918491341569e-02
-1.328970577952615362e-01 3.734867594635657428e-02
-1.399355735860329242e-01 3.820454593511221630e-02
-1.280532160942812470e-01 2.323163110802187181e-02
-1.265251701824243180e-01 2.381784825224787794e-02
-1.199516087135414771e-01 2.554259705516980644e-02
-1.121182481308526657e-01 1.317715720241569195e-02
-1.041432636903278919e-01 -2.225588581231711591e-02
-8.839333792937506540e-02 1.216705063246921670e-04
-9.996310372391954691e-02 -1.196967946395924298e-02
-8.279233440866046179e-02 -7.722414944891772826e-03
-1.132575395642520660e-01 -3.827650447524427735e-02
-1.426733105434474236e-01 -1.840594524279098865e-02
-9.689550409311166457e-02 -8.941602247688204552e-02
-8.856530644762403148e-02 -7.755132974698605852e-02
-5.893960137886908313e-02 -3.709415142069390908e-02
-7.282436826548054076e-02 -4.417180950701177916e-02
8.128644241529132605e-03 -6.002686214339848780e-02
-4.598883850699731803e-03 -5.562148920345465902e-02
-8.993684803611116940e-02 -1.217731222373865350e-02
-9.402917063436216916e-02 8.618592371498307383e-03
-7.061065811314944096e-02 -3.801817412690538384e-02
-8.331899726134307793e-02 -4.744944978114864348e-02
-2.566446908710182107e-02 -2.173612579078188292e-02
-2.319464305172608265e-02 -1.321779819989249774e-02
-3.676778649060002957e-02 -3.426699731967156742e-02
-3.145632662349647640e-02 -4.380910047601102586e-02
-4.461006052773687502e-02 1.163395749144259007e-03
-4.766255731992699585e-02 -2.380774880801881949e-03
-5.038973618862679221e-02 -1.877290252624956579e-02
-8.435856363213936615e-02 -3.501994794912872272e-02
-7.659209101999146785e-02 -4.613547039199456662e-02
-8.202058862083756730e-02 -3.898047280019048544e-02
-1.195782535711469724e-01 -4.778301403983516854e-02
-1.110626801635576782e-01 -6.685816791488857769e-02
-1.928099491003668411e-02 -3.648177300969656506e-02
-3.226152102936239580e-02 -4.138569713829459706e-02
-2.093574483562879798e-02 -6.580023260080411496e-02
-2.776356212936454543e-02 -8.521199446613052231e-02
-1.319499337685692275e-02 -5.981096567552568466e-02
-3.887551270456956337e-02 -6.192842997746288158e-02
-3.203180500087707966e-02 -5.412395936459627604e-02
-3.888763203764443628e-03 -7.846753928223776375e-02
5.038176781978551816e-02 -4.791048941020528001e-02
4.718197202334632051e-02 -3.513523912760781187e-02
4.412353138393331625e-02 -8.565857521195830923e-03
3.784502656803426235e-02 -3.799879755558058930e-02
4.957294595298777917e-02 -3.861971648283309827e-02
2.816910114288716585e-02 -3.845742351012192833e-02
4.146337020340672835e-02 -6.019640772158699193e-02
7.135990715731345413e-02 -5.882835461085419992e-02
9.467572037592536516e-02 -5.802430913258864453e-02
1.026116783402182125e-01 -5.140912683482787293e-02
1.100494557376634208e-01 -2.178709323834427530e-02
1.120592914669723827e-01 -4.688479819329249149e-02
7.743596907691824294e-02 -4.113948380664429055e-02
6.819555207112762418e-02 -4.951025527440628543e-02
1.128427859660635635e-01 4.655133817198906301e-03
1.593773836143270728e-01 3.525214019455918946e-02
1.108321441343253222e-01 -1.278846295000172530e-02
8.327543993352581886e-02 -6.773787583496561696e-03
9.127612699633630422e-02 1.746614794593733325e-02
1.145532704622050924e-01 1.011536127746007728e-02
1.069005046203131831e-01 -1.198881860568920196e-02
1.124189336025237518e-01 2.911537447671407822e-03
8.006571610544309381e-02 1.205663892171226527e-02
7.866697087635364516e-02 6.099667633200495776e-05
5.254757047084473998e-02 -1.718055373095256008e-02
4.356398511146267888e-02 -2.990438255427458475e-02
1.370135449353009904e-01 -3.057353559326602549e-02
1.112126522775866433e-01 -3.022712002343665161e-02
1.579359427531206450e-01 -2.180124635858270501e-02
1.481012058838578616e-01 -1.766581812784119576e-02
1.261652686116083444e-01 -2.055966562295599362e-02
1.229273867917713980e-01 -9.854857000587016400e-03
1.550981657045674700e-01 -6.408732516460212414e-02
1.101166680022850758e-01 -4.204679204847598314e-03
1.216764177425069815e-01 -2.337489960012449283e-02
1.161860633621441680e-01 -2.659887383666987085e-02
1.280692547529606318e-01 -3.874009907837995537e-02
1.203104910743893891e-01 -1.176395077371109217e-02
1.687231313375451847e-01 -6.129012657109589313e-02
1.601611004865022003e-01 -6.701016918330852945e-02
1.147834080729953909e-01 -4.307366172691435430e-02
8.910804502116666248e-02 -5.648523258921364643e-02
1.089738834583587473e-01 -1.228094503001479071e-02
4.195428658284557077e-02 -4.069788329134230859e-02
1.550870285192799958e-01 -7.245635007710066189e-02
1.652892647063934628e-01 -5.139612727496239292e-02
1.582321066387515629e-01 -5.872113835498578294e-02
1.603854193349293356e-01 -4.014227950833906822e-02
1.334646094987541054e-01 -4.445673428635843472e-02
1.338292364976038651e-01 2.705057958716664077e-03
1.045885009321068509e-01 -4.906375328571239980e-02
1.298238525096292728e-01 -3.412568849037118934e-02
1.161371227525864608e-01 -2.531585758306851425e-02
1.264390747367578616e-01 -3.314426109909444224e-02
1.278540439354299840e-01 -2.491868767321552686e-02
1.289499911485508798e-01 -1.960421650393358306e-02
1.096522510820160667e-01 -2.267778082944097578e-02
1.206235645799451223e-01 -3.129754992517514572e-02
1.417155682019968499e-01 -3.311816237475296437e-02
1.014243821173227006e-01 3.710354205071789840e-02
8.388180500571154607e-02 -5.284352356532317531e-03
4.663637966189308065e-02 1.801439604427328145e-02
8.823190433597788429e-02 -4.320349054575618741e-02
1.231789278118911590e-01 -5.247352486666442134e-02
6.132176840783189892e-02 -5.562027078426556165e-02
7.312615170425360023e-02 -4.307099788267962359e-02
6.621561625606377233e-02 -4.891789507373636714e-02
5.649831090621302426e-02 -4.582566299110924640e-02
4.420525812505481794e-02 -4.544998219687850644e-02
4.819579407690367107e-02 -5.229291159477719025e-02
9.142039153454407929e-02 -1.014056286539102014e-01
7.303741557821533115e-02 -9.549598982377356660e-02
8.191043981992465750e-02 -1.039485667897909610e-01
8.381546370233532162e-02 -1.060251607720085198e-01
4.618285438996467401e-02 -8.177209596507685474e-02
2.097982103397525930e-02 -9.145728693538822396e-02
5.586845304426327902e-02 -1.030101338444627396e-01
6.062784856661634914e-02 -9.872544926305619473e-02
4.572984798856546962e-02 -9.529766082953224082e-02
4.544147179364511902e-02 -9.436303602326653883e-02
4.659430945407468799e-02 -1.009374035945786729e-01
4.175704165738845786e-02 -1.204357334483749098e-01
3.782531875346984568e-02 -1.048802451526944235e-01
8.998892039993440506e-02 -1.068148539208146203e-01
8.654893850897425744e-02 -1.143584994373068459e-01
5.329234888946699639e-02 -1.216178317004332626e-01
7.184802997488527743e-02 -1.138415098137757347e-01
8.151024239318924169e-02 -1.116326501743381133e-01
1.692336767744145529e-02 -1.098298623172700716e-01
5.560443596757980861e-02 -1.149198339599941943e-01
3.554153791583389982e-02 -8.893376938217179006e-02
1.529751003805784534e-02 -8.177140104918953489e-02
-2.836067555470373966e-03 -7.364715330884084865e-02
3.317648434878950336e-02 -7.274620412647471446e-02
-8.237378193695461814e-02 -6.784364666578840408e-02
-7.512001363369934237e-02 -5.725341114214829025e-02
-1.252494250653906349e-01 -1.001211646588769403e-03
-1.117270475484717640e-01 -1.790736278292185540e-02
-5.724602186987978042e-02 -2.775246200625774290e-02
-5.479133341891617714e-02 -3.343639215619261668e-02
-6.722506960507616813e-02 -1.784978089430531642e-02
-6.949948760932361802e-02 -3.836131664290547832e-02
-6.779189396327334194e-02 6.335399895980291067e-03
-7.109265640536766018e-02 -9.326980361487876431e-03
-9.020023968849603946e-02 1.853676547496540400e-02
-7.211233428346883190e-02 2.372923721106932199e-02
-9.398779997520367857e-02 2.562510673485768678e-02
-8.911767192259234527e-02 2.222487866542486798e-02
-1.364219213454716251e-01 3.822895601384750097e-02
-9.471924990710713088e-02 6.553473766966694258e-02
-8.505053307609784785e-02 2.336369755602088309e-03
-6.522638959214499543e-02 3.249623581946384406e-03
-2.307930786190746583e-02 -7.250529995220353352e-02
-3.144572683982854028e-02 -6.929360256300082233e-02
-8.297841435219462103e-02 -1.690019223259930925e-02
-1.291912844757189816e-01 7.019731751059848923e-02
-1.080970293261923204e-01 -7.886614303520492197e-02
-1.009152404105457257e-01 -4.526708960088086237e-02
-1.256774561897995302e-01 -4.875159706912793323e-02
-1.236069774673903970e-01 -2.342682834799767952e-02
-1.234424491819083453e-01 -2.367507546681154804e-02
-1.301078136722788325e-01 -4.768127835393141251e-02
-1.345666441750479614e-01 -3.358824285950364613e-02
-1.269952298196983798e-01 -1.906408849774098024e-02
-1.280915939823516758e-01 -1.932885376719646262e-02
-1.333327237288857992e-01 -1.758663941163987263e-02
-1.146443322400795967e-01 -4.702357752876301644e-02
-1.265547087404080284e-01 -1.511276201664105319e-02
-1.144173356491000049e-01 -2.302079131142248034e-02
-1.211579548972947507e-01 8.189001855838259902e-02
-1.278607151279482490e-01 2.557915194722916799e-02
-1.215425213493380313e-01 1.435573454731161637e-02
-1.038421705346695700e-01 3.295493126559391472e-02
-1.153255165894668532e-01 5.862020877151132014e-02
-7.294126701604564111e-02 4.041877264158623417e-02
-9.679521383225353492e-02 5.812689724864750912e-02
-7.779622273845046565e-02 4.556231766645019166e-02
-9.599246553031097473e-02 4.642303585171304176e-02
-8.547737821072572129e-02 7.858137577012605512e-02
-8.700133801716519732e-02 5.443325252772497624e-02
-5.852458834541598987e-02 6.887909913453175992e-02
-4.874653344869565863e-02 9.431857067202317757e-02
-5.971578536282565880e-02 7.214257702288502661e-02
-4.174861464406155048e-02 8.267825701659789472e-02
-4.187441295075692432e-02 9.877780885877951444e-02
-3.403395032769969408e-02 7.920999668179637410e-02
-6.659276563920304981e-02 1.083244150700688191e-01
-6.852472909417885172e-02 1.148523622601079347e-01
-5.601785069449206900e-02 1.008668742647882005e-01
-5.658237719748850092e-02 8.066460388268124893e-02
-7.381599007282428626e-02 1.167667814053151704e-01
-6.852885689454954465e-02 1.156307236471781075e-01
-6.042460883343794831e-02 1.212316530435313955e-01
-6.324713479465073063e-02 1.151495175590714348e-01
-5.749829950084010821e-02 1.340713822549270684e-01
-7.712255737896402119e-02 1.067934597770303085e-01
-4.542932003116217227e-02 1.315012312128988337e-01
-3.472952175234077926e-02 1.540391231578358555e-01
-1.204711926897185925e-01 7.322768818093631799e-04
-1.344648436303280403e-01 -1.395876037210022451e-02
-1.489668023786496764e-01 1.670645663237316919e-02
-1.515020223154086021e-01 5.942973945251412565e-03
-9.816072355083872714e-02 1.010157530444878021e-02
-8.610393290582439574e-02 2.199757167868226365e-02
-1.589252620724910525e-01 -4.415306994191702666e-02
-1.480776065403244246e-01 -4.194201436827548618e-02
-1.584879283407372164e-01 -1.527145764144219320e-02
-1.421882685196427243e-01 3.168569287765184150e-02
-1.449731300397627265e-01 4.723277037470946516e-02
-1.638480647493613107e-01 3.991519026190782499e-02
-1.614677091344781101e-01 2.977406497792533385e-02
-1.529271280204904104e-01 3.130457784118224895e-02
-1.696646775060486056e-01 4.813633707358450781e-02
-1.590783659407855599e-01 4.865728308490076953e-02
-1.490883385345694867e-01 1.603036254186053847e-02
-1.196671008837272149e-01 2.662390007415858101e-02
-1.392709282347639188e-01 1.120607693214260847e-02
-1.281680161988666411e-01 5.735318021609092654e-03
-1.452114491269330676e-01 3.741094735901938275e-03
-1.457700873759776028e-01 6.247388798851123692e-03
-1.366313226661842739e-01 -4.795236040880264394e-02
-1.325808340043499456e-01 -4.294624658258780481e-02
-1.206263720401298950e-01 -3.826117463076997988e-02
-1.243585521633906593e-01 -4.597314730626161222e-02
-9.614582883387007284e-02 -5.175049731531530112e-02
-6.196438955824543071e-02 -3.897013708455973613e-02
-8.484691345556770459e-02 -4.007624396795327060e-02
-7.402152302843084675e-02 -3.806809688425050187e-02
-8.933469878697518352e-02 -3.460866893037683328e-02
-3.656307353574050900e-02 1.395290918032898383e-02
-2.893827574192696719e-02 2.152294181125592731e-02
-2.187021907678557767e-02 6.300596191956979279e-03
-3.042142545469039491e-02 -2.031957681665927037e-02
-2.971336407516786751e-02 -1.647955038045892037e-02
-2.796277598316906574e-02 -2.088105958806923956e-02
-3.950782593598783921e-02 -2.961410692259556013e-02
-5.082353511490046022e-02 -4.666942986149405503e-02
-2.484648591252290595e-02 -5.478132199736617663e-02
2.412757226322671724e-03 -6.682672528737361450e-02
1.254467255841187380e-02 -6.580307249039696327e-02
-1.473131805331813309e-02 -7.209654116173631888e-02
-2.524396390175260435e-02 -6.017809437156980412e-02
-2.312789406436263628e-02 -8.682129920907814824e-02
-2.750633669728649172e-02 -7.640623808231383762e-02
-2.322354460347975103e-02 -5.229899442517753350e-02
2.635379090152960291e-02 -8.018620525475934901e-02
2.322992624771164777e-02 -1.044936958739859784e-01
2.639529822747926913e-02 -8.672737437774788449e-02
1.689009973752912327e-02 -1.033219935636019438e-01
3.772265188027708327e-02 -1.152287657668614879e-01
6.532289951057609900e-02 -1.066065737310668560e-01
6.581454323531034378e-02 -1.055835556239339557e-01
2.016830752630729973e-02 -1.317772518033426266e-01
8.199033661587620814e-02 -1.103309522652992924e-01
4.675948169494565515e-02 -7.990112296114490475e-02
3.495387303017597619e-02 -4.361714617684271655e-02
-1.095918837388845136e-02 -1.198642253570971900e-01
-1.463136830124479523e-02 -1.202073748222561578e-01
-4.901704103976670113e-02 -1.254637834527661810e-01
-2.358431481915488140e-02 -9.701620634996668824e-02
-4.479778510553768939e-02 -1.312609570956988214e-01
-4.123227360869193003e-02 -8.086229355430624155e-02
-5.988065184070620606e-02 -9.425815931755208987e-02
-6.586903390642144529e-02 -8.621695402573824329e-02
-5.613141384879801604e-02 -4.467779166288773224e-02
-6.510130473242727034e-02 -4.320671032270077816e-02
-5.844581731320189905e-02 -9.532941848558278836e-03
-7.052349712978908669e-02 -1.567819770125673112e-02
-5.337465009438868008e-02 -4.188913590202295728e-03
-6.578471744542653543e-02 5.748932582034850872e-03
-7.716455346242109825e-02 1.860249525236078172e-02
-8.611601517671861605e-02 -1.050598450055793007e-03
-4.933369567852841781e-02 -1.009788298470081468e-02
-4.645768899062743124e-02 -7.077732210679184809e-03
-6.977529509222862858e-02 2.444144260566657317e-03
-5.939230665005044985e-02 1.554426077132768473e-02
-5.975711432703091630e-02 1.189801163030671308e-02
-4.173578186400902362e-02 3.787510252763750390e-02
-6.713375302470964145e-02 1.550352711839923445e-03
-7.704670499347666957e-02 6.625101063859131084e-03
-1.492598530411054225e-01 -4.208207234897868437e-02
-1.547247827655374441e-01 -4.397664006367146827e-02
-1.704493394638305070e-01 -2.622004275708327697e-02
-1.557868366144474492e-01 -8.878771196097472174e-03
-1.091850544981977644e-01 1.924115769860287872e-02
-8.477894141624257862e-02 8.241469047704803180e-03
-1.195980447756178761e-01 -2.043489347538755916e-03
-1.174262658479276883e-01 2.802920067645176222e-04
-1.266118400918909703e-01 -1.544265248666994075e-04
-5.937771804918930141e-02 1.454125392536333682e-02
-5.289120637712482753e-02 2.306544892272799699e-02
-5.222754317364321913e-02 1.762669667977133023e-02
9.898474554447846130e-03 8.056762142144678271e-03
-2.363647983842975461e-02 -1.968001792892252842e-05
4.502107547845158111e-03 3.346091805424245003e-02
-2.321144148510891764e-03 2.756666002907851368e-02
-2.644078047230440792e-02 4.050948696151707856e-02
2.268178122856565060e-02 5.537360807367477933e-02
1.573520280968679699e-02 3.212970938385540515e-02
2.495489279094493737e-02 3.562855296685790707e-02
8.136121536476702320e-04 4.114895319380217770e-02
1.372046560698593314e-02 3.665116107361728048e-02
-1.926332783179470279e-02 3.309229297265430664e-02
-3.363289120526399834e-02 3.233414437235999223e-02
2.351331294656103243e-03 7.717358273618368965e-03
2.092426337742882801e-03 3.683518406612497353e-02
