1.178190220897113935e-02 9.474960119005869374e-02
1.704644743853331312e-02 1.003639874755134637e-01
1.190101321538355045e-01 6.439490273017495214e-02
3.814992438667706709e-02 9.160320306545845226e-02
1.061186555655532215e-01 1.034989483525652065e-01
1.073451588150365898e-01 1.100985572602598550e-01
-1.101406443495370376e-02 9.939819685009855521e-02
6.308687228888422427e-02 1.158322193164357805e-01
5.663617407946956728e-02 9.837551441113547013e-02
7.007933366385868390e-02 8.274666284820528239e-02
8.479798415406267220e-02 4.885071510912236681e-02
7.778894443214660892e-02 5.836858868685081136e-02
1.008697969173440734e-01 5.695880071440083403e-02
1.000152646653588995e-01 5.667685557631906013e-02
1.494386914524668819e-01 -5.186385231377135113e-02
1.578331895167755239e-01 -4.220983302518771518e-02
1.263864320861406709e-01 -5.403803910071907496e-02
1.244701722174228753e-01 -6.003786629056208357e-02
1.360074447239401629e-01 -7.576003333707981291e-02
1.112988227844265016e-01 -7.100959521582464462e-02
1.199917084456688376e-01 -1.359147577227673952e-02
1.348226364699751934e-01 -1.844503879859360062e-04
1.376811670005848864e-01 -1.288333179590678279e-02
1.317092817991833975e-01 6.207534965928651963e-03
1.512076373079584701e-01 -6.749883582674857940e-02
1.469805665021219898e-01 -7.940335721964750237e-02
1.361428798533263762e-01 -6.951510366747092051e-02
1.505015854419692878e-01 -7.586397073967775240e-02
1.429445430263753813e-01 -1.740871942363023117e-02
1.473762273232553099e-01 1.272679154759133978e-02
1.565565775342207533e-01 -1.857484023426161923e-02
1.448550955953264163e-01 -1.591796762874471416e-02
1.460530963179983155e-01 -3.145562695948867643e-02
1.392105421539615306e-01 -2.590033500703574354e-02
1.275355244205333971e-01 1.747406177775571653e-02
1.292794328955005068e-01 2.217821018746000267e-02
1.021989183225546910e-01 9.927000908549554747e-02
1.025790199574190542e-01 9.344248799337333267e-02
1.238320304242538500e-01 -4.896538342430262723e-03
1.344960520944318283e-01 -1.052431031246948805e-02
1.055343254558995247e-01 1.850063118228417736e-02
1.076293687546131111e-01 7.929887484918988691e-03
1.357046067920692767e-01 4.512312645594052790e-02
1.183128110976085917e-01 2.716447076435629659e-02
1.013792753375961780e-01 5.545480832377662483e-02
1.155525503038562218e-01 6.701280942597463708e-02
1.283096222474324200e-01 8.187475390675162668e-02
1.184061322431998881e-01 4.603273868027808746e-02
1.290334754531703432e-01 6.494008574599183237e-02
1.333520782114172576e-01 8.423706642986099336e-02
1.014446714807571703e-01 7.033292348722615384e-02
1.299906824809201333e-01 3.544036966739034372e-02
1.923191973132938604e-01 4.084594974803451572e-02
2.003415318719772575e-01 5.964115799873744711e-02
1.850928498879562678e-01 2.972170625911342220e-02
1.579740035497117778e-01 9.115559902204297890e-03
1.473339434793482783e-01 -2.032930834619801896e-02
1.669689231382943395e-01 -1.018163027580311526e-02
1.559799590736566932e-01 -2.950004447481823291e-02
1.509656998882815127e-01 -2.709920484728126078e-02
1.431171209002755629e-01 -2.398881140444384524e-02
1.474337759292369820e-01 -1.136929713390474189e-02
1.540800170997085883e-01 -7.238713241498934484e-03
1.540980109475844073e-01 -3.398073624504273360e-02
1.394608253671466569e-01 -6.214132898883240747e-02
1.309876480989103087e-01 -8.926041313123385390e-02
1.570124141310696442e-01 -2.792802877129911890e-02
1.524287729778992795e-01 -2.582431411386250028e-02
1.320621831680957592e-01 -8.292933041276456807e-02
1.324863804880629659e-01 -6.603737640819581922e-02
1.173585369877945123e-01 -6.744615088197689068e-02
1.165486326492634478e-01 -6.619553882058187844e-02
1.251175996967203718e-01 -7.762852288026954317e-02
9.479672038515701837e-02 -8.836633744515030864e-02
1.991007660350806868e-02 -1.344495783677595035e-01
5.789354657332641124e-02 -1.211071571538570035e-01
2.858017269970944407e-02 -1.214119201669984077e-01
4.303023188764509149e-02 -1.142831064180323541e-01
2.637940846722080027e-02 -1.182027530689710865e-01
2.992179580917109227e-02 -1.210319430962162601e-01
1.074845630090423554e-02 -1.219936570789406094e-01
1.387089565669186349e-02 -1.378072484997977798e-01
-1.492418830335747251e-02 -1.566688777163380564e-01
-1.900448723282556485e-02 -1.603916225253229910e-01
-2.792132778987651762e-02 -1.631291107400456297e-01
-6.656772497422207627e-03 -1.358785095748438754e-01
1.211170826464077512e-02 -1.479637281550016670e-01
8.012065099405626598e-03 -1.531384372022726037e-01
2.877100204265544206e-02 -1.646290774460129058e-01
2.133740546353490170e-02 -1.451659622484961776e-01
-7.359081071190840505e-03 -1.379978541935961700e-01
-7.763743770515326055e-03 -1.449431624014498876e-01
-5.785467267116991587e-03 -1.378193765118021774e-01
-1.750736709923698953e-02 -1.391357697326122689e-01
-7.919298830180552737e-03 -1.480380136440295480e-01
1.359007442635186240e-02 -1.537943237151530029e-01
6.109219225290967240e-03 -1.696864244798257648e-01
-7.676946314854626342e-04 -1.719844845845290016e-01
4.502880596668968477e-02 -1.548334712609829300e-01
1.361991318604522869e-02 -1.387925390660824931e-01
8.803635515961435445e-04 -1.394951484337996483e-01
3.604861324982675669e-02 -1.360457878132463327e-01
-2.155127774618907643e-02 -1.267211470990501909e-01
-1.633974302661345829e-02 -1.368699717252017944e-01
2.852813888536749609e-02 -1.301276916473451950e-01
-3.385213798516879813e-02 -1.162970358512113583e-01
-5.941703890482044614e-02 -1.143275644713743489e-01
-2.659489300543905338e-02 -1.244532767982720195e-01
-1.000116523069747715e-01 -1.213626720584950053e-01
-1.015763017436322052e-01 -9.869985663319900959e-02
-5.435077987712574887e-02 -1.580394223408877197e-01
-6.304126484878364023e-02 -1.274022974726045643e-01
-8.522923066868227926e-02 -1.241879553031617345e-01
-9.652539807007191885e-02 -1.057201071225140898e-01
-1.382941015531173046e-01 -1.015256154861796378e-01
-1.377579437712569965e-01 -1.093074734221501781e-01
-1.295257527060698077e-01 -8.560786584457878712e-02
-1.346383608963546419e-01 -8.804196125106433790e-02
-1.087744976863900120e-01 -6.180513053094383036e-02
-1.164327201087620028e-01 -7.878980550870776089e-02
-1.197618537419663787e-01 -4.056664593469599261e-02
-1.391667748650754488e-01 -7.100906298747337864e-02
-9.306529662842973061e-02 -1.283578738432781252e-01
-1.122611256155394838e-01 -1.026665998312211309e-01
-1.125125865255018898e-01 -1.210762199654386723e-01
-1.120311236997398735e-01 -1.200457805813560513e-01
-9.402786557371835274e-02 -1.159347468801032316e-01
-9.801323676403481122e-02 -1.204334466532128861e-01
-1.124822721574946227e-01 -1.253391086069146620e-01
-1.081838601045734261e-01 -1.038493244678109356e-01
-1.043999090351928061e-01 -1.047666483412381250e-01
-1.008046046063176132e-01 -9.384321630785115442e-02
-1.229878256670847575e-01 -4.078287219540378122e-02
-1.082436508640349099e-01 -3.913195646981121323e-02
-5.211391470881074350e-02 -1.105508267947545031e-01
-8.004369020826268555e-02 -9.582013888460591544e-02
-1.136891056059960575e-01 -7.618806949558061536e-02
-7.083806481261581411e-02 -7.393626796140771729e-02
-6.227481072692939851e-02 -6.129436117383971205e-02
-7.755520559388065505e-02 -9.717845358108388731e-02
-1.427096717873620538e-02 -9.664382454023254243e-02
-3.074833794568298737e-02 -1.434461286134182945e-01
-1.520333612849303906e-01 -7.177143480463332725e-02
-1.509879175909450422e-01 -6.983280435915110995e-02
-5.704806786531651380e-02 -1.373597010764196664e-02
-1.123715233644012185e-01 -3.661130884320182299e-02
-1.501395229510106566e-01 -2.632010747108256762e-02
-1.381280463075220122e-01 4.617901937782230119e-03
-1.559584094874341131e-01 -2.187210527943295180e-02
-1.710711127897101280e-01 -1.927663144243879634e-02
-1.489887773115267655e-01 -6.264067242239550366e-03
-1.411833767640182646e-01 -1.648767561374790691e-02
-1.398328529846822321e-01 2.087768756312437593e-02
-1.439805651461425751e-01 1.533986289219972654e-02
-1.344358083746714227e-01 2.752213954041513033e-02
-1.617548065450147010e-01 2.487374861649607402e-02
-1.861064051768955008e-01 3.417749653690311824e-03
-1.859150294505889089e-01 -1.508148301367085537e-03
-1.911181730806264523e-01 -5.306050547955388184e-03
-1.790024023283044718e-01 1.024217974376533113e-02
-6.401538428169549488e-02 9.487055291388596379e-02
-8.870788649657022906e-02 8.574787021098066730e-02
-1.130393453811589649e-01 4.222310759294883170e-02
-9.417715562624871806e-02 7.152123652150424449e-02
-1.337302547650110751e-01 7.952242349623038498e-02
-9.107579874137536335e-02 7.828923908233750839e-02
-9.230857549099920345e-02 1.150269578209689447e-01
-1.283386343545802055e-01 8.406556999867456637e-02
-1.358232484183719002e-01 2.192856678069713891e-02
-1.281181332810510665e-01 5.015800382792356266e-02
-1.426622241960469883e-01 -1.428966877707912690e-02
-1.452427956392056685e-01 -1.422846817868717029e-02
-1.386402764615902727e-01 6.029837508249601824e-02
-1.665802718777872893e-01 2.964021303932848003e-02
-1.254823120054278929e-01 8.042894426652760775e-02
-9.779022176084650742e-02 1.325982277098813333e-01
-9.974297890565224367e-02 1.116670115634284671e-01
-1.169774501642799336e-01 1.182962101026520663e-01
-9.497741757241587313e-02 9.901866141560788925e-02
-1.182439611321681183e-01 5.802106622148846954e-02
-9.656207653027944204e-02 -2.369345439501033268e-02
-1.077600591248678158e-01 -9.975790960950640246e-03
-1.310977853956001304e-01 3.614848250273974828e-02
-1.175759919033132067e-01 7.692029680484539778e-02
-1.236428175833747395e-01 1.487609382811546331e-03
-5.457370428825426140e-02 6.002651963507336930e-02
-1.009436973901178536e-01 3.978056164588598953e-02
-7.843412409596058066e-02 2.263725714042770509e-02
-1.372607632231213903e-01 -3.546724436812745407e-02
-1.032195284681500791e-01 2.746644240965542133e-02
-1.785385143621417425e-01 -3.237085589153321924e-02
-1.837197686857325041e-01 -4.654793289330257794e-02
-1.588132823636297930e-01 3.738067606597868242e-02
-1.322602513828193826e-01 4.695911043567681936e-02
-8.658569388993829496e-02 6.588222618179778722e-02
-5.623994139595882985e-02 1.576644504814089520e-01
-7.159039789715025692e-02 1.455130544015745264e-01
-6.599397148754888864e-02 1.445950624117063599e-01
-7.652415471339445163e-02 1.219877119750168715e-01
-6.541814570750799362e-02 1.207346652520150110e-01
-8.482508250394739380e-02 1.128052894706837450e-01
-8.453943441542169368e-02 1.211967300529744745e-01
-8.706343677924519020e-02 1.365870980185071859e-01
-1.068662325669486879e-01 1.364346768779103325e-01
-5.129050649136721735e-02 1.629888515834755913e-01
-1.973762754019292229e-02 1.791607572488175815e-01
-2.295841448538925300e-02 1.730116513304516823e-01
-4.066953303560074534e-02 1.528030314249071708e-01
2.686454593340805580e-02 1.840109655379203457e-01
4.070561698541589474e-03 1.661169387879907478e-01
3.952971506332904339e-02 1.915613267891047300e-01
4.922450927182383390e-02 1.960902050421319820e-01
6.617828669519559837e-02 1.840379166757079021e-01
7.597029750785265489e-02 1.918704042490936568e-01
4.670733528450701777e-02 1.472237608866285574e-01
3.387278165079347231e-02 1.423419019966366272e-01
6.513980160380287987e-02 1.232201603284239638e-01
6.644700539254802529e-02 1.139330247269809415e-01
5.883330896756287093e-02 1.033953336841802600e-01
8.714967475816164100e-02 6.236373249561712878e-02
1.511006027893164738e-01 1.352121936510801425e-01
1.846837587939590963e-01 9.301117919671261780e-02
9.691812597326952827e-02 1.170918679357948466e-01
9.157571969931962985e-02 1.201721338567483116e-01
7.685426085526214646e-02 1.329314932498341928e-01
6.952074302319286025e-02 1.212913421354177707e-01
1.506302488148861989e-03 1.115065277295102797e-01
2.043101208832176149e-02 1.287433996777224143e-01
9.580336802953726139e-02 1.031639502394688518e-01
1.095011592459814442e-01 1.170293027945022990e-01
7.970987545394733753e-02 7.506566784680356041e-02
7.621260861977625922e-02 8.844388991033437508e-02
1.068783605789530855e-01 7.542945724890195991e-02
9.354443237065589167e-02 6.208154955337840536e-02
1.241695198189944338e-01 6.634713897063689025e-02
1.113072365219795190e-01 6.882492239795622024e-02
1.543870562383522216e-01 8.655472839150130104e-02
1.340236597986562972e-01 9.630185083853234906e-02
1.886457572328497090e-01 3.946401883397000071e-02
1.961489766409208191e-01 2.769904318517026759e-02
1.746593736859366475e-01 3.215115882253472696e-02
1.714128147152309545e-01 3.251555122803110459e-02
1.005804798503968783e-01 4.310832790518790564e-02
9.733112384984517196e-02 6.948418912706755268e-02
1.403404855917161076e-01 4.571930997041738498e-02
1.482532150820609629e-01 3.428327692171741214e-02
1.398628276324652975e-01 6.019885404281284658e-02
1.418353904663426368e-01 4.610403180033103426e-02
1.375418364126276827e-01 5.953382905590111351e-02
1.512281450854934539e-01 6.169317573105446290e-02
1.528313074715691722e-01 5.828594608030727986e-02
1.414996336447455483e-01 7.010170424062310557e-02
5.220520319506049417e-02 1.009624612705018881e-01
6.137265536151331746e-02 1.123985311222261418e-01
1.058449316568974008e-01 1.062349531223087673e-01
1.292297318266981410e-01 1.526648105896824259e-01
1.159670995694557782e-01 9.034932968991099544e-02
1.246984415600790042e-01 9.986635396707890799e-02
9.723447344605659626e-02 9.827895459940667877e-02
1.014606383312951776e-01 7.491508119541744060e-02
1.097784049209615947e-01 6.967358881406998661e-02
9.593701396574262630e-02 4.299736961795622842e-02
1.383378235459735150e-01 2.232164006612269436e-02
1.189390173869002698e-01 4.190215691112367941e-02
1.395497301498231923e-01 6.396145935810541860e-02
1.293538882446405025e-01 6.781642894035776192e-02
1.475709662797816402e-01 5.120578592945224800e-02
1.443189944335034891e-01 6.985010178056727526e-02
1.436875677767664172e-01 4.099595887503946351e-02
1.470139270281397015e-01 7.170285095336847991e-02
1.634998700687441409e-01 -1.469323941743286115e-02
1.482882402371772934e-01 -1.718559684237092532e-04
1.677426019769168164e-01 -2.304046399704134593e-02
1.452681274439244774e-01 2.050316300194084812e-03
1.592210145767301299e-01 -1.912904423753229721e-02
1.641329047345424785e-01 -2.566462862247121876e-02
1.531660904285235270e-01 -5.247427293664459758e-02
1.492871649084604457e-01 -3.706139284425404024e-02
1.485484432809094646e-01 -3.339982881664798481e-02
1.502135026918367533e-01 -3.664291414806109676e-02
1.378339844814433224e-01 -5.521973891463249212e-02
1.592876337126982733e-01 -2.470748670776440337e-02
1.606610999311761656e-01 -1.359207311367098027e-02
1.364351524862242315e-01 -4.045189127395874135e-02
1.109321853944484487e-01 -5.765052204893196530e-02
1.187193203179017775e-01 -4.000708426038929177e-02
1.620069468954255243e-01 6.563190899659023490e-03
1.270091958771603080e-01 -5.493588001928765424e-02
1.147297592448200121e-01 -1.096222128858759803e-01
1.678128447952765834e-01 4.104261944783510647e-03
8.886308201899817405e-02 -1.751750463382769074e-01
1.133748077785617508e-01 -1.117588719120556351e-01
1.120041725619523171e-01 -1.275738222138096678e-01
1.047836456764562468e-01 -1.425961825844599962e-01
1.174089514690677127e-01 -9.190974394777323697e-02
8.624894621768725012e-02 -1.083935693989800664e-01
6.024247411960178405e-02 -1.048732978436260344e-01
4.124237493967230356e-02 -1.024898660465781014e-01
5.043854478907859075e-03 -1.330087116567977845e-01
3.027019305411078262e-02 -6.895899864644558508e-02
2.550495445508740855e-02 -1.215582150195519545e-01
5.132839095837068988e-02 -1.205668094892314024e-01
2.675560048850484166e-02 -9.676581807274740876e-02
3.025655894911237140e-02 -9.078923340824429644e-02
5.021238171181257454e-02 -9.188151885914487560e-02
2.179557197492151821e-02 -8.172282536047988100e-02
6.873252982097778629e-02 -1.521625908582209807e-01
5.335340093286278056e-03 -8.299577402661688363e-02
4.722629189901467184e-02 -1.258166420020832843e-01
3.198859420224323818e-02 -1.443445753663867015e-01
4.031476886745893190e-02 -1.439532516401158535e-01
2.462695885961660100e-02 -1.454505345563118779e-01
8.594981689826404481e-02 -1.289215036672697601e-01
1.016423660032341469e-01 -9.946340048513249710e-02
6.063845201294435633e-02 -1.391469125559664510e-01
1.672645221983876107e-02 -1.739499132936978831e-01
1.800581876721152330e-02 -1.510034541291990495e-01
2.215459113887159950e-02 -1.553509331065040522e-01
-3.505516373615718845e-03 -1.691189444932930386e-01
1.079933506648385680e-02 -1.476424660629709618e-01
1.892915427310635015e-03 -1.569670161851073331e-01
-3.359665988355508073e-03 -1.700788692828365256e-01
7.274953462617220201e-02 -1.472206694325882137e-01
8.544342993205226305e-03 -1.239622791582170869e-01
1.294894026420790288e-02 -1.351284186437892443e-01
7.815852606406784031e-03 -1.291157443674672556e-01
-7.279292822281167342e-03 -1.547019995342125420e-01
2.376235390298351777e-03 -1.560767340415274707e-01
-1.812967934545861885e-03 -1.808186712110289307e-01
-4.791267396402192069e-02 -1.721953942237278434e-01
-1.490240091297795159e-03 -1.599229784760212714e-01
-1.565034736011725394e-02 -1.690569795243966056e-01
-2.498749827157003243e-03 -1.354656702343728647e-01
-1.068582604656871660e-02 -1.124582426136352953e-01
-6.164138538287320529e-02 -1.070917048797588034e-01
-4.676244922888182776e-02 -1.072133586920494402e-01
-3.862857319658185434e-02 -7.532873586442656588e-02
-3.130114201852972344e-02 -7.624071480632614584e-02
-3.889638031133263452e-02 -7.468791028148627498e-02
-3.551654060366261911e-02 -8.565054602874740131e-02
-5.175754819361139819e-02 -1.377393837230075080e-01
-6.030720780832555389e-02 -1.318062379511737436e-01
-7.427829828314527760e-02 -1.229193154218684858e-01
-8.724143319072154290e-02 -1.544047669860411920e-01
-9.383650117141921487e-02 -1.687296930603898737e-01
-1.151172781045796956e-01 -1.394551633634097954e-01
-1.535289682480202866e-01 -6.796378824961385456e-02
-1.491685572541802396e-01 -8.079966962320368762e-02
-1.484649060777754881e-01 -6.729490177615356228e-02
-1.462276785412213453e-01 -6.992630102685823412e-02
-1.380826030655298020e-01 -5.297300487380410955e-02
-1.503282941555982855e-01 -4.223777784463109836e-02
-1.475897528081805965e-01 -3.929470793622601849e-02
-1.463311233494941632e-01 -3.382845099253555671e-02
-1.401371743615321686e-01 -1.210968976030857638e-02
-1.501544706408760033e-01 -2.783809067294061579e-02
-1.500225346297991980e-01 -3.439077572466585353e-02
-1.533054210164807030e-01 -4.716692578983346096e-02
-1.031972654694566643e-01 -5.704308530202806260e-02
-1.395584156635555628e-01 -2.983663077996278473e-02
