-1.787066625746630858e-03 1.387086202985745864e-01
-1.504686055314458960e-02 1.148425634834835396e-01
4.346587900672580634e-03 1.445371234045752518e-01
-3.754271338337091522e-04 1.463134314737227770e-01
2.690419096315059544e-02 1.600282933516960771e-01
1.478063174407517021e-02 1.287176000314671220e-01
4.722835195121558027e-02 1.645623550194519058e-01
2.630408074485040756e-02 1.608454743814139165e-01
-2.488896350985948303e-04 1.410792549884205271e-01
-5.334590325718048184e-03 1.571254747318120981e-01
-1.326006067647261637e-02 1.546125119016984462e-01
5.582554327004039287e-03 1.595964032007843592e-01
1.062856895202620930e-02 1.706150861389024165e-01
2.085054066479554314e-03 1.654074109240396828e-01
-3.390562831849474462e-02 1.261865634588479612e-01
-3.377032311817204646e-02 1.376645363415161250e-01
-3.459849298333322193e-02 1.297773823248732361e-01
-6.724662259326440183e-02 1.211944098774738326e-01
-9.085282030253762076e-02 1.022729778648938520e-01
-9.766319237996634595e-02 8.102091093659584409e-02
-1.022918055406581705e-01 7.682449776240156403e-02
-1.003772798166813474e-01 7.752351266361834359e-02
-1.002032038567211014e-01 5.480173547010989965e-02
-1.184315853031111254e-01 6.990043668068672555e-02
-9.109177583416622204e-02 4.182851928799745378e-02
-1.354835726694494646e-01 4.124843219443016101e-02
-1.270261042900083237e-01 3.805244197932745875e-02
-1.353607538432348434e-01 4.057762782330126550e-02
-1.204506495537398247e-01 1.600183063179801829e-02
-1.296016745641610790e-01 2.805765979181564299e-02
-1.023072456806843056e-01 7.339968880325264608e-03
-1.264300632457351081e-01 1.006588170856529373e-02
-1.536017869093787291e-01 -1.442984686716611981e-03
-1.403794809900185125e-01 -6.608825319841715208e-03
-1.597801976702861171e-01 -2.373742082575288140e-02
-1.420611859269657606e-01 -2.158677327477600064e-02
-1.529384495758678297e-01 -4.596107792991975527e-02
-1.670986794527355435e-01 -6.996745411789717650e-02
-1.616999699435159865e-01 -6.481309127949927418e-02
-1.572035119880244580e-01 -8.003616049421975742e-02
-9.086354061380660929e-02 -1.577751224963566722e-03
-8.930688531929178997e-02 2.227077535087874233e-03
-6.929961384053917595e-02 -4.269918568571552664e-02
-1.005664241139647419e-01 -2.994675317812399429e-02
-1.293776944191799005e-01 -2.395578520074127457e-02
-1.193156598358050685e-01 -4.348988610069955824e-02
-9.992788395517140931e-02 -9.743163159098572335e-02
-1.103640450084103636e-01 -8.745659884010599516e-02
-1.063033398208003411e-01 -9.413853373936410807e-02
-9.730479523000845621e-02 -9.911493734512630271e-02
-1.203814735952815906e-01 -8.113847804963097987e-02
-1.196555391455844525e-01 -8.062006631138214641e-02
-1.085576622317336593e-01 -1.042217094375439690e-01
-9.005892858101975651e-02 -7.997628476726220681e-02
-3.803246274796922427e-02 -8.063408120771356491e-02
-3.307536189920292410e-03 -7.894229628637468299e-02
-2.217171833213245694e-02 -1.004924250482207432e-01
-3.567435057971637957e-02 -1.095201768069015286e-01
-5.555191971832300346e-02 -8.394548001460359898e-02
-3.948441685214960223e-02 -9.821209710378520086e-02
-6.829059810786783369e-02 -9.098668993131274474e-02
-8.437748377189679960e-02 -8.595130395786541866e-02
-1.070688506026581110e-01 -8.069038866150787803e-02
-1.068853349851835721e-01 -7.686783343300335192e-02
-1.055333777343597651e-01 -8.004037942211318646e-02
-8.391988243128936653e-02 -8.283052116729137937e-02
-9.466868308238868268e-02 -1.020209162879855413e-01
-7.426521451220950698e-02 -6.603489176465122956e-02
-8.115981022971391345e-02 -9.161301224017234790e-02
-1.380570154059129750e-01 -8.031406752291095352e-02
-9.964356849378040726e-02 -1.181957074716348810e-01
-7.731924322582103826e-02 -8.421509894137441110e-02
-1.118816920026718398e-01 -1.122445094736539417e-01
-8.866371828241705055e-02 -1.259649277364660869e-01
-1.114578885605497227e-01 -1.186225059910864937e-01
-1.032025259337316647e-01 -1.214768559974971351e-01
-1.183746994895566312e-01 -1.268913258101815045e-01
-1.124849935275058638e-01 -1.244291760161405080e-01
-7.193729582179372861e-02 -1.238255749835735359e-01
-8.451402831456274189e-02 -1.211740536794861933e-01
-5.336285384568743850e-02 -1.305975171205090990e-01
-8.249132865972720607e-02 -1.247341368553992330e-01
-5.408456936749114763e-02 -1.284937128371616832e-01
-4.730562494631629367e-02 -1.074624554030167434e-01
-7.487327717721212195e-02 -1.164047338514257457e-01
-6.065433862076005656e-02 -1.210152835974649121e-01
-1.972403527798550701e-02 -8.267307821436263582e-02
-3.835677281956171442e-02 -9.589137692681305725e-02
-3.758228196964191227e-03 2.457598309285473348e-02
-7.673491396669138457e-04 -6.189028826433062153e-02
7.559070664007880302e-02 1.098895550464131302e-02
9.645336704020589236e-03 -3.154751873220511954e-02
-5.494934114318921013e-04 -4.448845521020271948e-02
-2.699809180135638240e-03 -3.887045956512697603e-02
2.422748002593700517e-02 -5.268111744230592752e-02
3.912623400513855904e-02 -6.431790171840680304e-02
-4.105389675795367843e-02 -1.399613372112638310e-01
-1.830359919877153074e-02 -1.208571125309095273e-01
-1.051512136130071211e-02 -9.733883583303598597e-02
-1.906744719631880622e-02 -1.319915913552971998e-01
1.799778114772539184e-02 -5.805948108139071667e-02
1.764619005280243860e-02 -6.236761063997478538e-02
3.350599205206570425e-02 -4.881685834395153856e-02
4.281602726708723383e-02 -5.376445756808636428e-02
7.237616243731259669e-02 -7.782753883219321878e-02
7.591642129966029440e-02 -7.809173047228594455e-02
7.588801970429448485e-02 -7.473406288458180058e-02
7.544604956899110537e-02 -7.428774988715065863e-02
8.665726434013075463e-02 -7.423590406579198830e-02
7.490551040598908417e-02 -7.365935167986613352e-02
8.482463848933605166e-02 -9.651673874535665609e-02
9.239094742902106971e-02 -8.305102598978506001e-02
8.566572849842545023e-02 -1.132104219124128452e-01
8.057778924569852785e-02 -1.225923570570845167e-01
8.185373866339701321e-02 -1.216237077373176351e-01
7.789539282548535448e-02 -1.209864379044261196e-01
8.226332065213051714e-02 -1.207036406374055737e-01
7.461232331899109171e-02 -1.061713395333929305e-01
6.179187415442488618e-02 -1.216857264937436928e-01
7.126253588301934006e-02 -1.048037665690443598e-01
9.817323339347192035e-02 -1.122548063429556486e-01
1.143692483147491640e-01 -1.145957897672396919e-01
1.142892694221990663e-01 -1.005422466104188006e-01
1.093050166482630453e-01 -1.196850974604706103e-01
1.279943611513665314e-01 -9.243110212094188261e-02
1.308645953954762908e-01 -7.074014792141929131e-02
1.339024403636557559e-01 -1.059153430445448490e-01
1.372362815948112158e-01 -9.950471051207376849e-02
1.405930506593165152e-01 -8.259574325214476265e-02
1.327909051995667111e-01 -9.909745229023382562e-02
1.328363064407405703e-01 -3.575485877472558277e-02
1.337288601406328159e-01 -4.369468742291917479e-02
1.245329399538278731e-01 -9.469435812459936486e-02
1.089676056953172711e-01 -1.045552577735199967e-01
1.385690290393148671e-01 1.603542455518933499e-02
1.258751580394044112e-01 -2.572440934736073756e-03
1.421295976243123482e-01 1.772440030055022139e-02
1.480774080865551179e-01 3.197183598500704521e-02
1.032751410671923914e-01 -1.914301093177114138e-02
1.112870245628290317e-01 -1.746783319783160732e-02
1.311451411905733000e-01 1.343041990038475880e-02
1.212373530896669327e-01 1.516588131146982300e-02
1.350979099879403844e-01 1.663111057952049512e-02
1.142396750727639326e-01 3.439126719765465967e-02
1.170558739907086448e-01 1.378919401697204818e-02
1.290647088382487206e-01 6.333451197064506565e-03
1.383360326787866634e-01 4.257293801235130515e-02
1.358904384328807058e-01 3.131867675048995853e-02
1.323997171167773934e-01 7.242778620983476856e-02
1.341435750722378695e-01 5.803715226350676659e-02
1.239632142786426666e-01 7.374299179625520839e-02
1.243613323507012369e-01 7.310008295570197268e-02
1.225188124168663795e-01 9.940444771650604194e-02
1.205002025917635139e-01 8.608008195518040973e-02
1.089864850103458849e-01 8.297011759047752399e-02
4.630136518988711702e-02 1.003969750320859167e-01
6.353186432898919045e-02 1.088995244892622255e-01
1.189525428570900184e-01 8.415989656783615103e-02
1.224428304033731985e-01 8.560700432706183638e-02
1.214216742796645904e-01 9.178037509577340047e-02
1.213532315987594229e-01 8.966193624492295455e-02
1.239693696789473942e-01 9.517356016946409980e-02
1.245508277949818887e-01 8.759190404042868638e-02
1.259637503612399956e-01 6.515368837505244870e-02
9.200526409180628806e-02 1.166304284199817243e-01
1.064536720470347642e-01 1.010688948113237229e-01
9.851630400978513002e-02 6.870593271064452667e-02
1.025618685651019657e-01 1.080017345679698121e-01
1.197360137750718562e-01 7.088922014960476192e-02
1.080251891218155375e-01 7.154484257702901917e-02
1.102218408023769858e-01 6.998391155143005027e-02
1.078251799233230918e-01 6.284948759873033863e-02
1.166101135334055294e-01 8.725783931180965125e-02
1.114225363202089314e-01 9.062620655507706846e-02
1.021707734329883877e-01 1.117275074873205348e-01
9.058600022389194650e-02 1.098898519721828587e-01
9.667043785162353353e-02 7.558303820933003070e-02
1.020983545287320188e-01 7.851406219537548914e-02
1.525952653531731373e-01 6.159860904385022068e-02
1.400458500312196097e-01 7.094227949367451491e-02
1.754962875969984237e-01 7.664652820191299176e-02
1.621704242970080367e-01 6.453534433252741676e-02
8.218068233746887719e-02 6.094001735872862230e-02
9.612461082795704936e-02 5.701993105173792237e-02
8.553687820614043480e-02 1.008254776472594788e-01
8.161353346157231015e-02 9.850986975745316954e-02
8.671842588476941227e-02 9.954022799806030997e-02
8.590633132258526650e-02 9.909999294203745979e-02
6.847002389560971625e-02 1.201631324579621324e-01
6.223842985639823494e-02 1.315280360075158084e-01
6.061781416911963399e-02 1.301067168968822740e-01
7.283513221842401186e-02 1.067881189062096364e-01
2.991222458404882087e-02 1.367381485956535581e-01
3.783406469452299525e-02 1.428560174830939000e-01
-4.975546393974783314e-03 6.764341870015685987e-02
6.896516698136431582e-03 8.314261338895014009e-02
-2.632260116699212948e-02 7.339611020223654747e-02
-1.260733650275727355e-02 7.969618823376463379e-02
-3.358043521548269988e-02 5.970047362236267918e-02
-2.464053733715799305e-02 7.181404838968541426e-02
-5.128826705808179481e-02 7.496905252071203729e-02
-5.134136254963655999e-02 7.569562729728651629e-02
-5.449816889098730438e-02 6.596031950307348901e-02
-4.852725502189605966e-02 7.174219235340993650e-02
-9.836914243437881733e-02 6.313777928347255597e-02
-6.378061582905578120e-02 6.205965472338656475e-02
-7.424965043794903852e-02 6.758876886674662632e-02
-7.577987675699436598e-02 8.122272750933882957e-02
-8.325689624477571049e-02 1.297597939914521548e-01
-6.937346831634313982e-02 8.148637693715637953e-02
-4.770037097441598428e-02 1.317812956153558979e-01
-3.941132405549409301e-02 1.282328106182049621e-01
-3.936288642557931455e-02 1.322331391779937304e-01
-4.512889569392234540e-02 1.100653118644263767e-01
-1.999733479331940525e-02 1.225380118953336567e-01
-1.607844006235245593e-03 1.396090541501992244e-01
-1.906005890857887354e-03 1.447844651527264159e-01
-7.205185882062813650e-03 1.376970174387617540e-01
-1.227085247460570940e-02 1.376721996083384580e-01
-3.033722089317630877e-02 1.496995832796156334e-01
-4.159398665935627737e-02 1.348970435776605525e-01
-3.807539563230945973e-02 1.413647374971847559e-01
-6.909711046558097980e-02 1.155477802603429305e-01
-8.626207937828449246e-02 1.166627132880230094e-01
-7.773956101760282067e-02 1.271856489609941299e-01
-8.364481556213475277e-02 1.208862370759755528e-01
-8.975877019334105311e-02 1.324561485048060261e-01
-9.759181658884885646e-02 1.041749345919397024e-01
-8.263020729713956014e-02 1.166755921205397950e-01
-8.269190072620052900e-02 1.198087321870611732e-01
-1.229977665932624614e-01 1.102290599715263358e-01
-1.007934716312454265e-01 1.181374480536499794e-01
-1.195125396948808344e-01 9.980201841236302496e-02
-1.230755146695947516e-01 9.587311728295605517e-02
-1.071445331084183439e-01 1.012530610835284672e-01
-9.605979322340585380e-02 9.588271185826326148e-02
-1.164774522634150766e-01 9.492674514180882150e-02
-1.115888767183768199e-01 8.580874860483479749e-02
-1.049847518625681431e-01 1.180452409833132738e-01
-1.061134829016695674e-01 1.286599293010952383e-01
-8.970708961762814682e-02 1.271723363586572120e-01
-7.906270355894640112e-02 1.372492327222980257e-01
-9.050047527435586825e-02 1.217855658473441516e-01
-9.164212645738552265e-02 1.102769089138280617e-01
-1.119152988358792372e-01 9.343567171295687201e-02
-1.026672436478355405e-01 9.906846200725498430e-02
-5.870211623384316568e-02 1.191459215740461458e-01
-6.850109007701347952e-02 1.207936582029358885e-01
-8.488059479613312142e-02 1.115423084298297479e-01
-9.007765297825547079e-02 1.336850184052408574e-01
-8.431728788150058551e-02 1.036142664437129657e-01
-7.404184371054708946e-02 1.002746519428086153e-01
-8.465945997461495065e-02 8.653608764252093688e-02
-5.051409637160065441e-02 7.828621943342456424e-02
-5.563474909826255504e-02 5.608288496172353366e-02
-7.980752248759859224e-02 3.392331993044442329e-02
-9.836493899826467824e-02 7.260299823360964050e-03
-9.602265426452023800e-02 8.041240417392023568e-03
-1.349298861497562896e-01 4.803224103430221020e-02
-1.684466191687966907e-01 3.677443215498335527e-02
-1.587589176123431756e-01 1.492129968199557705e-02
-1.650084562958994139e-01 2.375108457508704959e-02
-1.593139777364667720e-01 -5.617646757296306404e-04
-1.710246887833416218e-01 1.226607326069460886e-02
-1.473242081053068031e-01 -1.152869167708344376e-02
-1.495168835625170223e-01 -3.624040986713618611e-03
-1.489296005374693421e-01 -3.680120711352366514e-02
-1.354480758391686246e-01 -2.274459142047683541e-02
-1.165002355068248813e-01 -2.843628920552684555e-02
-1.371996693564214720e-01 -2.441815026348051823e-02
-1.383347313693262526e-01 -1.481574902576338233e-02
-1.154658803871608103e-01 -2.571489223094998097e-02
-1.219215010466913329e-01 -4.738543859322064122e-02
-1.217550367142891249e-01 -4.287321517033789581e-02
-1.464456796295988406e-01 -3.856309233615179410e-02
-1.106132147865177967e-01 -5.118095033901048918e-02
-1.282767659599783894e-01 -6.571479545702574310e-02
-1.122956943124295559e-01 -6.140454352467888954e-02
-1.517111081976563192e-01 -7.405159320364719522e-02
-1.337177267152493965e-01 -8.018700911309720181e-02
-9.341354945213012351e-02 -9.894881383186848733e-02
-9.716565839627458456e-02 -1.038929119138836815e-01
-9.050587674140180006e-02 -8.883405555964185574e-02
-9.217307104508032367e-02 -1.115986778507412347e-01
-1.315687277477853578e-01 -9.956795828299019879e-02
-1.220447536427260588e-01 -9.805748914646661429e-02
-1.050030424899837250e-01 -9.606559747671333804e-02
-1.012556843581549904e-01 -1.017799881364606224e-01
-1.267771617246638283e-01 -1.027191927477228151e-01
-9.065251159631224076e-02 -1.562768453901346721e-01
-9.972491066290807560e-02 -1.077224177873631894e-01
-1.414136398804782535e-01 -5.092250098510808787e-02
-6.270578585403221994e-02 -9.806486323340886380e-02
-6.035080818912247347e-02 -1.197790189543821160e-01
-4.188208469685736346e-02 -1.191420589570763994e-01
-5.047338913955180806e-02 -1.068416791511431069e-01
-3.031180662925034297e-02 -1.311179066425806894e-01
-3.498897619016483329e-02 -1.346090823842098494e-01
-1.359984058066822030e-02 -1.118652913723297004e-01
-3.039303777395976295e-03 -1.045981700021545169e-01
1.444386499095155763e-02 -1.322946621974824821e-01
1.184131707414612204e-02 -1.063572202291724889e-01
2.372683735853429662e-02 -1.212543527354749823e-01
1.526643328691763488e-02 -1.222957617786426254e-01
4.689496886088532351e-02 -1.311399772641431427e-01
4.851693749688862356e-02 -1.426855356159290600e-01
5.718440210853809047e-02 -1.116209860129194625e-01
5.519152412883664843e-02 -1.091600032662516789e-01
5.736547002488474878e-02 -1.049993347908068780e-01
6.058781692048691159e-02 -1.108507863858631121e-01
9.755780696937992047e-02 -1.270213638055454619e-01
1.009933982069149833e-01 -1.301900626694648400e-01
9.369176115248069314e-02 -1.177076854404274647e-01
8.974786398072058524e-02 -1.212062559247045895e-01
1.198026284260207408e-01 -1.314621443062671258e-01
1.046151903036682679e-01 -1.177421907968336928e-01
1.030586795990935112e-01 -1.270639765264470200e-01
1.082405558375112292e-01 -1.108462627863103095e-01
1.022122810736339066e-01 -8.673182110992920524e-02
1.106184096965065200e-01 -1.157704074565994029e-01
1.027561871166683821e-01 -1.167672621425277502e-01
1.003775173572971219e-01 -7.647034019604281863e-02
8.105944931954402188e-02 -6.213047797437602771e-02
9.044689437371666862e-02 -6.443529842186974943e-02
9.770786034358711070e-02 -3.011861123168248569e-02
9.056896959452533091e-02 -2.404502817730706787e-02
6.879901248454792229e-02 -4.311717971060373411e-02
7.927228151311389859e-02 -5.380041398781947731e-02
1.122249691760422580e-01 -8.631834552066737498e-02
1.163377370699210239e-01 -8.346277166369280021e-02
1.178738089536852662e-01 -7.689708707623013617e-02
1.124844461513042626e-01 -8.099147139201756662e-02
1.135421525462854547e-01 -8.884341259433328752e-02
1.229235919540198479e-01 -8.303069044750314986e-02
1.244162971836237225e-01 -1.034366480302216507e-01
1.071399681974540968e-01 -1.030777241597678889e-01
6.463340729543590180e-02 -1.284367547286371924e-01
8.325176330190414697e-02 -1.211943892217681173e-01
8.172153698285883339e-02 -1.050742633633083012e-01
6.743924737696173344e-02 -1.021680055684218297e-01
4.230331392165406074e-02 -1.415537578602338309e-01
6.013100049669686115e-02 -1.487999136891026419e-01
4.394574719810003666e-02 -1.159714494403778773e-01
1.025741690378585876e-02 -1.257392434957629590e-01
4.066646543164229022e-02 -1.289377278873314048e-01
2.621248301783246984e-02 -1.239089517397146817e-01
3.155812285512942308e-03 -1.180160234875715086e-01
4.201985050812402644e-02 -1.144515819577514304e-01
5.352453121828890104e-02 -9.555941908017751008e-02
5.557394902847401230e-02 -1.090383927988217289e-01
7.885050233015239440e-02 -8.564945696624406968e-02
7.188359615084663479e-02 -7.391365440084513017e-02
6.306478201945600603e-02 -6.295167137493007381e-02
5.367898425781458122e-02 -8.042249319518312428e-03
3.779961097738105541e-02 3.038057980144703504e-03
3.793396601524060691e-02 -2.203175785213297780e-02
7.297610740996701706e-02 -1.923032001788884185e-02
5.658913565322937905e-02 -2.249780221245370471e-02
1.195854130246630648e-01 -8.507280904767924520e-03
1.195537374999405406e-01 -1.287028880050676387e-02
