-1.256902102483895001e-02 -1.247867709805079300e-01
1.636872469322925999e-04 -1.094941136784933211e-01
2.202385996375302510e-02 -1.317041846954922768e-01
8.268009337536064846e-03 -1.319214440533194310e-01
1.437270920382471666e-02 -1.207785012545039421e-01
1.829948135035163251e-03 -1.209170651451558498e-01
4.434747842302256410e-02 -1.346374898696614253e-01
2.776158439967062880e-02 -1.385091988214381120e-01
5.382438540299636781e-02 -1.292581094579482170e-01
4.455061468471001318e-02 -1.170232431384672228e-01
2.881571316465074417e-02 -1.348030283112670313e-01
4.436499443827471301e-02 -1.061558751430533437e-01
8.175762450144542781e-02 -1.159400410516728264e-01
1.619376147631132468e-02 -1.274958734101422075e-01
4.626181627754109155e-02 -1.342621981300894107e-01
5.104937144022245882e-02 -1.129830473377633759e-01
1.048472549377136437e-01 -8.247638318705716176e-02
7.808463482710534254e-02 -9.831472091282804360e-02
1.035046267670080705e-01 -8.814450495395162455e-02
1.356028231843703913e-01 -7.165676363540483818e-02
1.213576944912514860e-01 -7.582197978396845728e-02
1.240771163465113486e-01 -8.992618135919296096e-02
1.222083325104577622e-01 -7.937096192212413082e-02
1.107445309728891658e-01 -8.002830483308852327e-02
1.036734624732900956e-01 -8.153540236640902106e-02
1.156766987626169363e-01 -8.974780834296798571e-02
1.305079753326541525e-01 -9.746738015829820023e-02
1.303067409062237669e-01 -9.671909238561826605e-02
1.374142031053573465e-01 -8.398665419696045575e-02
1.358305707697690101e-01 -8.868819351474635515e-02
1.660053928017760083e-01 -5.339488010513507993e-02
1.636933350558077982e-01 -4.986035866701089836e-02
1.537574049443675983e-01 -6.341569508843328262e-02
1.572486118031756752e-01 -7.093380740807191109e-02
1.448798742871385825e-01 -5.083048595698320266e-02
1.455739091144085395e-01 -7.643373491607872994e-02
1.699756370761018598e-01 -4.107034900536156441e-02
1.388668338774697586e-01 -5.915557848588869766e-02
1.614965690388844299e-01 -1.887827649584343515e-02
1.684042822687114582e-01 -1.063430455540250938e-02
1.726712803639169347e-01 -2.757626518337216726e-02
1.854071283518818058e-01 -1.869033662933498527e-02
1.870365510286593203e-01 -3.676517635009241697e-02
1.777746808475584028e-01 -4.611828116958264362e-02
1.793522025527054253e-01 4.610825152063084031e-05
1.839373810624558570e-01 -3.456781671299265224e-02
1.626037297485325439e-01 1.042909695317066621e-02
1.882876772912279173e-01 2.068184229341842734e-02
1.779083607352424934e-01 -2.816012016719210767e-02
1.697163122733582052e-01 -2.437007759683839774e-05
1.800066364434689259e-01 -9.877618182572973568e-03
1.735032601413705466e-01 -1.345309308279508086e-03
1.582712027379314657e-01 -2.769962845879642491e-02
1.883755555842597240e-01 -8.071674387585213092e-03
1.371661542725993166e-01 -3.044883260404331743e-02
1.595549415364465595e-01 -5.097423769410554945e-02
1.547506693543902745e-01 -5.313034494899487176e-02
1.408783003716550242e-01 -4.173788474049211494e-02
1.670365363684570281e-01 -4.909731197752841003e-02
1.690558352729317482e-01 -2.426174332133013492e-02
1.556678378472044766e-01 -2.004051728043638667e-02
1.635044681852798332e-01 -4.326721630345247566e-02
1.445665441151722796e-01 1.133306794718179876e-02
1.326316388535428714e-01 4.916876707207237362e-04
1.769909109058518115e-01 2.900681947432756300e-02
1.823226216480448858e-01 3.226215656077380256e-02
1.619989798971768480e-01 4.108717011926978080e-02
1.796596696704177154e-01 3.573347855035569759e-02
1.519960241597541062e-01 7.433097470282307162e-02
1.635520028132432524e-01 6.421168629102251557e-02
1.445266843490154440e-01 6.393685421618285070e-02
1.014144985660367371e-01 1.003466574563185859e-01
1.012334415988720704e-01 1.125238160172303548e-01
9.726405258773873630e-02 1.133082386597944052e-01
7.523149369704069944e-02 1.184316252938295982e-01
9.335622001954099747e-02 1.235799946158569196e-01
7.703905869405047735e-02 1.316687250333917203e-01
6.862842859242954119e-02 1.194964729823738969e-01
5.515855659621270862e-02 1.546847915816398356e-01
4.303617145337740313e-02 1.425497547329598602e-01
2.657047285559847177e-02 1.636245426361249422e-01
4.175922693318449841e-02 1.424067232174733300e-01
4.386651103859007944e-02 1.248259780458073065e-01
3.540063768680994788e-02 1.313823356519899233e-01
-1.154516759219615871e-02 1.710165936625707983e-01
4.506761847122486148e-02 9.870824326255650538e-02
3.770267985065516719e-02 1.264825778358735775e-01
3.841961266188549662e-02 1.155811343543154679e-01
4.228130321817342302e-02 1.257454309916225810e-01
1.950923566266477352e-02 1.632910124979667921e-01
5.968347281127939913e-02 1.425638215617842652e-01
3.471374599521701715e-02 1.371752583242144830e-01
7.345512329963192408e-03 1.217850447509368633e-01
-1.121178023235058253e-02 1.367129435548031513e-01
-8.708323586666023722e-04 1.185739928549956190e-01
-1.159944515455656189e-02 1.383849943496501533e-01
4.521318482926555554e-02 1.068980185249027715e-01
-2.799830662185922789e-02 1.553502988800539164e-01
-4.785179275292921787e-03 1.554361290428089015e-01
-1.299454822350869579e-02 1.184481903914532119e-01
-2.825758641075063610e-02 1.563681971207138977e-01
-3.471359126009995050e-02 1.517193690238987924e-01
-6.830947168893347632e-02 1.498027917302314216e-01
-8.019108054951298858e-02 1.600873203668664868e-01
-5.252207276370152861e-02 1.622629636336271330e-01
-4.957902771725435087e-02 1.489612240022511191e-01
-8.008928734940808092e-02 1.248714870504200186e-01
-6.139061753067751037e-02 1.286630038244345187e-01
-5.443551034117529580e-02 1.156555535055280859e-01
-4.104314094504939864e-02 1.157935659764900843e-01
-4.920182851569372684e-03 1.438705061714777300e-01
-3.372918613887087441e-02 1.291001783573708650e-01
1.843239600254765673e-02 1.448301677408046773e-01
2.160321676805111290e-03 1.416466418155070128e-01
7.109183978981678531e-03 1.130775201601480762e-01
8.738302812256593458e-03 1.270090823585764139e-01
-3.101426285546905574e-03 1.399469750223119591e-01
9.616590590200129601e-04 1.324630057095959046e-01
-4.634892933508485968e-02 1.457407754646551645e-01
-4.736882506543790838e-02 1.378595589059379567e-01
-8.187561706162452269e-02 1.414809908392708482e-01
-7.066400563121984224e-02 1.409780623216776996e-01
-5.310521596598295757e-02 1.646189211389905149e-01
-6.712547796024646851e-02 1.281420922728722656e-01
-9.883451837154741404e-02 1.454733706754347822e-01
-1.306589855534499023e-01 1.065278696179489393e-01
-8.887923230364482008e-02 4.473368320839657408e-02
-9.044254088494764476e-02 6.343675031781764728e-02
-9.979151287012925919e-02 6.564230528939050957e-02
-1.040503522046165863e-01 6.646649767040692380e-02
-7.386582968745228350e-02 8.163596331230892067e-02
-1.146511706740026004e-01 8.100891472390077397e-02
-5.999995957963389498e-02 1.172471532929625498e-01
-6.325416287967688955e-02 7.330232377820972145e-02
-7.142988256666180091e-02 6.531889764125441145e-02
-8.190610269305277635e-02 5.648077098492831211e-02
-1.049121874195670934e-01 6.443642920178425937e-02
-8.288495704362773553e-02 8.996192235787001112e-02
-9.406413599349489063e-02 5.351131406068043717e-02
-1.119156113527153690e-01 4.892769415556375012e-02
-1.088543430500963777e-01 1.011021812057457878e-02
-1.211122677153863431e-01 -1.123228685541079880e-02
-1.500246875148391057e-01 3.852387881049774282e-02
-1.476587144273527330e-01 3.425063785665999339e-02
-1.310042980674313573e-01 8.586507662412451447e-02
-1.448472054838767786e-01 5.535255504589582654e-02
-1.558473530899299742e-01 8.568018785278808114e-02
-1.456408334592235454e-01 8.336100103797168537e-02
-1.628904004665108485e-01 5.842111559257739950e-02
-1.716640278993112889e-01 8.298058897270756129e-02
-1.561147128652981275e-01 5.542220835550274588e-02
-1.573293103867755005e-01 5.545621632086862596e-02
-1.614592075415268169e-01 5.213726059438113930e-02
-1.830364850772257246e-01 6.272619540677630556e-02
-2.186687640476528971e-01 5.720084632571801470e-02
-1.742366708358857874e-01 1.030099357843744928e-01
-1.450685160884053748e-01 1.861492717337312128e-02
-1.920928332624705637e-01 4.861438086379203660e-02
-1.432750179202199881e-01 -7.280783535791121586e-02
-1.449765077744307185e-01 -1.243828954447647080e-02
-1.670952344317755134e-01 -3.106269776047724043e-02
-1.516104017410934424e-01 -3.983434458377919929e-02
-1.621405709693917729e-01 -3.497553530637070168e-02
-1.593759777134109712e-01 -3.883702330032356292e-02
-1.821030553302905308e-01 -3.470756503063157292e-03
-1.939449057058807435e-01 1.316377358094915524e-02
-1.678310196069963123e-01 -1.798051882012403901e-02
-1.855294534953388086e-01 -1.139137143595174602e-02
-1.563152495770188388e-01 -5.215515571067010081e-03
-1.761623859415574755e-01 4.611400485362002200e-03
-1.801458755419043933e-01 -1.271276150849823781e-02
-1.813253397517099463e-01 -1.064957902148148776e-02
-1.987405014679181348e-01 -1.297362100226662901e-02
-1.971949958651754709e-01 -9.820994273164658853e-03
-2.021114088066199299e-01 -1.580227600339663765e-02
-1.997861507484829102e-01 -1.019908038828266222e-02
-2.105183984129410935e-01 -1.389624039125027417e-02
-2.047083254630138183e-01 -4.807167838769789078e-03
-1.832630735559292179e-01 -9.746058869334177713e-03
-1.841765734197860216e-01 -1.988228092967355039e-03
-1.726509678630945011e-01 -1.454414446007349119e-03
-1.608017802295894916e-01 7.919624628139350483e-05
-1.360637762847514975e-01 -1.813176536364402916e-02
-1.234643427759941903e-01 -5.674131116168239231e-02
-1.558774110897619691e-01 -5.610071903048210323e-02
-1.559548236621484119e-01 -5.491585315840797482e-02
-1.399069689611353584e-01 -8.616408113761604703e-02
-1.631295140495995777e-01 -4.510579584465429503e-02
-1.464588701959463890e-01 -6.971186700194818842e-02
-1.337942903895374958e-01 -7.625712306682257136e-02
-1.448087073867501684e-01 -7.484481345285243226e-02
-8.614019003554067300e-02 -9.604173519060252295e-02
-1.544572353051132108e-01 -5.330786832875884784e-02
-1.717827856949784293e-01 -4.440734403313346262e-02
-1.390590430265264132e-01 -8.029470243736508417e-02
-1.320161982122806110e-01 -8.417962295477363077e-02
-1.229942181032195603e-01 -1.160168346835910164e-01
-1.071961902821278872e-01 -8.699831723441307785e-02
-1.028374539560611839e-01 -1.174410617149411890e-01
-1.072623381379917695e-01 -1.000524019042381835e-01
-6.316305484274697957e-02 -1.159162287238388739e-01
-5.319595826536342026e-02 -1.001759761820947975e-01
-1.188302117019348313e-02 -1.615841772488028349e-01
-6.958101314017492954e-03 -1.647593531045103143e-01
-3.353203390616532609e-02 -1.606622035272622095e-01
-3.063350193285009279e-02 -1.629634354417671405e-01
-3.876679887746636854e-02 -1.053469424579456526e-01
-4.469218324999881670e-02 -1.095680039169421444e-01
-6.534905692225392859e-02 -1.110632740605870944e-01
-6.159111485527750396e-02 -1.138278785700309464e-01
3.761662743200475806e-03 -1.016727655432527883e-01
2.252582349688881519e-02 -1.426649114204479596e-01
-8.272123181625762323e-03 -1.194288059089969878e-01
2.179256191075911939e-02 -1.577091372719605367e-01
-7.500573797460360946e-04 -1.277917832212923654e-01
2.252848494090239212e-02 -1.571379227405222123e-01
4.590332595831692758e-02 -1.504692668264686062e-01
5.073779118176190844e-02 -1.490180314837755704e-01
5.273649624883768039e-02 -1.349043207322657978e-01
6.242091146089755876e-02 -1.144351154367228146e-01
7.993792264452596885e-02 -1.359397068545202536e-01
6.389991472368997116e-02 -1.253545306987869923e-01
4.506733432128260525e-02 -1.164277098733572657e-01
4.694682582743731764e-02 -1.094595542934375249e-01
6.647433008069635052e-02 -1.337548132411246760e-01
3.144383004737717063e-02 -1.050083482614107139e-01
3.201442001161569628e-02 -1.224151599080287450e-01
2.877306816638668108e-02 -1.203059233267823325e-01
4.150653604691444121e-02 -1.189865785711469170e-01
3.733419645623414079e-02 -1.140081815551706318e-01
3.905936078335631861e-02 -1.105679078701699569e-01
5.707299573189877212e-02 -1.217854048617547785e-01
7.376621403244938702e-02 -1.371140169782445462e-01
7.976062996075471145e-02 -1.342065385017970069e-01
9.716472952277538377e-02 -1.306743465305261476e-01
1.161303258585463100e-01 -1.120925608058633144e-01
1.086515331388376582e-01 -1.067955107298935724e-01
1.143197561868996431e-01 -1.083190945865962762e-01
1.155716814453454644e-01 -8.273896024062502019e-02
1.305093370016843501e-01 -8.404229131832674504e-02
1.100158242259328123e-01 -1.252731231470143869e-01
1.082958336784522468e-01 -9.473440913351466319e-02
1.013537748793675447e-01 -1.299608657190893246e-01
1.075366300466045894e-01 -1.067255704569786412e-01
9.133603771821612038e-02 -1.236617735319104627e-01
9.413140356893318073e-02 -1.184872624151958737e-01
9.367769207203086035e-02 -1.484892425080716616e-01
8.745068956921131509e-02 -1.399840889434822433e-01
6.549904870464277884e-02 -1.474767009158280129e-01
1.056972627629886030e-01 -1.280272506823498246e-01
6.964156099148381684e-02 -1.455118575190983421e-01
7.267989473638750142e-02 -1.415329368247535968e-01
7.244474237229571456e-02 -1.366523999235429165e-01
7.002120782125988152e-02 -1.517953749134028085e-01
9.721746325067230632e-02 -1.319996893819722905e-01
1.053105712653372716e-01 -1.348485260624166793e-01
1.104771149302057193e-01 -1.248010628785935217e-01
1.094321521108875817e-01 -9.477578811718453955e-02
1.110513566432070609e-01 -9.895647215072346514e-02
1.181658635102158933e-01 -9.550783714266956881e-02
1.516611323525657584e-01 -4.741862726620782453e-02
1.352968527772450136e-01 -4.860532182602912005e-02
1.208955372703229836e-01 -1.174417031623355839e-01
9.878157082785235521e-02 -3.352956095765799449e-02
1.094214050536657379e-01 -6.857522784581564224e-03
1.283317018719621616e-01 -2.344849211977334535e-02
1.493872688602215781e-01 -1.524522676858448139e-02
1.360979643055263422e-01 -1.737450717422278287e-02
1.838006627397457127e-01 -5.780522481279275898e-02
1.788107759379856387e-01 -5.562662751197898492e-02
1.920703488432776440e-01 -5.596829953066069507e-02
1.744547291895901520e-01 -3.342769179667742785e-02
1.844880917841997259e-01 -5.866779150284213984e-02
1.846950542233274095e-01 -6.936353293313524127e-02
1.824229350177574704e-01 -5.584676775634937057e-02
1.804278198053976823e-01 -6.183780201900530848e-02
1.422327109181839022e-01 -8.187248859889398669e-03
1.519566370390457721e-01 -3.915045475345739490e-02
1.567388974473576391e-01 -1.285601527988020076e-02
1.467776357905704321e-01 -1.397619061955665543e-02
1.421982753212217843e-01 3.761223014131424847e-02
1.381372381069316813e-01 2.958411931591533109e-02
1.504981207057532189e-01 -8.018975826760350520e-03
1.052695073786330676e-01 2.960469908648543508e-02
1.162492074423071009e-01 3.618696779136259395e-02
1.027721276030006542e-01 8.829101941625508432e-02
1.311166751495437544e-01 4.384060556662705554e-02
1.264859988886436748e-01 3.702653802964984281e-02
1.263517113139543957e-01 6.010372776250575561e-02
1.191493374073767930e-01 5.546762170567945405e-02
8.002768026588871764e-02 1.125900201404095302e-01
8.238492066604088948e-02 1.061897480668625021e-01
5.617701188329413814e-02 1.185364850626182270e-01
5.222728829885732449e-02 1.266106872593431854e-01
4.122210195471923133e-02 1.478365303971562461e-01
4.492121654355199500e-02 1.633502507275121363e-01
-8.492033433344873400e-03 1.858612055863335666e-01
4.323446872594926215e-04 1.811977142271518904e-01
1.430486488840461597e-02 1.770039086556855490e-01
1.731698791115979588e-02 1.723339240483185708e-01
-5.647061614119997571e-04 1.972854962151001645e-01
-2.368082549136872952e-02 1.972785190680032552e-01
-2.911774767307104619e-02 1.902717978701785329e-01
-1.124325405850374465e-02 2.023470338161602045e-01
-6.841239023534434471e-02 1.286896857853486453e-01
-2.949901218816192161e-02 1.468776565702434866e-01
-4.281354138030509654e-02 1.273688893329785465e-01
-2.026604512024652097e-02 1.370884266032471877e-01
-9.652323711453032751e-02 1.116299759533385533e-01
-1.008482017979554085e-01 1.168207370707111115e-01
-1.194272304241686539e-01 1.245024972501613120e-01
-1.170170087199322445e-01 1.086170300210971551e-01
-1.546730654731318100e-01 1.051697566820734564e-01
-1.020540553786355442e-01 1.214458878812489651e-01
-1.214229645769967086e-01 1.206553771151697013e-01
-1.205290907527157424e-01 1.260705772998013674e-01
-3.754332237363502273e-02 1.132488878956184886e-01
-1.094997291565600189e-01 1.248572064057974773e-01
2.889990594853056316e-02 1.538370119420506554e-01
1.282724298820276526e-02 1.455910818990373834e-01
1.471684291755069596e-02 1.416762271698905062e-01
3.583712294513390767e-02 1.551247907338041132e-01
3.628380102762402554e-02 1.324094842392848359e-01
2.430122609647446946e-02 1.257117493766854166e-01
4.036369341927033977e-02 1.264739239227808121e-01
2.688014565207042655e-02 1.284570091831299665e-01
3.172506815606347674e-02 1.135640186216743119e-01
3.076036222192009631e-02 1.401905674836983751e-01
8.962508370157235699e-03 1.094860787058688223e-01
1.822999684269060658e-02 1.135608789054807083e-01
2.165832356997071575e-03 1.344814043370258505e-01
1.643451806500676252e-02 1.300290954656192211e-01
4.524817465928338001e-02 1.384346108682795728e-01
7.445821198290557275e-02 1.232873032951417730e-01
5.518875526433294348e-02 1.315133597223919482e-01
7.352927236773112996e-02 1.279494667456824164e-01
3.878748274256977463e-02 1.487410837578807266e-01
5.778365755083918198e-02 1.688856941649348187e-01
-9.834810009094547417e-03 1.210821196878498762e-01
-1.382616507677862476e-02 1.113965791294840579e-01
-2.781250069328344149e-02 1.133159472819901814e-01
-2.262643227000671678e-02 1.251386892773053428e-01
-1.636302762755537619e-04 1.189913950533363907e-01
-2.465327662146282392e-02 1.334379719886838178e-01
-5.929845807962393078e-02 1.067964447673275113e-01
-3.880349360713770956e-02 1.090756649080880103e-01
-3.638128696474290935e-02 1.293152995572167119e-01
-1.844771477913743560e-02 1.231453070982567177e-01
-1.217147696874959148e-02 1.321412241868719084e-01
-2.525013498184804431e-02 1.400645737112839739e-01
-1.749586733322244445e-02 1.283130436302094834e-01
-3.470702767777048003e-02 1.206747780854843244e-01
-2.696626277813342701e-02 1.254900786613389330e-01
-6.722340559579044472e-02 1.274936452244564145e-01
-6.544195988654182006e-02 9.138340354423366008e-02
-7.999238377900252939e-02 7.982822388662173807e-02
-7.646358472684411378e-02 7.422779170003031279e-02
-6.542417941490777378e-02 9.932538317674075024e-02
-8.349671217573800819e-02 9.233554217350531390e-02
-9.750596828312931008e-02 7.509629459184359590e-02
