1.903817441972125227e-02 1.940696838766682863e-01
-4.011538518767408801e-02 1.778383497414671166e-01
1.088661561572473041e-01 2.034541043608293909e-01
9.178963673711094950e-02 2.073955101313475491e-01
7.972282690629833857e-02 1.938700934253274888e-01
7.647471649424436579e-02 1.799531923365860764e-01
8.281303336698216111e-02 1.507727139526662541e-01
7.054510273027851663e-02 1.426636068259155010e-01
8.679038009582623614e-02 1.363068720019240398e-01
6.617494710132457159e-02 1.169084288525294446e-01
9.759223107340755932e-02 1.024239183661627695e-01
8.195218655887208381e-02 1.201661957123009578e-01
9.651253461517247945e-02 9.842995252386968486e-02
9.427997106242924641e-02 8.873683894321059140e-02
1.704936323389527331e-01 2.964174603918756645e-02
1.243499344682646446e-01 9.070542976020151693e-02
1.574722839936769647e-01 2.130432164781654036e-01
1.728345199354153205e-01 2.051004794747410542e-01
1.752572591267108071e-01 2.267706757825833641e-01
2.045675760124713582e-01 2.034645931066356717e-01
2.379762718781715247e-01 1.140663635650285834e-01
2.664869919355985495e-01 8.991318042359745799e-02
2.284455638181151216e-01 1.125409670055615846e-01
2.427523383900513365e-01 9.674975746934208476e-02
2.379221635529627232e-01 7.383432687802701788e-02
2.322492376791124025e-01 7.860359181412802931e-02
2.617187293369807044e-01 3.711116496394131770e-02
1.706421214775343254e-01 1.203496592694925232e-01
2.054454983555629721e-01 1.535210159382795203e-01
2.014588442072320906e-01 1.493864812134104436e-01
2.002858587675255542e-01 1.359777562792060246e-01
2.835883908039784074e-01 4.450154241859185372e-02
2.324997504543761251e-01 4.847607454798535942e-02
2.473765149754601766e-01 7.125013975640297204e-02
2.585998846624913972e-01 7.125009053447299567e-02
2.608142808483517316e-01 7.146204016495923128e-02
2.496040131441365773e-01 8.076316371943445538e-02
2.524790929224901004e-01 9.417322212046919105e-02
2.481009543914378668e-01 6.242785161147680617e-02
2.560731887550818930e-01 5.192766841856930743e-02
2.466192311080242783e-01 -5.542319957374017281e-03
2.389857331170485710e-01 -4.589965106713516166e-03
2.844551800414531484e-01 -9.769827300946427873e-02
2.852595737705991286e-01 -3.844752246396648115e-02
3.010929799249726924e-01 -6.624038989459107851e-02
2.858237823803349564e-01 -4.383927924961847356e-02
3.165505632197997965e-01 -7.768977325991956173e-02
3.053901439064898304e-01 -6.689191373338738977e-02
1.568190105390059597e-01 -4.109677650230083266e-03
1.741627065950641096e-01 7.803118999041125381e-03
2.348815012021624460e-01 1.089039675489124033e-03
2.345668746257416337e-01 3.901505579133631579e-02
1.897890405647401912e-01 -5.707325738295838252e-02
2.224105972251122498e-01 -6.407324228678890066e-02
2.135073703284182389e-01 -7.462872408066648089e-02
2.742110224799669260e-01 -2.285378683609870162e-02
2.745261323262457309e-01 -5.043979686862935102e-02
2.737605075790389697e-01 -4.317349447529119505e-02
2.464754672747206110e-01 -3.950466185410880793e-02
2.453421457611347223e-01 -4.234034618959613833e-02
2.743743318941928577e-01 -3.653540262482330575e-02
2.402900247670533840e-01 -7.070469365143063067e-02
1.814661670708149210e-01 -1.069970831332305444e-01
1.554508377733312408e-01 -1.290514163320647389e-01
1.650486845458779273e-01 -1.618163430503006261e-01
1.536828934418151826e-01 -1.896653413799840038e-01
1.731073347196800949e-01 -1.166394712776866183e-01
1.630944486335570154e-01 -1.356097820801306086e-01
1.207492339476139293e-01 -1.494782756380989008e-01
1.601936839571966587e-01 -1.564546966616325863e-01
1.299220180317523232e-01 -1.347791485875853568e-01
1.136012342256179919e-01 -1.450020870225300629e-01
1.468530105785475770e-01 -7.465015799381154171e-02
1.497149346774342138e-01 -5.499115184599585870e-02
1.398828989114929422e-01 -2.092031720856351307e-01
1.500445247205683952e-01 -2.205497039909136703e-01
1.197289975807925566e-01 -2.086016980001848542e-01
9.930780327142678388e-02 -2.227972489092539254e-01
9.413060487854986447e-02 -2.213070236561168191e-01
1.231549155028114906e-01 -2.418544050950631186e-01
5.486094194231982274e-02 -1.791146117397097726e-01
8.286846620957945275e-02 -2.064126824313096131e-01
8.707311981106297116e-02 -2.468953929835275840e-01
7.633030830113007870e-02 -2.976601888316404154e-01
8.621151230039868218e-02 -2.278850244795231073e-01
1.078028998236249536e-01 -1.766218163178925882e-01
-2.375342947447343228e-02 -2.435442565973082729e-01
6.440087240216577080e-02 -2.761698047087294827e-01
-1.729529831373700834e-03 -2.325393427849622441e-01
-2.115681605289034331e-02 -2.619950523024366373e-01
6.368312269394421632e-02 -2.422832444479170455e-01
8.373126399600502867e-02 -2.147759537055843049e-01
-7.016127459502921604e-02 -2.497332788817011873e-01
-6.730981239362342217e-02 -2.514830021496834989e-01
-1.515170211294715186e-01 -2.002174134365303781e-01
-1.633477536346667758e-01 -2.003026121226017808e-01
-1.050758796106459197e-01 -2.267754726833957901e-01
-1.000231500545212260e-01 -2.265384019697370410e-01
-1.427143054137930689e-01 -1.941728530419026544e-01
-1.284601177619572321e-01 -1.994759700811056524e-01
5.386654261401610522e-02 -1.603809778754847204e-01
4.256230577075158228e-02 -2.220846048575873533e-01
-1.376879677615785169e-01 -1.663450111926680630e-01
-1.449865955387496380e-02 -1.980565170138354480e-01
-1.610520070227151324e-01 -1.602531619474939772e-01
-1.459708283011524055e-01 -1.670612887177111983e-01
-1.727965206054721536e-01 -1.702548254335820299e-01
-1.805891933685556117e-01 -1.598433133101698489e-01
-1.529882019704279505e-01 -1.674162235800632503e-01
-7.924958042316224138e-02 -1.553234872163148372e-01
-1.698595464875314320e-01 -2.100939279282883487e-01
-1.334846207785998773e-01 -1.729500930270042036e-01
-1.151882745403013386e-01 -2.217363104810614605e-01
-8.869858902889660168e-02 -2.118613531921791637e-01
-1.179098982398664036e-01 -1.632307307335039981e-01
-8.996397745533497858e-02 -1.653698800125903701e-01
-7.106529798517201291e-02 -1.414798641571482773e-01
-1.079882248647138776e-01 -1.289540643040096302e-01
-7.189441902205066792e-02 -5.918025131760625696e-02
-6.818084814123899495e-02 -8.014340592435773014e-02
-6.207030351211498959e-02 -1.066153178443194349e-01
-5.813047284335613046e-02 -1.254025678144534972e-01
-5.448962960144772272e-02 -1.528517229827610624e-01
-6.357380973690439363e-02 -1.558387423793269055e-01
-7.242127266165396260e-02 -1.718768043691080993e-01
-3.854335308691318046e-02 -8.161064006147408789e-02
-3.772071592062892914e-02 -6.286450382703454021e-02
-4.210396458295707217e-02 -2.078496227078848249e-02
-1.227526470427039995e-02 -5.382381350407410003e-02
-1.032078894690886678e-01 -1.234222263803605030e-01
5.085245563068315627e-02 -5.266752772279290756e-02
8.025816461674151192e-02 -4.183785740533207259e-02
-6.912196696770173121e-02 -1.608034989224177980e-01
-8.860973002112318420e-02 -1.666115255698956132e-01
-1.285184144259350625e-01 -8.089109599016877650e-02
-1.572637977971728107e-01 -4.110390025798495162e-02
-1.363696254879253889e-01 -1.514948802104231496e-01
-1.688031364768969589e-01 -2.768537389510559721e-01
-5.840106369133005876e-02 -2.424499725489160096e-01
-1.394958087047023787e-01 -2.930133164617907404e-01
1.345717944954707285e-02 -2.038571514223747327e-01
5.402196309528280345e-03 -2.098475318962591540e-01
-1.724596815144684159e-01 -1.648744389137550004e-01
-1.700751564397196824e-01 -1.885690884543926304e-01
-1.598563794952186090e-01 -1.465981752228875945e-01
-1.385722621072418559e-01 -1.563176986063404550e-01
-2.262272477767401369e-01 -1.853071601041774985e-01
-1.452462009468966087e-01 -1.795783360167555465e-01
-1.956492782557621990e-01 -6.460154126124517671e-02
-1.959856877735588476e-01 -7.357242146333378696e-02
-2.123770379283982934e-01 -4.116557086152675821e-02
-1.830609933998766370e-01 -1.150499877653879816e-01
-9.439172274236344584e-02 -2.357624126588200031e-01
-1.349549782709093815e-01 -1.562186103865733922e-01
-1.304050552042331501e-01 -1.624689542462773584e-01
-1.339836237552773091e-01 -1.499592812872879433e-01
-1.941965511638266972e-01 -1.366575379805307355e-01
-1.550129594842449554e-01 -2.335948578514152885e-01
-2.149523472037426219e-01 6.452006106824758822e-03
-1.787957431278690279e-01 -7.267082784664355422e-02
-2.134108058512427797e-01 -8.800925827315609490e-03
-2.066116106239561656e-01 -2.353971680394979435e-02
-2.222611415468147278e-01 -2.101690942900859976e-02
-2.121620902349043158e-01 -6.210084795702693235e-03
-2.421011233069976232e-01 -2.375796684147324367e-02
-2.293354247165869109e-01 -9.528777217984975983e-03
-2.153910130437085846e-01 2.412494317778635100e-02
-2.240148025691952871e-01 3.753457871769536741e-02
-2.623660245645197953e-01 -4.026987492699210525e-02
-2.672403559475198254e-01 -3.570487205085890597e-02
-2.406729713822839678e-01 -2.967650790855445864e-02
-2.309785064359109463e-01 -1.001005269284469951e-01
-2.336765662551791578e-01 -5.087104362133129665e-02
-2.516407092133337020e-01 -9.880970418837259350e-02
-2.349207713528432551e-01 4.781131001002490721e-02
-1.568636324558916606e-01 -1.943077748266938687e-02
-2.478187426932681736e-01 3.784749371336920687e-02
-2.569095140926210274e-01 7.304988145468495342e-02
-2.325164501128014760e-01 1.256599358621469098e-01
-1.411899022423674654e-01 1.726650354063375692e-01
-2.304148884893348070e-01 1.029808510797036586e-01
-1.781050073097636965e-01 1.426030101553913965e-01
-2.361958520247664506e-01 9.612058486147678771e-02
-1.939796524920172072e-01 9.762545140142195321e-02
-2.399496774948584876e-01 6.397862878792894004e-02
-2.130140412978510367e-01 1.102793625141312017e-01
-2.150716074653589716e-01 8.829998983993293804e-02
-2.327137137092705477e-01 9.431306609825823584e-02
-1.922070007541068770e-01 1.268074690893337964e-01
-1.657903605867898089e-01 1.318802632940059838e-01
-2.331162775009579247e-01 9.252613105121241383e-03
-1.903807597586129607e-01 2.128436797234754818e-03
-1.672564223470285050e-01 6.708528432266729069e-02
-1.347551819824068797e-01 1.632158746600923804e-01
-1.722249913523322407e-01 1.429038098442092231e-01
-1.571250993479360036e-01 1.428934284917047493e-01
-1.084696511376681688e-01 2.094776156683100798e-01
-5.878501711876474300e-02 2.754983101905247311e-01
-7.234721603064125928e-02 2.239489525763262157e-01
-6.925788214053432701e-02 1.959143786211831051e-01
-2.741074863876181988e-02 2.857379393344529617e-01
-7.919226819778395904e-03 3.008707115880746574e-01
2.503595831934650462e-02 3.061554643726748792e-01
-2.266725809508576828e-02 2.407285116181830387e-01
-3.825099719644706187e-02 2.428141969318712567e-01
-8.420906574502455555e-02 2.048361308624325472e-01
-2.170716197725596278e-02 2.886136634726170769e-01
-5.131108320061571887e-02 2.265240291661833882e-01
-3.310973752453561653e-02 2.854685253380775944e-01
-2.991268591539224947e-02 2.388690502946747563e-01
-2.210199345121583586e-02 3.025504144233024384e-01
-3.547323364838138315e-02 2.777305694622462795e-01
-5.944613028446499997e-03 2.745553433043273484e-01
7.013032295051473131e-02 1.553117455486545673e-01
5.661031170735045942e-02 2.629870263320087109e-01
3.486055038705879183e-02 2.481339957306159805e-01
3.285947980836360222e-02 2.663378226394390591e-01
5.706637078748233449e-02 3.126838315917794819e-01
2.459021123354506247e-02 2.146865487818602203e-01
7.596532321562063372e-02 1.784476814368302910e-01
3.321483305712048806e-02 1.909439123342147326e-01
8.232689073819177139e-02 1.571158277262164615e-01
6.151910067869565020e-03 2.366432883177103097e-01
6.891799576459287958e-03 2.984302704008706675e-01
3.789574910363149168e-02 2.378419944531909302e-01
5.103531510055225873e-02 2.531186558323016977e-01
-6.248825586900190465e-02 2.313897332872744683e-01
-1.101151313073984034e-01 1.826255851567310795e-01
5.200030208833353318e-02 1.810693667196559276e-01
3.167457147480007285e-02 1.652784167172490215e-01
2.445543263982287094e-02 1.830268423299135638e-01
9.772682172885165108e-02 2.266567135905210584e-01
6.652194828350832534e-02 2.506272028267566565e-01
1.267908947230938776e-01 2.552511467266783129e-01
1.493137401503444317e-01 1.480793794386759676e-01
1.167587225898611275e-01 1.557363965627394375e-01
1.377463897177417518e-01 2.721801793457162555e-01
1.356576078971858390e-01 2.718207876613407126e-01
2.041563312622241833e-01 8.681074902539540061e-02
1.750429915907946721e-01 1.975705265255559007e-01
1.989206214187659028e-01 3.143630377329865999e-02
2.079276439416212208e-01 9.884422218545003969e-02
1.985199191109758843e-01 6.134483938504956685e-02
2.106064624609888802e-01 3.107513115000207909e-02
2.127806040575688507e-01 2.695706563543161585e-02
2.249055942096157279e-01 4.824418108641613523e-02
2.051178413918606502e-01 5.173060170982012040e-02
2.089540912210616774e-01 8.271818718263501680e-02
2.049472829297651899e-01 -1.074693496524879721e-02
2.020890817986732702e-01 -4.007694286036108874e-03
2.179026559899865378e-01 -7.024380634743998542e-02
1.963793021234319647e-01 -7.493953819487443602e-02
1.914080124878166922e-01 -9.960159554730407816e-02
2.216589157082520523e-01 -5.163230104093270018e-02
2.848266534722779242e-01 -9.917959356799622983e-02
2.655455464545095623e-01 -2.673180371024672444e-02
2.207180071936719334e-01 -5.398594159198055742e-02
2.176267804966212915e-01 -8.392308633185106836e-02
2.337727190580311531e-01 -7.092322559637123658e-02
2.311941163880991967e-01 -9.107656311223732981e-02
2.175151630583143092e-01 -4.978752910748222849e-03
2.106899070564646759e-01 -1.812148309469042984e-02
2.121618038527662564e-01 3.303586323839988962e-03
1.536842537569709510e-01 7.392187926729555658e-02
2.228571027761074297e-01 1.587912214052107293e-02
2.490358667800024461e-01 2.234625951609323091e-02
2.338651309942048062e-01 1.430810356404562875e-02
2.832957798544206152e-01 2.221886421186777122e-02
2.684786723124701346e-01 6.456922930157493745e-02
2.702237418707090777e-01 7.683592491530821626e-03
2.169473925707363915e-01 7.587437003846268790e-02
1.776543134199994323e-01 8.214222795579709246e-02
1.230228754382844542e-01 1.251422017037523149e-01
8.499082633582234758e-02 1.420586693064831152e-01
8.248512581890903028e-02 1.696180726485000956e-01
1.379521552839343690e-01 1.704436765547457655e-01
3.954181546180055712e-02 1.773036026941836873e-01
3.428721782139334401e-02 1.902394301734827708e-01
1.408302241758538631e-01 1.691826823042381633e-01
1.165757870497366039e-01 1.449672289466636677e-01
1.753934159344723853e-01 1.542205222093627759e-01
1.558499649793619324e-01 1.720779341244409455e-01
2.941426644232110754e-01 3.031105018150828667e-02
2.696151977262255528e-01 2.931949006362013013e-02
3.062004979638840441e-01 9.267285714975658645e-03
3.198585274987072458e-01 6.392618505889759162e-02
2.843711268839339557e-01 1.563616045678810351e-02
2.934757341203316217e-01 2.222271694656879383e-03
2.691582392271913426e-01 1.973036899684230475e-02
2.908263055678818598e-01 6.422007577863484903e-03
2.626205108919490439e-01 -7.550223434894368785e-03
2.540410390023263854e-01 -2.908818950257109279e-02
2.834368409562963986e-01 3.688109495114173797e-02
2.815693609329225633e-01 5.507115538109409736e-02
2.525163583982045212e-01 2.039958811946579118e-02
2.116397650128589991e-01 -5.034773843540734511e-02
2.309344035866504330e-01 -2.197156160138281078e-01
2.334077787197307852e-01 -9.346238585604911553e-02
2.772267874836400470e-01 -1.439261224815315265e-01
2.672802883568948795e-01 -1.462759058231574427e-01
2.498524317500157577e-01 -1.126090096116751232e-01
2.368024630898180882e-01 -1.066784382574351431e-01
1.803760713611917144e-01 -1.711998148936294262e-01
1.135729629389268525e-01 -2.109279980064902582e-01
1.542319237982341107e-01 -1.908663564714526972e-01
1.362998914373089454e-01 -2.042663020032373655e-01
1.354352053186605731e-01 -1.907474720863925610e-01
1.746835283108846004e-01 -1.956067505082610125e-01
1.869563274439351996e-01 -1.829451339261497222e-01
1.452504071845492906e-01 -1.749791641717756419e-01
1.388207791569809890e-01 -1.913134347867239959e-01
4.157134750282542868e-02 -1.661097661651394219e-01
5.242815252786698493e-02 -2.161301295442615844e-01
3.145616929676578466e-02 -1.486502732814470318e-01
1.270951041492429101e-01 -2.234252491402415330e-01
8.102283177367412825e-02 -2.210396501324750906e-01
8.577068964495551673e-02 -2.336371171156620408e-01
1.143811780797274885e-01 -2.242643309058594270e-01
4.543588651760123442e-02 -2.339762114660029479e-01
4.601807903066276739e-02 -2.304357406887619641e-01
-1.765432055396766757e-03 -2.400753634556974381e-01
-9.376326273380260201e-03 -2.420115572933208836e-01
-8.362088158066839638e-02 -2.095110507829280044e-01
-1.277927489364288349e-01 -2.027511257063221994e-01
-7.873036960686830010e-02 -1.802243246257897447e-01
-8.482837606801058028e-02 -1.729414120684444056e-01
-1.227981728532129557e-01 -1.357541186777103948e-01
-1.358879128328330244e-01 -1.435013014280521748e-01
-1.092391241448550376e-01 -1.744381883129895172e-01
-1.104687058545947148e-01 -1.680128828658174756e-01
-1.488426594321273777e-01 -1.490247089775122991e-01
-1.436465508686970149e-01 -1.582110783143246546e-01
-9.072728429711184039e-02 -1.496116849672235183e-01
-1.696009971135185590e-01 -1.590569437568377376e-01
-1.419010248889255865e-01 -2.036731508986742989e-01
-1.714542296255241460e-01 -1.570313807932574579e-01
-1.770020244039280100e-01 -1.763452785658330968e-01
-2.018576492333574723e-01 -1.765042743491045674e-01
-1.927815191208127055e-01 -1.531710211678088962e-01
-2.057070010453745379e-01 -1.506667704604695013e-01
-1.884922664458593411e-01 -1.745737544575913514e-01
-1.851625192255760277e-01 -1.741504995564295000e-01
-1.725637456238842127e-01 -2.072542700406354854e-01
-1.863755444679593976e-01 -2.005481490082167972e-01
-1.784427950415997111e-01 -1.986069971798282707e-01
-1.852749063158790344e-01 -2.321777495379004075e-01
-2.176649051187498907e-01 -1.387035325197728819e-01
-1.806594822845645210e-01 -1.651993752471458132e-01
-1.116461481163247282e-01 -2.428728873712889258e-01
-1.178554408864268543e-01 -2.529011485984488661e-01
-1.086925817332604627e-01 -2.340914981754537716e-01
3.491980911603166648e-02 -1.850717718855798225e-03
-3.567909318371303984e-02 -3.902099822070096563e-02
-6.834261825147287805e-02 -6.928282870959147355e-02
-3.685873700812935388e-02 -8.532254634610832167e-02
-4.900007331564991409e-02 -1.197898448356874562e-01
2.433666683486677626e-02 -6.631698369235809742e-02
1.266133243733369614e-02 -9.053124677417129229e-02
2.554039584456561582e-02 -1.475320136784344649e-01
-1.528355065941937041e-01 -2.014766177986751228e-01
