4.721013069152832031e+00 7.829547405242919922e+00
4.797270774841308594e+00 7.686750411987304688e+00
5.454484462738037109e+00 7.483777046203613281e+00
5.399472713470458984e+00 7.098254203796386719e+00
5.372304916381835938e+00 7.429148674011230469e+00
5.200467586517333984e+00 6.548870563507080078e+00
4.995053768157958984e+00 6.711254119873046875e+00
4.730175971984863281e+00 6.707440376281738281e+00
4.605843067169189453e+00 7.196479320526123047e+00
4.840250015258789062e+00 6.398155689239501953e+00
4.253183841705322266e+00 6.777066707611083984e+00
4.392315864562988281e+00 6.635143280029296875e+00
4.093312740325927734e+00 6.764812946319580078e+00
4.034698009490966797e+00 6.665658950805664062e+00
3.365403652191162109e+00 6.573406219482421875e+00
3.701831102371215820e+00 6.339091300964355469e+00
3.528632402420043945e+00 6.914690494537353516e+00
3.256181001663208008e+00 7.080842018127441406e+00
3.197665691375732422e+00 7.535355091094970703e+00
3.174963474273681641e+00 7.368612289428710938e+00
3.777557373046875000e+00 7.838857173919677734e+00
3.701753139495849609e+00 7.950709819793701172e+00
3.745910644531250000e+00 8.400000572204589844e+00
3.876073360443115234e+00 8.064648628234863281e+00
3.540271997451782227e+00 8.614604949951171875e+00
3.391866445541381836e+00 8.393977165222167969e+00
3.123205184936523438e+00 8.768898010253906250e+00
3.127326965332031250e+00 8.887051582336425781e+00
2.740570068359375000e+00 8.606573104858398438e+00
3.345173358917236328e+00 8.919136047363281250e+00
2.610085248947143555e+00 8.364217758178710938e+00
2.285715818405151367e+00 8.494454383850097656e+00
2.326997756958007812e+00 8.139164924621582031e+00
2.561488628387451172e+00 7.935071468353271484e+00
2.169863700866699219e+00 7.340419769287109375e+00
2.330082416534423828e+00 7.487928390502929688e+00
1.961507558822631836e+00 7.461001873016357422e+00
1.602972626686096191e+00 7.758286476135253906e+00
1.553524851799011230e+00 7.765541553497314453e+00
1.385739326477050781e+00 7.539196968078613281e+00
1.210729718208312988e+00 7.512432575225830078e+00
1.109242439270019531e+00 7.385387897491455078e+00
1.338068485260009766e+00 7.277166366577148438e+00
1.119414448738098145e+00 7.718671321868896484e+00
9.152835607528686523e-01 7.092171192169189453e+00
8.760347366333007812e-01 7.027630329132080078e+00
3.754904866218566895e-01 7.138465404510498047e+00
3.061580955982208252e-01 7.392802238464355469e+00
3.943490087985992432e-01 7.757320404052734375e+00
1.619580686092376709e-01 7.821636199951171875e+00
2.131737619638442993e-01 8.155466079711914062e+00
3.459073305130004883e-01 8.691253662109375000e+00
4.885652959346771240e-01 8.952341079711914062e+00
2.045017182826995850e-01 8.863336563110351562e+00
-9.478706121444702148e-02 9.121435165405273438e+00
5.046112462878227234e-03 9.206079483032226562e+00
-4.065566360950469971e-01 8.471920013427734375e+00
-3.768081367015838623e-01 9.158067703247070312e+00
-8.508140444755554199e-01 8.986178398132324219e+00
-6.884031295776367188e-01 8.754939079284667969e+00
-1.342660784721374512e+00 8.747753143310546875e+00
-1.306456565856933594e+00 8.956544876098632812e+00
-1.692577481269836426e+00 8.718721389770507812e+00
-1.458366274833679199e+00 8.356027603149414062e+00
-1.714501142501831055e+00 8.203128814697265625e+00
-2.065082788467407227e+00 8.471143722534179688e+00
-2.025802850723266602e+00 8.428875923156738281e+00
-1.610614657402038574e+00 7.924898147583007812e+00
-1.714852690696716309e+00 7.412465572357177734e+00
-1.490191102027893066e+00 7.654169082641601562e+00
-2.098669290542602539e+00 7.616235256195068359e+00
-1.852202177047729492e+00 7.300721168518066406e+00
-2.424330472946166992e+00 7.223536968231201172e+00
-2.229163885116577148e+00 7.553332328796386719e+00
-2.783831119537353516e+00 7.253619194030761719e+00
-2.675983428955078125e+00 7.017989158630371094e+00
-2.733356475830078125e+00 7.107148170471191406e+00
-2.447121620178222656e+00 6.884685516357421875e+00
-3.114227294921875000e+00 8.043488502502441406e+00
-3.124639749526977539e+00 7.798439502716064453e+00
-3.359668970108032227e+00 8.260855674743652344e+00
-3.527861118316650391e+00 8.037023544311523438e+00
-3.787518978118896484e+00 7.971637725830078125e+00
-3.763219118118286133e+00 8.118537902832031250e+00
-4.035479068756103516e+00 7.457282066345214844e+00
-4.278144359588623047e+00 7.648140907287597656e+00
-4.835885524749755859e+00 7.540475845336914062e+00
-4.591873168945312500e+00 7.824419498443603516e+00
-4.953752040863037109e+00 6.909651756286621094e+00
-4.994660854339599609e+00 7.259107589721679688e+00
-4.625400543212890625e+00 6.758354187011718750e+00
-4.771156787872314453e+00 7.127731323242187500e+00
-4.472118854522705078e+00 6.931267261505126953e+00
-4.569701194763183594e+00 6.541862010955810547e+00
-3.995571851730346680e+00 6.680458545684814453e+00
-3.912472486495971680e+00 6.600882053375244141e+00
-3.976262569427490234e+00 6.348946571350097656e+00
-4.228597640991210938e+00 6.543683052062988281e+00
-3.825532197952270508e+00 6.044422149658203125e+00
-3.480424642562866211e+00 6.052780628204345703e+00
-3.322377443313598633e+00 6.329859733581542969e+00
-2.984236240386962891e+00 6.354038238525390625e+00
-2.382233858108520508e+00 6.117511272430419922e+00
-2.065147161483764648e+00 5.958634376525878906e+00
-1.672441959381103516e+00 5.634665966033935547e+00
-1.431539893150329590e+00 5.924563884735107422e+00
-1.205161690711975098e+00 5.778854370117187500e+00
-1.181917786598205566e+00 5.463726043701171875e+00
-1.186206221580505371e+00 5.138903617858886719e+00
-1.109377861022949219e+00 5.232932090759277344e+00
-5.939840674400329590e-01 5.330296993255615234e+00
-5.470833182334899902e-01 5.857470035552978516e+00
-6.303222775459289551e-01 5.248070240020751953e+00
-6.418043375015258789e-01 5.609158515930175781e+00
3.157085552811622620e-02 5.676213264465332031e+00
-2.525498270988464355e-01 5.055355072021484375e+00
-1.761668473482131958e-01 5.218385696411132812e+00
-1.126883476972579956e-01 5.388778209686279297e+00
3.012311756610870361e-01 5.498365879058837891e+00
-2.512882947921752930e-01 4.855671882629394531e+00
4.191568195819854736e-01 5.257214069366455078e+00
5.498089194297790527e-01 4.899623870849609375e+00
9.859541654586791992e-01 5.044626235961914062e+00
7.739314436912536621e-01 5.416139125823974609e+00
1.292224168777465820e+00 5.604237079620361328e+00
1.139093995094299316e+00 5.278970241546630859e+00
1.696341276168823242e+00 5.442198276519775391e+00
1.747578263282775879e+00 5.310232162475585938e+00
2.174388408660888672e+00 4.752599239349365234e+00
2.202282428741455078e+00 4.860944747924804688e+00
2.281610965728759766e+00 5.153194904327392578e+00
2.324762344360351562e+00 4.585387229919433594e+00
2.535149335861206055e+00 4.709121227264404297e+00
2.510344505310058594e+00 5.158996105194091797e+00
2.924558639526367188e+00 5.063484191894531250e+00
3.189392089843750000e+00 4.675691127777099609e+00
3.106528043746948242e+00 4.375972270965576172e+00
3.166926383972167969e+00 4.640825271606445312e+00
3.465716361999511719e+00 4.846474647521972656e+00
3.412706613540649414e+00 4.273222923278808594e+00
3.578112602233886719e+00 4.494546890258789062e+00
3.307818651199340820e+00 3.999252080917358398e+00
3.957529306411743164e+00 4.253688812255859375e+00
3.681765317916870117e+00 3.618216276168823242e+00
4.014576435089111328e+00 3.695433139801025391e+00
4.266415119171142578e+00 4.350264549255371094e+00
4.392040252685546875e+00 3.471095323562622070e+00
4.263604640960693359e+00 3.828797340393066406e+00
4.653031826019287109e+00 4.142340183258056641e+00
4.498810768127441406e+00 3.827304840087890625e+00
4.953531742095947266e+00 4.041571140289306641e+00
5.086119651794433594e+00 3.910184383392333984e+00
5.321709156036376953e+00 4.249685287475585938e+00
5.517185688018798828e+00 4.126768112182617188e+00
5.655591487884521484e+00 4.501571655273437500e+00
5.411769866943359375e+00 4.587687492370605469e+00
6.098450660705566406e+00 4.333807468414306641e+00
5.730049610137939453e+00 3.887370824813842773e+00
6.515610694885253906e+00 4.078045845031738281e+00
6.363142013549804688e+00 4.519371509552001953e+00
6.271677017211914062e+00 3.937582015991210938e+00
6.670530319213867188e+00 3.998256683349609375e+00
6.307161331176757812e+00 3.468035459518432617e+00
6.597640514373779297e+00 3.406029224395751953e+00
6.564831256866455078e+00 3.102283954620361328e+00
6.738315582275390625e+00 2.877990484237670898e+00
6.112611770629882812e+00 2.492167234420776367e+00
6.324331283569335938e+00 2.411961793899536133e+00
6.656278610229492188e+00 2.382170677185058594e+00
6.226324081420898438e+00 1.967602610588073730e+00
6.454973220825195312e+00 2.158456563949584961e+00
6.643985748291015625e+00 1.905586123466491699e+00
7.057262420654296875e+00 1.806204795837402344e+00
7.076077938079833984e+00 1.657088637351989746e+00
7.405097484588623047e+00 1.809789419174194336e+00
7.479468822479248047e+00 2.035753726959228516e+00
7.786858081817626953e+00 1.831716775894165039e+00
8.123424530029296875e+00 1.948478102684020996e+00
8.329607009887695312e+00 2.107916116714477539e+00
8.270008087158203125e+00 1.679628372192382812e+00
8.417024612426757812e+00 1.346578478813171387e+00
8.572376251220703125e+00 1.850922822952270508e+00
9.091438293457031250e+00 8.900989890098571777e-01
8.719164848327636719e+00 1.269614219665527344e+00
8.732950210571289062e+00 6.133984327316284180e-01
9.152809143066406250e+00 4.936351180076599121e-01
9.167448997497558594e+00 2.489032000303268433e-01
8.659912109375000000e+00 2.615142166614532471e-01
8.849109649658203125e+00 -1.735137253999710083e-01
9.067071914672851562e+00 1.683909632265567780e-02
7.972585678100585938e+00 -1.541277766227722168e-01
8.344780921936035156e+00 -3.309274911880493164e-01
7.976804733276367188e+00 -7.519010305404663086e-01
8.136581420898437500e+00 -8.324193358421325684e-01
7.966339588165283203e+00 -5.532297492027282715e-01
7.749163627624511719e+00 -4.099845290184020996e-01
7.276041984558105469e+00 -8.197329640388488770e-01
7.534020900726318359e+00 -6.069006323814392090e-01
7.263947010040283203e+00 -1.623285114765167236e-01
6.987605094909667969e+00 -5.816661119461059570e-01
6.966550827026367188e+00 -8.914431929588317871e-02
6.673618793487548828e+00 -5.055649876594543457e-01
6.439023017883300781e+00 -4.611323773860931396e-01
7.176392555236816406e+00 1.417417358607053757e-02
6.720458507537841797e+00 2.345736026763916016e-01
6.614022731781005859e+00 4.871157705783843994e-01
6.886835575103759766e+00 5.638350248336791992e-01
6.594820022583007812e+00 3.969959616661071777e-01
6.144371986389160156e+00 2.045603692531585693e-01
5.950445175170898438e+00 3.411597013473510742e-01
5.729770660400390625e+00 1.033872365951538086e+00
5.624432086944580078e+00 8.818437457084655762e-01
5.214497089385986328e+00 1.002675890922546387e+00
5.198590278625488281e+00 1.648293733596801758e-01
5.075397491455078125e+00 2.538509070873260498e-01
5.273743152618408203e+00 6.709080934524536133e-01
5.004708290100097656e+00 7.778857350349426270e-01
5.053561687469482422e+00 7.074969410896301270e-01
4.349594116210937500e+00 7.039996981620788574e-01
4.083991050720214844e+00 4.903568923473358154e-01
3.745677471160888672e+00 8.575403094291687012e-01
3.804358482360839844e+00 2.980765998363494873e-01
3.461155891418457031e+00 7.228113412857055664e-01
3.365089416503906250e+00 8.410731554031372070e-01
3.184268474578857422e+00 4.200812876224517822e-01
3.236525058746337891e+00 1.647509634494781494e-01
2.911661863327026367e+00 8.976099640130996704e-02
2.811352014541625977e+00 4.568277001380920410e-01
2.498565435409545898e+00 3.833805769681930542e-02
3.045595884323120117e+00 9.143664240837097168e-01
2.372722148895263672e+00 6.984217762947082520e-01
2.584637641906738281e+00 5.299472808837890625e-01
2.009109020233154297e+00 6.818082332611083984e-01
2.291735649108886719e+00 1.050296068191528320e+00
1.866106986999511719e+00 7.675214409828186035e-01
2.042483568191528320e+00 1.439067721366882324e+00
1.974748849868774414e+00 1.171399116516113281e+00
1.744258522987365723e+00 1.221006751060485840e+00
2.534376382827758789e+00 1.672394156455993652e+00
2.356721162796020508e+00 1.549579501152038574e+00
2.130312681198120117e+00 2.292269468307495117e+00
2.117564201354980469e+00 2.071557760238647461e+00
1.678860306739807129e+00 2.005018711090087891e+00
2.057411432266235352e+00 2.062229394912719727e+00
1.734184145927429199e+00 2.506551504135131836e+00
1.630113005638122559e+00 2.547632217407226562e+00
1.157361507415771484e+00 2.667419672012329102e+00
1.293260931968688965e+00 2.601046323776245117e+00
1.709299445152282715e+00 2.998071908950805664e+00
1.239562034606933594e+00 3.316756010055541992e+00
1.440221428871154785e+00 3.409050464630126953e+00
1.586994767189025879e+00 3.304089069366455078e+00
1.017996668815612793e+00 3.833483457565307617e+00
8.338158130645751953e-01 3.841077566146850586e+00
7.186558842658996582e-01 3.465650320053100586e+00
7.811422944068908691e-01 3.336395740509033203e+00
3.393297493457794189e-01 3.267231941223144531e+00
2.855558395385742188e-01 3.179609537124633789e+00
-1.995205879211425781e-01 3.759807825088500977e+00
-1.365053504705429077e-01 3.770979166030883789e+00
-1.712329089641571045e-01 3.331050872802734375e+00
-5.206648707389831543e-01 3.069122314453125000e+00
-7.496829032897949219e-01 3.386907100677490234e+00
-8.750916719436645508e-01 3.535689830780029297e+00
-1.281512618064880371e+00 3.645093202590942383e+00
-9.255220890045166016e-01 3.326024293899536133e+00
-1.314866423606872559e+00 3.731386423110961914e+00
-1.226160645484924316e+00 3.914341211318969727e+00
-1.516765832901000977e+00 4.177164077758789062e+00
-2.156090736389160156e+00 4.748246192932128906e+00
-2.370095729827880859e+00 4.564044952392578125e+00
-2.312983751296997070e+00 4.693143844604492188e+00
-2.434186458587646484e+00 4.349956035614013672e+00
-2.561445713043212891e+00 4.516143798828125000e+00
-3.032095432281494141e+00 4.510083675384521484e+00
-3.136784791946411133e+00 4.021999835968017578e+00
-3.516297817230224609e+00 4.184381961822509766e+00
-3.366497039794921875e+00 4.209044933319091797e+00
-3.537762641906738281e+00 4.867935180664062500e+00
-3.822249412536621094e+00 4.598015308380126953e+00
-3.368330717086791992e+00 4.885246753692626953e+00
-3.736086845397949219e+00 4.556092262268066406e+00
-3.369239091873168945e+00 4.993763923645019531e+00
-4.008846759796142578e+00 5.197304725646972656e+00
-4.294673442840576172e+00 4.964757442474365234e+00
-3.833847761154174805e+00 4.884616374969482422e+00
-4.687558650970458984e+00 4.470991611480712891e+00
-4.776827335357666016e+00 4.557702064514160156e+00
-4.756352901458740234e+00 4.114447593688964844e+00
-5.053892135620117188e+00 4.430490970611572266e+00
-4.508253574371337891e+00 3.980691432952880859e+00
-4.698747634887695312e+00 3.942127943038940430e+00
-4.390452861785888672e+00 3.683577775955200195e+00
-4.274100780487060547e+00 3.538423061370849609e+00
-3.961470603942871094e+00 3.234815597534179688e+00
-3.889190912246704102e+00 3.276380300521850586e+00
-3.346859931945800781e+00 3.060968875885009766e+00
-3.650222778320312500e+00 2.933636188507080078e+00
-3.169359683990478516e+00 2.913435935974121094e+00
-2.823904514312744141e+00 2.809293270111083984e+00
-2.720601558685302734e+00 2.902492523193359375e+00
-2.414792060852050781e+00 3.091506719589233398e+00
-3.273964643478393555e+00 2.231905460357666016e+00
-3.112121582031250000e+00 2.295748233795166016e+00
-2.614165782928466797e+00 1.857259392738342285e+00
-2.761305093765258789e+00 1.616399288177490234e+00
-2.066996574401855469e+00 1.995788574218750000e+00
-2.507183551788330078e+00 2.025532960891723633e+00
-2.127015352249145508e+00 1.616271138191223145e+00
-2.420433998107910156e+00 2.214664936065673828e+00
-1.937195777893066406e+00 1.356437683105468750e+00
-1.922927260398864746e+00 1.240293979644775391e+00
-1.572632431983947754e+00 1.069538593292236328e+00
-1.396790027618408203e+00 8.857449889183044434e-01
-1.411737918853759766e+00 9.128282070159912109e-01
-1.159306764602661133e+00 6.677264571189880371e-01
-2.053463935852050781e+00 8.556340336799621582e-01
-1.833379149436950684e+00 5.323523283004760742e-01
-1.629319548606872559e+00 1.258767545223236084e-01
-1.780429840087890625e+00 1.618573367595672607e-01
-2.290126562118530273e+00 -3.456078767776489258e-01
-2.347749710083007812e+00 2.343176007270812988e-01
-2.570685863494873047e+00 -3.735900223255157471e-01
-2.652814626693725586e+00 1.037815511226654053e-01
-2.850914716720581055e+00 -2.377178147435188293e-02
-3.009109020233154297e+00 2.496081143617630005e-01
-3.244305133819580078e+00 -1.142556499689817429e-02
-3.447143316268920898e+00 -1.798842996358871460e-01
-3.773346424102783203e+00 1.023000329732894897e-01
-3.692825317382812500e+00 3.918914496898651123e-01
-4.069850444793701172e+00 7.774999737739562988e-01
-3.999193668365478516e+00 9.391662478446960449e-01
-3.763852834701538086e+00 1.263294458389282227e+00
-4.164376258850097656e+00 1.078924894332885742e+00
-4.174958229064941406e+00 1.599056243896484375e+00
-4.207360267639160156e+00 1.656796693801879883e+00
-4.651998043060302734e+00 1.520911455154418945e+00
-5.035486221313476562e+00 1.577886700630187988e+00
-5.104773998260498047e+00 1.030685544013977051e+00
-5.257416248321533203e+00 1.204464912414550781e+00
-5.396593570709228516e+00 1.929130673408508301e+00
-5.219073772430419922e+00 1.975243806838989258e+00
-5.298037052154541016e+00 1.685675501823425293e+00
-5.816394805908203125e+00 1.266637444496154785e+00
-6.081417083740234375e+00 1.570190787315368652e+00
-5.963072299957275391e+00 1.435646891593933105e+00
-6.565069198608398438e+00 1.713535904884338379e+00
-6.251781463623046875e+00 1.289073467254638672e+00
-6.256736755371093750e+00 2.046714067459106445e+00
-6.355260372161865234e+00 2.115761280059814453e+00
-6.551043510437011719e+00 1.551026582717895508e+00
-6.791249275207519531e+00 2.531018495559692383e+00
-6.912245750427246094e+00 2.243915081024169922e+00
-6.640511035919189453e+00 2.770300626754760742e+00
-7.577713012695312500e+00 2.272802352905273438e+00
-7.100895404815673828e+00 2.667839288711547852e+00
-7.466143608093261719e+00 1.980493903160095215e+00
-6.802164077758789062e+00 2.349218130111694336e+00
-7.125476360321044922e+00 1.700414299964904785e+00
-7.418087005615234375e+00 2.403685569763183594e+00
