-1.690697789192199707e+00 6.419243335723876953e+00
-2.203388929367065430e+00 6.428928375244140625e+00
-2.223653078079223633e+00 5.979788780212402344e+00
-1.775837063789367676e+00 6.290380477905273438e+00
-2.038165330886840820e+00 5.708665847778320312e+00
-1.846510410308837891e+00 6.137202739715576172e+00
-1.570940136909484863e+00 5.426480770111083984e+00
-1.818811178207397461e+00 5.371768474578857422e+00
-1.261311650276184082e+00 5.231885433197021484e+00
-1.010653257369995117e+00 5.612149238586425781e+00
-8.120473623275756836e-01 5.267069339752197266e+00
-1.468340754508972168e+00 4.768017768859863281e+00
-7.440603971481323242e-01 4.719679832458496094e+00
-9.800936579704284668e-01 5.130359172821044922e+00
-9.928701519966125488e-01 4.470759868621826172e+00
-8.674618601799011230e-01 4.125341892242431641e+00
-6.105283498764038086e-01 3.785896062850952148e+00
-1.105463624000549316e+00 3.864663600921630859e+00
-7.521064281463623047e-01 4.127962589263916016e+00
-4.922375977039337158e-01 3.926051616668701172e+00
-1.008210256695747375e-01 4.257022380828857422e+00
-2.800775766372680664e-01 3.556986570358276367e+00
-2.931447885930538177e-02 3.730907917022705078e+00
1.401733756065368652e-01 3.875052452087402344e+00
4.214993715286254883e-01 4.273150444030761719e+00
2.571603953838348389e-01 3.985087633132934570e+00
8.243823647499084473e-01 3.925154924392700195e+00
9.937742352485656738e-01 3.751270294189453125e+00
7.436239719390869141e-01 3.420087099075317383e+00
8.604404926300048828e-01 3.510667085647583008e+00
1.573650717735290527e+00 3.652416944503784180e+00
9.117720723152160645e-01 3.174743413925170898e+00
2.486110448837280273e+00 3.257323980331420898e+00
2.820215463638305664e+00 3.606191158294677734e+00
3.176340341567993164e+00 3.052927732467651367e+00
3.318891525268554688e+00 3.707178354263305664e+00
3.383537292480468750e+00 3.609912633895874023e+00
3.208730459213256836e+00 3.430938005447387695e+00
3.602115392684936523e+00 3.265506982803344727e+00
3.805655956268310547e+00 3.268873214721679688e+00
4.061255931854248047e+00 4.082284450531005859e+00
3.771259069442749023e+00 3.882918596267700195e+00
4.618570327758789062e+00 3.750279664993286133e+00
4.448461055755615234e+00 4.114821434020996094e+00
4.559124946594238281e+00 3.230519294738769531e+00
4.637703418731689453e+00 3.851585865020751953e+00
4.489650249481201172e+00 3.281763315200805664e+00
4.848724842071533203e+00 3.534144163131713867e+00
5.278915882110595703e+00 3.279682397842407227e+00
5.044127941131591797e+00 3.661006450653076172e+00
5.680858135223388672e+00 3.494976997375488281e+00
5.381890296936035156e+00 3.832073688507080078e+00
5.981246471405029297e+00 3.901946306228637695e+00
5.605685234069824219e+00 3.929907083511352539e+00
6.132933616638183594e+00 4.211855411529541016e+00
6.006220340728759766e+00 3.623469114303588867e+00
6.445113658905029297e+00 3.643775463104248047e+00
6.535848617553710938e+00 3.808066606521606445e+00
6.389474391937255859e+00 3.400118112564086914e+00
6.483394145965576172e+00 2.891772747039794922e+00
6.430133819580078125e+00 2.736621379852294922e+00
6.811268329620361328e+00 3.280385255813598633e+00
6.903725147247314453e+00 2.779345035552978516e+00
6.775465011596679688e+00 3.095872879028320312e+00
7.389420986175537109e+00 3.199048519134521484e+00
7.450036048889160156e+00 2.791332006454467773e+00
7.789602279663085938e+00 2.947885513305664062e+00
7.833789825439453125e+00 3.175123929977416992e+00
8.722098350524902344e+00 2.964391231536865234e+00
8.562685966491699219e+00 3.126151323318481445e+00
9.133210182189941406e+00 3.206561565399169922e+00
9.230854034423828125e+00 3.180149793624877930e+00
9.388602256774902344e+00 3.191646337509155273e+00
9.623815536499023438e+00 3.299927949905395508e+00
1.002877902984619141e+01 3.517267227172851562e+00
9.747003555297851562e+00 3.340348005294799805e+00
1.006814193725585938e+01 3.780060291290283203e+00
1.027414894104003906e+01 3.697890043258666992e+00
9.983511924743652344e+00 4.192069053649902344e+00
1.027725410461425781e+01 4.128537654876708984e+00
1.003682708740234375e+01 4.502793788909912109e+00
9.924820899963378906e+00 4.830364227294921875e+00
9.760625839233398438e+00 5.213223457336425781e+00
1.019659423828125000e+01 5.051059246063232422e+00
1.002696228027343750e+01 5.454576492309570312e+00
1.057614707946777344e+01 5.108678340911865234e+00
1.085357570648193359e+01 5.460948944091796875e+00
1.068182086944580078e+01 5.016376495361328125e+00
1.106565284729003906e+01 5.357437610626220703e+00
1.053911590576171875e+01 5.848587036132812500e+00
1.051810073852539062e+01 5.950930118560791016e+00
1.105953311920166016e+01 5.732248783111572266e+00
1.130881023406982422e+01 6.087356090545654297e+00
1.112797927856445312e+01 6.245683193206787109e+00
1.068142414093017578e+01 6.442466259002685547e+00
1.107156085968017578e+01 6.302345752716064453e+00
1.014789295196533203e+01 6.928683280944824219e+00
1.086042594909667969e+01 6.781210899353027344e+00
1.040863227844238281e+01 7.250637531280517578e+00
1.053857707977294922e+01 7.148016929626464844e+00
9.957183837890625000e+00 7.345543384552001953e+00
1.058160972595214844e+01 7.743628501892089844e+00
1.001365375518798828e+01 7.753653049468994141e+00
1.008836936950683594e+01 7.706089496612548828e+00
1.049938106536865234e+01 8.092364311218261719e+00
1.066887283325195312e+01 7.907652378082275391e+00
9.865013122558593750e+00 8.341526031494140625e+00
9.993712425231933594e+00 8.255599021911621094e+00
9.615901947021484375e+00 8.853882789611816406e+00
1.022375583648681641e+01 8.855587959289550781e+00
1.009598350524902344e+01 9.191220283508300781e+00
9.862651824951171875e+00 9.057008743286132812e+00
1.062866592407226562e+01 9.329214096069335938e+00
1.058450031280517578e+01 9.030420303344726562e+00
1.071011829376220703e+01 9.555674552917480469e+00
1.012749767303466797e+01 9.603379249572753906e+00
1.020029735565185547e+01 9.837345123291015625e+00
9.971296310424804688e+00 9.586662292480468750e+00
1.041101551055908203e+01 1.022143077850341797e+01
1.062199974060058594e+01 1.032823944091796875e+01
9.727659225463867188e+00 1.031308078765869141e+01
1.014916324615478516e+01 1.059531784057617188e+01
9.950767517089843750e+00 1.075177478790283203e+01
1.043903636932373047e+01 1.084564781188964844e+01
9.880930900573730469e+00 1.089830780029296875e+01
9.768183708190917969e+00 1.109724330902099609e+01
9.401571273803710938e+00 1.081411647796630859e+01
8.922842979431152344e+00 1.097614479064941406e+01
8.985521316528320312e+00 1.121532535552978516e+01
9.210781097412109375e+00 1.172157287597656250e+01
9.025181770324707031e+00 1.205556964874267578e+01
9.515897750854492188e+00 1.200913715362548828e+01
9.423742294311523438e+00 1.233786201477050781e+01
9.738258361816406250e+00 1.225138759613037109e+01
9.487694740295410156e+00 1.285823917388916016e+01
9.291411399841308594e+00 1.269421672821044922e+01
8.747160911560058594e+00 1.238877105712890625e+01
8.834218025207519531e+00 1.237827205657958984e+01
8.869363784790039062e+00 1.280556583404541016e+01
8.585558891296386719e+00 1.206863594055175781e+01
8.393350601196289062e+00 1.267787456512451172e+01
8.259298324584960938e+00 1.215155887603759766e+01
7.834828853607177734e+00 1.225524139404296875e+01
7.879112243652343750e+00 1.258198642730712891e+01
7.371159076690673828e+00 1.201608943939208984e+01
7.579900264739990234e+00 1.253103828430175781e+01
7.238085269927978516e+00 1.203289699554443359e+01
7.190891742706298828e+00 1.248133659362792969e+01
6.862786769866943359e+00 1.260544490814208984e+01
6.779342651367187500e+00 1.216642379760742188e+01
6.736792564392089844e+00 1.230571079254150391e+01
6.434834003448486328e+00 1.250947570800781250e+01
6.062794685363769531e+00 1.220185089111328125e+01
6.356641292572021484e+00 1.191450595855712891e+01
5.862058162689208984e+00 1.231865215301513672e+01
5.465552806854248047e+00 1.235173130035400391e+01
5.390028476715087891e+00 1.279798030853271484e+01
5.498932838439941406e+00 1.272519874572753906e+01
5.114170551300048828e+00 1.239045143127441406e+01
5.219446182250976562e+00 1.278044986724853516e+01
4.772664546966552734e+00 1.262609291076660156e+01
4.635442256927490234e+00 1.191370201110839844e+01
4.854072570800781250e+00 1.214189338684082031e+01
4.706579208374023438e+00 1.189081764221191406e+01
4.498642444610595703e+00 1.271405601501464844e+01
4.525844097137451172e+00 1.223427200317382812e+01
3.840165853500366211e+00 1.195708465576171875e+01
4.302934646606445312e+00 1.252142524719238281e+01
3.657063961029052734e+00 1.250366115570068359e+01
3.773410081863403320e+00 1.212092208862304688e+01
3.349208593368530273e+00 1.196978282928466797e+01
3.458292484283447266e+00 1.178331756591796875e+01
2.533769607543945312e+00 1.189190769195556641e+01
2.605334281921386719e+00 1.177591800689697266e+01
2.304306268692016602e+00 1.211971378326416016e+01
2.359712600708007812e+00 1.136441040039062500e+01
1.880615234375000000e+00 1.193090915679931641e+01
2.001898050308227539e+00 1.131600189208984375e+01
1.337033748626708984e+00 1.202164459228515625e+01
1.687452077865600586e+00 1.190258979797363281e+01
1.475281953811645508e+00 1.163375663757324219e+01
1.246578216552734375e+00 1.174316692352294922e+01
1.262415409088134766e+00 1.147308826446533203e+01
1.189483880996704102e+00 1.140032863616943359e+01
9.976146221160888672e-01 1.094381427764892578e+01
9.608963727951049805e-01 1.090054035186767578e+01
4.975723624229431152e-01 1.092409324645996094e+01
5.106531381607055664e-01 1.163891696929931641e+01
3.084180951118469238e-01 1.121909999847412109e+01
3.006926178932189941e-01 1.153639793395996094e+01
-1.074390783905982971e-01 1.135279750823974609e+01
7.582701742649078369e-02 1.116521835327148438e+01
-2.877369225025177002e-01 1.199269008636474609e+01
2.864820649847388268e-03 1.171619129180908203e+01
-6.235495209693908691e-01 1.151376152038574219e+01
-7.726532220840454102e-01 1.136699485778808594e+01
-8.045985698699951172e-01 1.105517578125000000e+01
-1.064085483551025391e+00 1.159557056427001953e+01
-1.126929640769958496e+00 1.108839035034179688e+01
-1.396927118301391602e+00 1.104264545440673828e+01
-1.476036906242370605e+00 1.092026805877685547e+01
-1.727317810058593750e+00 1.091687679290771484e+01
-1.232259869575500488e+00 1.051325130462646484e+01
-1.092620491981506348e+00 1.036350727081298828e+01
-1.066746354103088379e+00 1.011090850830078125e+01
-1.400426387786865234e+00 1.001993083953857422e+01
-1.654464244842529297e+00 9.788911819458007812e+00
-1.076227426528930664e+00 9.667761802673339844e+00
-1.103252291679382324e+00 9.214477539062500000e+00
-1.478093743324279785e+00 9.385805130004882812e+00
-1.934278726577758789e+00 8.692989349365234375e+00
-1.753490328788757324e+00 8.768076896667480469e+00
-2.025922775268554688e+00 9.050732612609863281e+00
-1.857402920722961426e+00 8.584225654602050781e+00
-1.507056355476379395e+00 8.663877487182617188e+00
-1.255690574645996094e+00 8.862062454223632812e+00
-9.667726159095764160e-01 8.054072380065917969e+00
-8.074382543563842773e-01 8.466288566589355469e+00
-8.221568465232849121e-01 7.907867431640625000e+00
-8.711246848106384277e-01 7.995070934295654297e+00
-5.462257862091064453e-01 7.833524227142333984e+00
-1.126545295119285583e-01 7.767510890960693359e+00
-6.138796806335449219e-01 7.283977031707763672e+00
-4.290055632591247559e-01 7.555695533752441406e+00
1.496005151420831680e-02 7.075681686401367188e+00
-3.451063334941864014e-01 6.827007770538330078e+00
-3.421269655227661133e-01 6.518607139587402344e+00
-1.473627984523773193e-01 6.554656505584716797e+00
2.529577165842056274e-02 6.592512130737304688e+00
2.359941899776458740e-01 6.310016155242919922e+00
-5.417272448539733887e-01 6.354190826416015625e+00
-2.955993413925170898e-01 6.224428176879882812e+00
-6.339880079030990601e-02 5.844226360321044922e+00
-9.199868887662887573e-02 5.686464786529541016e+00
2.242921143770217896e-01 5.343250751495361328e+00
5.547879338264465332e-01 5.560230255126953125e+00
8.848850131034851074e-01 5.487334728240966797e+00
6.517241597175598145e-01 5.620851993560791016e+00
1.397037386894226074e+00 5.773826122283935547e+00
1.140081286430358887e+00 5.324905395507812500e+00
1.637807607650756836e+00 5.678893566131591797e+00
1.820008158683776855e+00 5.541560173034667969e+00
1.744355082511901855e+00 4.958525657653808594e+00
1.890090584754943848e+00 5.375843048095703125e+00
2.056641340255737305e+00 4.856861114501953125e+00
1.893405795097351074e+00 4.919450759887695312e+00
2.372756004333496094e+00 4.956573486328125000e+00
2.363659381866455078e+00 4.429370403289794922e+00
2.464102745056152344e+00 3.986626148223876953e+00
2.491344928741455078e+00 4.338323593139648438e+00
2.181366205215454102e+00 3.596835136413574219e+00
2.165011882781982422e+00 3.944952964782714844e+00
2.149779796600341797e+00 3.082596302032470703e+00
2.023029088973999023e+00 3.353419303894042969e+00
1.969055175781250000e+00 2.555261850357055664e+00
2.189914703369140625e+00 2.497988224029541016e+00
2.152978420257568359e+00 2.218894481658935547e+00
1.950600028038024902e+00 2.083451032638549805e+00
2.038723230361938477e+00 2.097572803497314453e+00
1.711329102516174316e+00 2.203994750976562500e+00
2.581340074539184570e+00 1.484811186790466309e+00
2.787446498870849609e+00 1.739559650421142578e+00
2.997704744338989258e+00 1.940150737762451172e+00
2.758502006530761719e+00 1.219916105270385742e+00
3.517653226852416992e+00 1.082214236259460449e+00
3.198946714401245117e+00 1.711523771286010742e+00
3.311008691787719727e+00 1.653443217277526855e+00
3.276581048965454102e+00 1.311131000518798828e+00
3.882092952728271484e+00 1.822947502136230469e+00
3.689856052398681641e+00 1.726306319236755371e+00
4.287942409515380859e+00 1.451069593429565430e+00
4.417041301727294922e+00 1.390284776687622070e+00
4.626796245574951172e+00 1.693906068801879883e+00
4.658634185791015625e+00 2.090060710906982422e+00
5.070529937744140625e+00 1.767446279525756836e+00
4.965705394744873047e+00 2.167247533798217773e+00
5.563920021057128906e+00 1.404053330421447754e+00
5.571190357208251953e+00 1.785409808158874512e+00
5.971934795379638672e+00 1.106888175010681152e+00
5.704699039459228516e+00 1.323537111282348633e+00
6.493732929229736328e+00 1.416923880577087402e+00
6.261651992797851562e+00 1.172312021255493164e+00
7.031851291656494141e+00 1.285459041595458984e+00
7.353588104248046875e+00 1.074851512908935547e+00
7.676216602325439453e+00 1.369992017745971680e+00
7.328666687011718750e+00 1.459855437278747559e+00
7.734313011169433594e+00 1.779650807380676270e+00
7.671346664428710938e+00 1.660777091979980469e+00
8.219922065734863281e+00 1.675602316856384277e+00
8.185636520385742188e+00 1.432969331741333008e+00
8.293413162231445312e+00 2.283910751342773438e+00
8.451910972595214844e+00 1.894737839698791504e+00
8.455598831176757812e+00 2.248078584671020508e+00
8.588802337646484375e+00 2.361161470413208008e+00
8.688761711120605469e+00 2.731214046478271484e+00
8.003879547119140625e+00 2.640830993652343750e+00
8.150190353393554688e+00 2.992862224578857422e+00
8.288449287414550781e+00 3.500615596771240234e+00
8.337545394897460938e+00 4.003615856170654297e+00
8.498788833618164062e+00 4.149201393127441406e+00
8.383750915527343750e+00 4.585100173950195312e+00
7.959842681884765625e+00 4.421924591064453125e+00
8.124400138854980469e+00 4.831644535064697266e+00
8.342779159545898438e+00 5.160671710968017578e+00
7.739819526672363281e+00 5.252779006958007812e+00
7.560441970825195312e+00 5.071248531341552734e+00
8.018716812133789062e+00 5.600059509277343750e+00
7.578685760498046875e+00 5.631328105926513672e+00
7.891412258148193359e+00 6.044049263000488281e+00
7.386206150054931641e+00 5.918188571929931641e+00
7.353025913238525391e+00 5.716458320617675781e+00
7.703653335571289062e+00 6.394133567810058594e+00
6.739646434783935547e+00 6.394656181335449219e+00
6.736480236053466797e+00 6.229946136474609375e+00
6.278846263885498047e+00 6.481482982635498047e+00
6.241357326507568359e+00 6.580468177795410156e+00
5.617611885070800781e+00 6.641407966613769531e+00
6.145414829254150391e+00 6.427666664123535156e+00
6.048634052276611328e+00 6.968081951141357422e+00
5.812893390655517578e+00 7.022042751312255859e+00
5.611177444458007812e+00 7.315895080566406250e+00
5.941710472106933594e+00 7.415677547454833984e+00
5.713527202606201172e+00 7.893890380859375000e+00
5.881904125213623047e+00 7.541823863983154297e+00
6.146340370178222656e+00 8.185150146484375000e+00
6.040080547332763672e+00 7.700850486755371094e+00
6.735538959503173828e+00 8.018312454223632812e+00
6.467059612274169922e+00 7.873377799987792969e+00
6.733612537384033203e+00 7.483130455017089844e+00
6.895733833312988281e+00 7.570710182189941406e+00
6.935492038726806641e+00 8.327742576599121094e+00
7.249306201934814453e+00 8.265936851501464844e+00
7.640501976013183594e+00 8.618778228759765625e+00
7.457606792449951172e+00 8.494947433471679688e+00
7.580067634582519531e+00 8.331563949584960938e+00
7.084151268005371094e+00 8.604570388793945312e+00
7.198064804077148438e+00 8.752882003784179688e+00
7.138542652130126953e+00 8.989007949829101562e+00
7.932097434997558594e+00 9.089906692504882812e+00
8.153491020202636719e+00 8.805476188659667969e+00
7.786562442779541016e+00 9.303682327270507812e+00
8.246358871459960938e+00 8.801391601562500000e+00
8.187469482421875000e+00 9.300295829772949219e+00
8.316299438476562500e+00 9.666849136352539062e+00
8.435218811035156250e+00 9.592905998229980469e+00
8.238712310791015625e+00 9.487182617187500000e+00
7.652570247650146484e+00 9.645755767822265625e+00
7.473099231719970703e+00 9.865171432495117188e+00
7.204790592193603516e+00 9.710733413696289062e+00
6.858402252197265625e+00 9.467026710510253906e+00
7.370356559753417969e+00 1.013352775573730469e+01
7.224707603454589844e+00 1.015993309020996094e+01
6.647500038146972656e+00 9.879562377929687500e+00
6.493165493011474609e+00 1.008811187744140625e+01
6.251813888549804688e+00 1.041932678222656250e+01
6.761112213134765625e+00 1.036443805694580078e+01
6.609152317047119141e+00 1.063302135467529297e+01
6.406080245971679688e+00 1.051275348663330078e+01
7.018160343170166016e+00 1.088925170898437500e+01
6.540281295776367188e+00 1.077981758117675781e+01
