7.283624172210693359e+00 1.068736934661865234e+01
7.619311809539794922e+00 1.042205429077148438e+01
7.363000392913818359e+00 1.101641750335693359e+01
7.206514358520507812e+00 1.083861446380615234e+01
6.906853199005126953e+00 1.103210544586181641e+01
6.713115692138671875e+00 1.127571392059326172e+01
7.640124320983886719e+00 1.153073883056640625e+01
6.944012165069580078e+00 1.155846023559570312e+01
7.301157474517822266e+00 1.145211219787597656e+01
6.933650970458984375e+00 1.191938972473144531e+01
7.589737892150878906e+00 1.215049457550048828e+01
7.184374809265136719e+00 1.212441062927246094e+01
7.600755691528320312e+00 1.228864669799804688e+01
7.534827709197998047e+00 1.194946956634521484e+01
8.003056526184082031e+00 1.166806888580322266e+01
8.099108695983886719e+00 1.199487972259521484e+01
8.331194877624511719e+00 1.122390079498291016e+01
8.415044784545898438e+00 1.147432613372802734e+01
8.863329887390136719e+00 1.142855358123779297e+01
8.678339958190917969e+00 1.171294879913330078e+01
8.895353317260742188e+00 1.208522891998291016e+01
9.200648307800292969e+00 1.190125560760498047e+01
9.479074478149414062e+00 1.194087791442871094e+01
9.352931022644042969e+00 1.245111465454101562e+01
9.944007873535156250e+00 1.213126945495605469e+01
9.993003845214843750e+00 1.218187141418457031e+01
1.044195842742919922e+01 1.218463802337646484e+01
9.935482025146484375e+00 1.263903236389160156e+01
1.020277118682861328e+01 1.281133460998535156e+01
1.031893730163574219e+01 1.297379493713378906e+01
1.054560852050781250e+01 1.303662300109863281e+01
1.079442119598388672e+01 1.320297145843505859e+01
1.103454208374023438e+01 1.320675563812255859e+01
1.086476135253906250e+01 1.308333969116210938e+01
1.102313899993896484e+01 1.268692970275878906e+01
1.132968139648437500e+01 1.264207077026367188e+01
1.165040779113769531e+01 1.296727752685546875e+01
1.160766124725341797e+01 1.244297504425048828e+01
1.186901760101318359e+01 1.261334323883056641e+01
1.213423633575439453e+01 1.263892173767089844e+01
1.245353698730468750e+01 1.302136135101318359e+01
1.265753650665283203e+01 1.281614971160888672e+01
1.293904495239257812e+01 1.254851245880126953e+01
1.272091484069824219e+01 1.305551147460937500e+01
1.346302986145019531e+01 1.288651752471923828e+01
1.311727142333984375e+01 1.290828990936279297e+01
1.317844390869140625e+01 1.333142757415771484e+01
1.328591346740722656e+01 1.352139568328857422e+01
1.360514259338378906e+01 1.393895721435546875e+01
1.368944263458251953e+01 1.352333831787109375e+01
1.396310138702392578e+01 1.328683567047119141e+01
1.374154853820800781e+01 1.333495140075683594e+01
1.447914791107177734e+01 1.360993289947509766e+01
1.443654727935791016e+01 1.302676677703857422e+01
1.455083179473876953e+01 1.336626052856445312e+01
1.494014930725097656e+01 1.367276096343994141e+01
1.533975505828857422e+01 1.302161979675292969e+01
1.521615791320800781e+01 1.349416446685791016e+01
1.552299785614013672e+01 1.341494274139404297e+01
1.562018013000488281e+01 1.345127010345458984e+01
1.562390327453613281e+01 1.264176177978515625e+01
1.588428211212158203e+01 1.288176822662353516e+01
1.636017227172851562e+01 1.335469627380371094e+01
1.621341323852539062e+01 1.312100124359130859e+01
1.658062744140625000e+01 1.293229484558105469e+01
1.655526161193847656e+01 1.254194355010986328e+01
1.677023315429687500e+01 1.317523479461669922e+01
1.716425323486328125e+01 1.287313270568847656e+01
1.675204086303710938e+01 1.237868785858154297e+01
1.671508407592773438e+01 1.214777946472167969e+01
1.761066436767578125e+01 1.264991092681884766e+01
1.734175872802734375e+01 1.239953994750976562e+01
1.767424774169921875e+01 1.246791934967041016e+01
1.731471252441406250e+01 1.209180831909179688e+01
1.809802818298339844e+01 1.219744586944580078e+01
1.754092216491699219e+01 1.172402858734130859e+01
1.826475715637207031e+01 1.206669044494628906e+01
1.847169876098632812e+01 1.169876575469970703e+01
1.834757614135742188e+01 1.157436180114746094e+01
1.805842399597167969e+01 1.179502582550048828e+01
1.839685249328613281e+01 1.142151069641113281e+01
1.820740127563476562e+01 1.153136253356933594e+01
1.860177421569824219e+01 1.054161548614501953e+01
1.834493827819824219e+01 1.077613162994384766e+01
1.819545936584472656e+01 1.017912292480468750e+01
1.784384727478027344e+01 1.050866508483886719e+01
1.767753982543945312e+01 9.454429626464843750e+00
1.809954643249511719e+01 9.893828392028808594e+00
1.760749816894531250e+01 9.302810668945312500e+00
1.748527908325195312e+01 8.994002342224121094e+00
1.711319541931152344e+01 9.445783615112304688e+00
1.692703056335449219e+01 9.210363388061523438e+00
1.689670562744140625e+01 8.892422676086425781e+00
1.698729896545410156e+01 8.806830406188964844e+00
1.710283279418945312e+01 8.173515319824218750e+00
1.666839408874511719e+01 8.479801177978515625e+00
1.693071365356445312e+01 8.163651466369628906e+00
1.689625740051269531e+01 7.894025325775146484e+00
1.718211364746093750e+01 7.544106960296630859e+00
1.740160179138183594e+01 7.998714923858642578e+00
1.732394218444824219e+01 7.342279434204101562e+00
1.763536262512207031e+01 7.576310157775878906e+00
1.740267562866210938e+01 6.818938255310058594e+00
1.709837532043457031e+01 7.457347393035888672e+00
1.691281509399414062e+01 6.841739177703857422e+00
1.713954353332519531e+01 6.981634616851806641e+00
1.694263267517089844e+01 6.613665580749511719e+00
1.698102378845214844e+01 6.564406871795654297e+00
1.660140228271484375e+01 6.440590858459472656e+00
1.615839958190917969e+01 6.829650878906250000e+00
1.564397811889648438e+01 6.728515625000000000e+00
1.578227424621582031e+01 6.567437171936035156e+00
1.537468147277832031e+01 6.982427120208740234e+00
1.538221931457519531e+01 6.651947975158691406e+00
1.478713512420654297e+01 7.158001899719238281e+00
1.456452274322509766e+01 6.913688182830810547e+00
1.456789875030517578e+01 6.980258464813232422e+00
1.489095401763916016e+01 6.530305862426757812e+00
1.375788784027099609e+01 6.523630619049072266e+00
1.406891822814941406e+01 6.380628108978271484e+00
1.384384536743164062e+01 6.643453598022460938e+00
1.375549316406250000e+01 6.307279109954833984e+00
1.380787086486816406e+01 5.986544609069824219e+00
1.396777534484863281e+01 6.173346042633056641e+00
1.420225238800048828e+01 5.539982318878173828e+00
1.464982604980468750e+01 6.018543243408203125e+00
1.435221481323242188e+01 5.842664241790771484e+00
1.452114200592041016e+01 5.755356311798095703e+00
1.483690166473388672e+01 5.874920845031738281e+00
1.503192996978759766e+01 5.592025756835937500e+00
1.546294021606445312e+01 5.305278778076171875e+00
1.546240520477294922e+01 5.658168315887451172e+00
1.501384353637695312e+01 5.121215343475341797e+00
1.557950878143310547e+01 5.509804725646972656e+00
1.553828144073486328e+01 5.003724575042724609e+00
1.575630950927734375e+01 5.214644432067871094e+00
1.558831501007080078e+01 4.944280147552490234e+00
1.517111396789550781e+01 4.407338619232177734e+00
1.481511688232421875e+01 4.226191997528076172e+00
1.454202365875244141e+01 4.428184509277343750e+00
1.439910221099853516e+01 3.855520486831665039e+00
1.459533119201660156e+01 4.039249420166015625e+00
1.351452541351318359e+01 3.292756557464599609e+00
1.380298328399658203e+01 3.531301498413085938e+00
1.353705883026123047e+01 3.372617959976196289e+00
1.351250267028808594e+01 3.048979043960571289e+00
1.393722820281982422e+01 2.790441989898681641e+00
1.345230197906494141e+01 2.899684906005859375e+00
1.379638099670410156e+01 2.411871433258056641e+00
1.384427738189697266e+01 2.371029376983642578e+00
1.448341560363769531e+01 2.438399314880371094e+00
1.486755943298339844e+01 2.515908956527709961e+00
1.471109294891357422e+01 2.080213785171508789e+00
1.508947467803955078e+01 1.895528078079223633e+00
1.503586483001708984e+01 2.110362768173217773e+00
1.449747085571289062e+01 1.745129466056823730e+00
1.477111625671386719e+01 1.166044354438781738e+00
1.501421451568603516e+01 1.605796217918395996e+00
1.433513545989990234e+01 1.034797310829162598e+00
1.469522190093994141e+01 1.221565842628479004e+00
1.376018524169921875e+01 1.276674151420593262e+00
1.418641948699951172e+01 1.317660331726074219e+00
1.373408222198486328e+01 1.508707523345947266e+00
1.321736907958984375e+01 1.593862891197204590e+00
1.286045360565185547e+01 1.820846199989318848e+00
1.315862846374511719e+01 1.815273761749267578e+00
1.256560134887695312e+01 1.716534495353698730e+00
1.248799705505371094e+01 1.839305996894836426e+00
1.266662788391113281e+01 2.380392789840698242e+00
1.262801265716552734e+01 2.331594705581665039e+00
1.226164245605468750e+01 2.265547275543212891e+00
1.193101024627685547e+01 2.593562602996826172e+00
1.160191154479980469e+01 2.145195484161376953e+00
1.178264331817626953e+01 2.681690931320190430e+00
1.119640445709228516e+01 2.146441936492919922e+00
1.181138992309570312e+01 1.976374626159667969e+00
1.124911975860595703e+01 1.989656209945678711e+00
1.117656135559082031e+01 2.629404306411743164e+00
1.073961830139160156e+01 2.130186080932617188e+00
1.089512062072753906e+01 2.835555076599121094e+00
1.035108470916748047e+01 2.481716632843017578e+00
1.055325222015380859e+01 2.694889068603515625e+00
9.799460411071777344e+00 2.515780448913574219e+00
1.005861473083496094e+01 2.854170322418212891e+00
9.748496055603027344e+00 3.040360450744628906e+00
9.358428955078125000e+00 2.829340696334838867e+00
9.471408843994140625e+00 2.639376878738403320e+00
9.461354255676269531e+00 3.313050985336303711e+00
9.025730133056640625e+00 3.189259052276611328e+00
8.619874954223632812e+00 3.394394159317016602e+00
8.747941017150878906e+00 3.781495332717895508e+00
8.399816513061523438e+00 3.593796968460083008e+00
8.144825935363769531e+00 3.447750091552734375e+00
8.419034957885742188e+00 3.822371721267700195e+00
7.992837905883789062e+00 3.829327344894409180e+00
7.727074146270751953e+00 3.768167972564697266e+00
7.497128963470458984e+00 3.895790815353393555e+00
7.627593994140625000e+00 4.140332221984863281e+00
7.768441677093505859e+00 4.420911788940429688e+00
7.412660598754882812e+00 4.336688995361328125e+00
7.791685581207275391e+00 4.734070777893066406e+00
8.236297607421875000e+00 4.673566341400146484e+00
8.026420593261718750e+00 5.000082969665527344e+00
8.218457221984863281e+00 5.218567848205566406e+00
8.650073051452636719e+00 4.829481601715087891e+00
9.033425331115722656e+00 4.978378772735595703e+00
8.808046340942382812e+00 5.088144779205322266e+00
9.093147277832031250e+00 4.799852848052978516e+00
8.694340705871582031e+00 5.295608043670654297e+00
9.091031074523925781e+00 5.408322334289550781e+00
8.483104705810546875e+00 5.760562419891357422e+00
8.446742057800292969e+00 5.230390548706054688e+00
7.842772483825683594e+00 5.678238391876220703e+00
7.751428127288818359e+00 5.971438884735107422e+00
8.500592231750488281e+00 6.051257610321044922e+00
8.042443275451660156e+00 6.086653232574462891e+00
8.222257614135742188e+00 6.540251255035400391e+00
8.393776893615722656e+00 6.521817684173583984e+00
7.826017379760742188e+00 7.124841213226318359e+00
8.024397850036621094e+00 7.223936080932617188e+00
8.879384994506835938e+00 7.315828323364257812e+00
8.176894187927246094e+00 7.439465522766113281e+00
8.675650596618652344e+00 7.590995311737060547e+00
8.262475013732910156e+00 7.543125629425048828e+00
8.876659393310546875e+00 7.616826534271240234e+00
8.416599273681640625e+00 7.564079284667968750e+00
8.320042610168457031e+00 8.006603240966796875e+00
8.887754440307617188e+00 8.037869453430175781e+00
8.530255317687988281e+00 8.072599411010742188e+00
7.756077766418457031e+00 8.216361045837402344e+00
7.821241378784179688e+00 8.603638648986816406e+00
8.408518791198730469e+00 8.496318817138671875e+00
8.134862899780273438e+00 8.425621032714843750e+00
8.742087364196777344e+00 8.486880302429199219e+00
8.562141418457031250e+00 8.781372070312500000e+00
8.184601783752441406e+00 8.913735389709472656e+00
8.752958297729492188e+00 8.995979309082031250e+00
8.738879203796386719e+00 9.033198356628417969e+00
8.937187194824218750e+00 9.594333648681640625e+00
9.340413093566894531e+00 9.183171272277832031e+00
9.529698371887207031e+00 9.989379882812500000e+00
9.253416061401367188e+00 9.822785377502441406e+00
9.447228431701660156e+00 9.954301834106445312e+00
9.800728797912597656e+00 9.867028236389160156e+00
9.980183601379394531e+00 9.232947349548339844e+00
9.920442581176757812e+00 9.677904129028320312e+00
1.002147197723388672e+01 9.768001556396484375e+00
1.019887828826904297e+01 9.378565788269042969e+00
1.056483268737792969e+01 1.014487457275390625e+01
1.047396755218505859e+01 1.015367412567138672e+01
1.088339424133300781e+01 9.758263587951660156e+00
1.072397994995117188e+01 9.916750907897949219e+00
1.102398109436035156e+01 9.877987861633300781e+00
1.113098812103271484e+01 1.005353164672851562e+01
1.129838848114013672e+01 9.576394081115722656e+00
1.105217552185058594e+01 9.146452903747558594e+00
1.125233078002929688e+01 8.998696327209472656e+00
1.137289237976074219e+01 9.599632263183593750e+00
1.162413978576660156e+01 9.306288719177246094e+00
1.168460750579833984e+01 8.738492012023925781e+00
1.200655841827392578e+01 8.898015975952148438e+00
1.239082527160644531e+01 9.166318893432617188e+00
1.220192241668701172e+01 8.620430946350097656e+00
1.227675628662109375e+01 8.471236228942871094e+00
1.217246150970458984e+01 8.870426177978515625e+00
1.244978713989257812e+01 9.201516151428222656e+00
1.300842857360839844e+01 8.486948013305664062e+00
1.267272377014160156e+01 8.882051467895507812e+00
1.318039798736572266e+01 9.167719841003417969e+00
1.298330211639404297e+01 8.687915802001953125e+00
1.339476585388183594e+01 8.915541648864746094e+00
1.353521347045898438e+01 8.838499069213867188e+00
1.346638584136962891e+01 9.309667587280273438e+00
1.388232612609863281e+01 9.056665420532226562e+00
1.370013236999511719e+01 9.486302375793457031e+00
1.319896507263183594e+01 9.419754981994628906e+00
1.329921340942382812e+01 9.774925231933593750e+00
1.317755508422851562e+01 1.005703926086425781e+01
1.381928539276123047e+01 1.006952381134033203e+01
1.312660312652587891e+01 1.067247772216796875e+01
1.380119800567626953e+01 1.046963787078857422e+01
1.357488822937011719e+01 1.015648365020751953e+01
1.364407444000244141e+01 1.087317562103271484e+01
1.378991031646728516e+01 1.096343517303466797e+01
1.409330081939697266e+01 1.112584209442138672e+01
1.399463176727294922e+01 1.080895614624023438e+01
1.422252368927001953e+01 1.118591403961181641e+01
1.441118431091308594e+01 1.090192127227783203e+01
1.447227382659912109e+01 1.123949337005615234e+01
1.468737220764160156e+01 1.061729907989501953e+01
1.525095939636230469e+01 1.065352916717529297e+01
1.488347530364990234e+01 1.104152870178222656e+01
1.513380813598632812e+01 1.042500877380371094e+01
1.502164363861083984e+01 1.031219005584716797e+01
1.553301239013671875e+01 1.025084114074707031e+01
1.576107025146484375e+01 1.087002754211425781e+01
1.594449329376220703e+01 9.872307777404785156e+00
1.573206043243408203e+01 1.063179302215576172e+01
1.623940849304199219e+01 1.036201667785644531e+01
1.605600929260253906e+01 1.014311408996582031e+01
1.653688049316406250e+01 1.029279708862304688e+01
1.668357086181640625e+01 1.060828018188476562e+01
1.707599067687988281e+01 1.027146911621093750e+01
1.698524093627929688e+01 1.047786235809326172e+01
1.730756759643554688e+01 9.711652755737304688e+00
1.738250732421875000e+01 1.022706413269042969e+01
1.833690643310546875e+01 9.598874092102050781e+00
1.788435935974121094e+01 9.782683372497558594e+00
1.837780952453613281e+01 9.322768211364746094e+00
1.873618888854980469e+01 9.345797538757324219e+00
1.903888511657714844e+01 9.409951210021972656e+00
1.930534744262695312e+01 8.975260734558105469e+00
1.920043754577636719e+01 8.597958564758300781e+00
1.922510719299316406e+01 8.973660469055175781e+00
1.930780601501464844e+01 8.430332183837890625e+00
1.944917297363281250e+01 8.261233329772949219e+00
1.893676567077636719e+01 8.005298614501953125e+00
1.884099769592285156e+01 8.137579917907714844e+00
1.925906753540039062e+01 7.440056324005126953e+00
1.935628509521484375e+01 7.731686592102050781e+00
1.966861152648925781e+01 7.456955432891845703e+00
1.959510231018066406e+01 7.349436283111572266e+00
1.938684654235839844e+01 6.781620502471923828e+00
1.918684196472167969e+01 6.676572799682617188e+00
1.887029457092285156e+01 6.292470932006835938e+00
1.859401321411132812e+01 6.688578128814697266e+00
1.902911758422851562e+01 6.606513500213623047e+00
1.867677116394042969e+01 6.530901432037353516e+00
1.962820434570312500e+01 6.180048465728759766e+00
1.963300704956054688e+01 5.872897624969482422e+00
1.932835006713867188e+01 5.592390060424804688e+00
1.937793922424316406e+01 5.792506694793701172e+00
1.946533203125000000e+01 5.841937065124511719e+00
1.901344299316406250e+01 5.624117851257324219e+00
1.874645805358886719e+01 5.912140369415283203e+00
1.859354019165039062e+01 5.348116397857666016e+00
1.845568466186523438e+01 5.522431850433349609e+00
1.824918365478515625e+01 5.236714839935302734e+00
1.835224533081054688e+01 5.582632541656494141e+00
1.798328208923339844e+01 5.745993137359619141e+00
1.784440803527832031e+01 5.686275959014892578e+00
1.774880599975585938e+01 5.867030143737792969e+00
1.763108062744140625e+01 5.204818725585937500e+00
1.727518653869628906e+01 5.334233283996582031e+00
1.727508926391601562e+01 5.501198291778564453e+00
1.754873275756835938e+01 5.055108070373535156e+00
1.703719520568847656e+01 4.798324108123779297e+00
1.713367652893066406e+01 4.472105503082275391e+00
1.671459960937500000e+01 4.369922637939453125e+00
1.660321807861328125e+01 4.620543956756591797e+00
1.647174644470214844e+01 3.850483655929565430e+00
1.646632957458496094e+01 3.644358873367309570e+00
1.672764396667480469e+01 3.471155166625976562e+00
1.644616508483886719e+01 3.898890495300292969e+00
1.639849853515625000e+01 3.023255109786987305e+00
1.594469261169433594e+01 3.252556800842285156e+00
1.602479743957519531e+01 3.415824890136718750e+00
1.610642623901367188e+01 3.377081394195556641e+00
1.579321098327636719e+01 3.938863992691040039e+00
1.552078723907470703e+01 3.823746442794799805e+00
