-1.788865992249469850e-01 1.276784013975282295e-01
-1.955131004372581693e-01 1.250879074927540024e-01
-2.387097380459883011e-01 1.075097128880744407e-01
-2.153876170039627780e-01 1.210644688792190948e-01
-2.071355295360403082e-01 1.296415972131771677e-01
-1.756723893172742468e-01 1.517200100445382227e-01
-2.231161845380166264e-01 1.038880505129986115e-01
-2.475965239569991594e-01 7.740807247145749248e-02
-2.231728366094190563e-01 4.240618926922847670e-02
-1.925128394862881398e-01 4.063453272139296718e-02
-2.181657256271349321e-01 5.870018234344667046e-02
-2.026129213022620501e-01 3.557811491265060189e-02
-1.973339968934575694e-01 4.039650112344237570e-02
-2.320793672946207531e-01 6.925894439622551357e-02
-2.144224061565363493e-01 3.858040308824350895e-02
-2.315066901159165413e-01 2.024678979827367400e-02
-2.253762211474716615e-01 3.272510526011177673e-02
-2.340628196110643711e-01 4.415380844393871664e-03
-2.427289962468057727e-01 1.923559441095539640e-02
-2.558569250140546592e-01 9.953975997863568140e-03
-2.305098624370904015e-01 2.185723672046888805e-02
-2.337672935609942659e-01 2.869464418302892020e-02
-2.278226207133244585e-01 2.091960990516810240e-02
-2.187551244567088882e-01 1.162390916957473184e-03
-2.188617210446451022e-01 3.263426197885654304e-03
-2.447628811882360533e-01 -5.221999252531726171e-03
-2.457590475588357082e-01 7.834815754263591003e-03
-2.388020535253191634e-01 -2.171407923486830607e-02
-2.331223763312632591e-01 -5.716305797086325413e-02
-2.197829234041421831e-01 -4.934546968953551493e-02
-2.306924779802047298e-01 -1.650395449976948398e-02
-2.284719781554332974e-01 -2.840776828074279003e-02
-2.218897726865615705e-01 -3.789239060575307766e-02
-2.452794573857265681e-01 -2.895950600045415005e-02
-2.412896903827236594e-01 -2.825909989325481320e-02
-1.999633426565379513e-01 -5.211498524212179913e-03
-2.059959222620287023e-01 -1.464332247278272124e-02
-2.197131238953798360e-01 -2.533755233484999078e-02
-2.258180222790671932e-01 -2.372983330908903440e-02
-2.475069954194799304e-01 -3.416491743830481383e-03
-2.359811960489348048e-01 -2.309892361104825056e-02
-2.410394324553000178e-01 -1.483435198217156539e-02
-2.299288244329513176e-01 -2.420885861475469830e-02
-2.348280162108462576e-01 -2.108531682038436092e-02
-2.516157821578166587e-01 -3.936390375500854744e-02
-2.378838427982752357e-01 -4.823323191611183364e-02
-2.363125901975748622e-01 -4.887052835580426441e-02
-2.360299124216193867e-01 -7.362018555002383668e-02
-2.190509024337224109e-01 -7.763238979642544946e-02
-2.444426820431443714e-01 -8.901196919446399680e-02
-2.441114138579760229e-01 -7.525599442997654709e-02
-2.285133256650227207e-01 -7.714136056554149468e-02
-2.407903711808576652e-01 -5.357072933926234487e-02
-2.192571361277827202e-01 -4.303762840748630303e-02
-2.193573085786616195e-01 -8.284674218054360884e-02
-2.161443425602720680e-01 -8.336326326901526140e-02
-2.313257120979344550e-01 -8.975701163877199129e-02
-2.063686796656921674e-01 -1.364944115828709836e-01
-2.079777527987740349e-01 -1.367229093205563628e-01
-1.905160350418430570e-01 -1.473068483222436387e-01
-1.956123439075332093e-01 -1.434577982625768744e-01
-2.016807443752920426e-01 -1.254633494929083271e-01
-2.129622061015839785e-01 -1.091554728822923953e-01
-2.110975373389647192e-01 -1.086654119955972192e-01
-2.214501129339851437e-01 -9.279658106563312692e-02
-2.228251616820602354e-01 -9.491934110907312983e-02
-2.054149472396254728e-01 -1.139721900770839791e-01
-1.868124098102676989e-01 -1.191985955909015682e-01
-1.648155819449910742e-01 -1.500737147055654919e-01
-1.660318065006714250e-01 -1.535586201139470808e-01
-1.881097548417305088e-01 -1.616288005832836328e-01
-1.570832355067858788e-01 -1.589987620211088248e-01
-1.259202819865432588e-01 -1.869316342362430106e-01
-1.444851563378591885e-01 -1.979672152657533379e-01
-1.103146044944193216e-01 -1.458624251921231962e-01
-1.067803843868625063e-01 -1.205012861971951621e-01
-1.071584007654699383e-01 -1.311288794145475944e-01
-1.000155240112915456e-01 -1.401115943819840337e-01
-1.205185117019517693e-01 -1.662556908262053657e-01
-1.219220754309356530e-01 -1.669394205506576079e-01
-1.282253111735504048e-01 -1.595354136469034345e-01
-1.275976115758590268e-01 -1.624348408387681075e-01
-1.305946053492815229e-01 -1.736906217622647963e-01
-1.434820777217493404e-01 -1.686136482894824429e-01
-1.536750261072428458e-01 -1.593335571834851305e-01
-1.555356325478994273e-01 -1.687608523516117565e-01
-1.002153571864455028e-01 -1.615094029575346868e-01
-1.012780165246750796e-01 -1.391259459612723404e-01
-1.231901182097914771e-01 -1.366045036571471860e-01
-1.101729270796113491e-01 -1.435871155117231235e-01
-1.295229160046736105e-01 -1.223228282161870767e-01
-6.003252160189444936e-02 -1.854459895600048536e-01
-9.979662311560720533e-02 -2.089759660757889992e-01
-7.202541714369826986e-02 -1.916440221855892356e-01
-8.441901036173463102e-02 -2.050078332990525887e-01
-7.967624947027189541e-02 -2.015441212447865171e-01
-9.432513992214013043e-02 -1.962698417390014161e-01
-3.704144437260328826e-02 -2.134974091474539093e-01
-8.838839490047117886e-02 -2.071393084401916551e-01
-1.227266828519294195e-01 -1.999865041898989670e-01
-1.206245178361143172e-01 -1.832364328118383789e-01
-9.985703834572702553e-02 -1.862882128227386080e-01
-1.028582125318669854e-01 -1.762490658362053375e-01
-1.394341943219853386e-01 -1.474940300412075356e-01
-3.705975631230341155e-02 -1.684960141523374755e-01
-6.925132360618695138e-02 -1.887722597211992925e-01
-5.495131260737578377e-02 -1.893586984091880365e-01
-7.647433674652505398e-02 -1.813401314723854518e-01
-9.193314083063292008e-02 -1.752790526314198516e-01
-4.635960400156704381e-02 -1.515011327670048036e-01
-3.360037818873592291e-02 -1.356347266338711888e-01
-4.890184208760014334e-02 -1.827641012837866730e-01
-3.003479317672283835e-02 -1.868102369403806806e-01
-2.388060961654894093e-02 -2.104768365866703239e-01
-2.579145776880535298e-02 -1.869433960754141311e-01
-1.123971762858454876e-02 -1.842543121358743707e-01
3.242894742450387613e-02 -1.835186854610768303e-01
2.835762694628446781e-02 -1.947740097669885817e-01
2.478844607078986226e-02 -1.945720588309664545e-01
3.651728674865910296e-02 -1.901074725213454941e-01
3.372551896152321121e-02 -1.915442906068613171e-01
3.553169737332476097e-02 -1.892656743853287915e-01
3.223052346568969218e-02 -1.761259365426069423e-01
4.468348681066652839e-02 -2.150953817495911691e-01
-4.038939993272461920e-02 -2.085795275394436987e-01
-3.781982777333003226e-02 -2.108105768049710338e-01
2.299996552676383289e-03 -2.116646878703475620e-01
1.467379343022568172e-01 -2.013135293643839030e-01
1.450726972062253983e-01 -1.973324223500611818e-01
2.266939407704838816e-01 -1.347924561348355366e-01
2.028850653828956074e-01 -1.375514183103074828e-01
1.692311054823802396e-01 -1.276099166325018741e-01
1.718436666128549950e-01 -1.331393902592583056e-01
8.754868303445470512e-02 -1.810497856700895025e-01
9.283336239937300949e-02 -1.638653922415662656e-01
5.438795672557824451e-02 -1.371945165586457571e-01
6.094059226946558355e-02 -1.339720245527079856e-01
5.675538900374314105e-02 -1.588180201846361994e-01
1.369200264083515473e-01 -1.315467238683669382e-01
1.534998738998274437e-01 -1.442077375368476799e-01
2.064924545220830909e-01 -1.350570896434682977e-01
1.925888741869002385e-01 -1.037897675141953996e-01
1.773189995649262496e-01 -1.070210690904360301e-01
2.120987265029988800e-01 -1.438513553845067738e-01
1.546002750432687034e-01 -1.709378790332086451e-01
2.043139950059954801e-01 -1.461160841332830584e-01
2.156825762184101658e-01 -1.100215583501985561e-01
2.130706134144260411e-01 -1.111983169756481649e-01
2.194208099138383883e-01 -1.235553571687371399e-01
2.142319966236098383e-01 -1.061283817118477135e-01
2.138669702280226737e-01 -9.422526663450656037e-02
2.172692435989612703e-01 -6.821676199486612080e-02
2.305467382434340518e-01 -8.047229924790623434e-02
2.302622969788746254e-01 -7.811687679949737284e-02
2.166139343828140384e-01 -1.160101373404769515e-01
2.376726807833841881e-01 -1.013356211948323315e-01
2.510573860877177710e-01 -9.336589659418603748e-02
2.245260621860200589e-01 -7.934051745457475213e-02
2.218248227714601228e-01 -1.009335300476939534e-01
2.413874380367720951e-01 -9.287841008594398262e-02
2.305533670711329142e-01 -7.106735472329146763e-02
2.321411366320614844e-01 -7.493041034646920340e-02
2.272616109011875440e-01 -8.414835422461065806e-02
2.247011829025675478e-01 -6.787599931301747935e-02
2.383702664897247303e-01 -6.587745499811939465e-02
2.438669659956851088e-01 -6.211421755355635982e-02
2.427941823434167090e-01 -6.240611034473927260e-02
2.601232133283331582e-01 -7.301963895320336129e-02
2.429651777562656101e-01 -6.393127212386853775e-02
2.109460820096651090e-01 -3.962862779988659406e-02
2.331204238974517451e-01 -4.986194747806376587e-02
2.133400807712857450e-01 -1.540951890762133972e-02
2.111384597218371184e-01 -7.282408066337062169e-02
2.241105716745783460e-01 -2.002016183087149733e-03
2.064416125158133608e-01 1.007687206222136408e-02
1.796313110151417369e-01 5.902950596752046947e-02
1.881937567319283966e-01 2.999835824253017143e-03
1.826612836000018336e-01 1.475676438813476599e-02
2.348612390765102975e-01 -3.331820033030879341e-02
2.127596725845052050e-01 6.523634816340767584e-02
2.063526193230489081e-01 5.836446607318349078e-02
1.947545326651751174e-01 4.572057556413858248e-02
1.956477711339521808e-01 3.785177525884296512e-02
1.634169622822718715e-01 6.439895087618389968e-02
2.159899743256891158e-01 6.316820115767177168e-02
2.189009901569512750e-01 -6.071995543968670972e-02
2.245833283293471039e-01 -5.771911978037697760e-02
1.865226938253303213e-01 3.370459721614355725e-02
2.526187505558887270e-01 7.163917574402389916e-03
2.356183897595365839e-01 2.524530967815120930e-02
2.311689820482569213e-01 1.860190761199921605e-02
2.325768442807129577e-01 3.730808542406645334e-02
2.316304492268734805e-01 5.737496002115061167e-02
2.253569487362997448e-01 5.964986425662613390e-02
2.149624587960671795e-01 9.203754880324813148e-02
2.136721362281522874e-01 9.587167219151702946e-02
1.967255775796550865e-01 1.245690167164707762e-01
1.941777301827723179e-01 1.106128387591312212e-01
1.933723039992124304e-01 9.550551999740146403e-02
1.934963780188486693e-01 1.070783352337630473e-01
1.984338941830119663e-01 5.875068582288615893e-02
1.839120378923651822e-01 4.193502683964858008e-02
1.599415041342686639e-01 4.663003182989854806e-02
1.582507121989137067e-01 2.380891475117316580e-02
1.320682520048391262e-01 6.149882301250784306e-02
1.372740152547299308e-01 8.371178057709115217e-02
1.664287016546016629e-01 8.494606514552820176e-02
1.443044302468205198e-01 7.723580955117446967e-02
1.172545383502358596e-01 7.665386618458244761e-02
1.198054482340246280e-01 1.225318567247759977e-01
1.141076480454761705e-01 1.352132213666552008e-01
1.277051056535311591e-01 1.155138255164980809e-01
1.316746319011733724e-01 1.413094440162284138e-01
1.263990376516523073e-01 1.633311181763002218e-01
1.377086679593058360e-01 1.784451759837665519e-01
1.319737794010552023e-01 1.894390631041402429e-01
1.487160961528885272e-01 1.891841445282632650e-01
1.429445286062187848e-01 1.622582400514280265e-01
1.406994816498974843e-01 1.675946667850689853e-01
1.411317725393787803e-01 1.903494011142021769e-01
1.116060922244475340e-01 1.986192809225039713e-01
1.352248257514866714e-01 1.949530983328949807e-01
1.550187571871635694e-01 1.989853780076006606e-01
1.275410697224943490e-01 1.883713022453063213e-01
9.935671930880431157e-02 1.969083663225430492e-01
1.268105603137351101e-01 1.872243261081995847e-01
1.242532971473418596e-01 1.762775493262461746e-01
1.194621033010059008e-01 1.839714769055792454e-01
1.185793827821167851e-01 2.041939360720200769e-01
1.496123577449866571e-01 2.062412046323197357e-01
1.310950346042419890e-01 1.966639027148181507e-01
1.143809887790910168e-01 1.892245630572488291e-01
1.428277447225078933e-01 2.061039359390216819e-01
1.310781476263156164e-01 1.593506409793360445e-01
1.236153000358380383e-01 1.652736638553053972e-01
1.189460860664210834e-01 1.629360967290116868e-01
1.253414089795742148e-01 1.579102801711783355e-01
1.209138401852025979e-01 1.730676064311777174e-01
1.300838155987727729e-01 1.731601895828859539e-01
9.108628053759679211e-02 1.981917451540798070e-01
1.423566255928713775e-01 1.747630275241180697e-01
1.302859318618515005e-01 1.778443774600026728e-01
1.175278712111337137e-01 1.854860774348771890e-01
1.059245570691838834e-01 1.876280075441683348e-01
8.954158261127670437e-02 2.023764878658587951e-01
7.875990457715269233e-02 1.752151576603939998e-01
1.349552324311552587e-01 1.690607241414559259e-01
9.859238870789042986e-02 1.673897084711597483e-01
1.067148991270062824e-01 1.892683825999705860e-01
1.374111579845562758e-01 1.921175661120561595e-01
1.287545073363630665e-01 1.927897544334127855e-01
1.132861142829711260e-01 1.959305906188133217e-01
9.865051297736848746e-02 2.042865507145962545e-01
9.935343638582282144e-02 2.148910847439084171e-01
1.011382836709616567e-01 2.226629837122311439e-01
7.251296663367617912e-02 1.909470977874751785e-01
7.669230078888854274e-02 1.901199901413468674e-01
7.952389665123635321e-02 1.737654440644616771e-01
7.436448795893553509e-02 1.762370835609587405e-01
6.546452705605530775e-02 1.210325056482721984e-01
-4.137299751066251391e-02 1.677506253084822818e-01
-2.594152257946801248e-03 1.377945435561454268e-01
-9.454211987488088387e-03 1.475168609204553227e-01
1.884477108999750572e-02 1.306881804633295285e-01
7.721573412287038862e-02 1.659566535443613156e-01
1.099796833685713210e-01 1.174865866832801448e-01
1.281560706276937411e-01 1.269617007343554205e-01
1.548269935469161751e-01 6.884189508682135583e-02
6.758651163687257046e-02 1.302891990393990340e-01
1.335260981174138661e-01 5.584912906107786928e-02
1.114774284108108054e-01 9.505525569505027250e-02
7.396718342372221588e-02 1.318702138091570608e-01
1.286766304199771782e-01 8.806268485349211250e-02
1.963118348113833678e-01 2.191725044202262997e-04
1.724944883803224971e-01 3.444172757988465255e-02
8.419355149280428885e-02 1.022215144186651853e-01
8.531716140590846209e-02 8.797009382906688379e-02
7.710069798232949134e-02 5.412842867390831730e-02
1.890768787593835945e-02 1.271451980217717381e-01
2.202396512071356019e-02 1.566791289441001045e-01
1.155883525918081217e-02 1.977604147360703113e-01
-6.412995194598463539e-03 1.871075579699226499e-01
-4.979326589511285511e-02 1.776445836484336072e-01
-1.782831672773526124e-02 1.231710426165441158e-01
8.190403746278943770e-03 8.428129292356861813e-02
7.100321569803916266e-02 4.187096260520760393e-02
-1.385748951361176658e-02 5.912650571345561684e-02
2.272577847607342837e-04 4.917025056402576227e-02
1.433133496513912530e-01 -4.227068800089288370e-02
1.159389679789597227e-01 -1.573491601410036828e-02
1.254882115331374670e-01 -3.674078924741942635e-03
6.437249461076591239e-02 5.930486211668269808e-02
-1.544597470451400945e-01 1.382488150714404340e-01
1.617048825201976014e-01 -1.163772736242152661e-01
1.897494843347402593e-01 -7.736052126088624470e-02
2.214408231279463846e-01 -1.130388637334346080e-01
1.884478093089373418e-01 -1.594742268905193772e-01
1.962056790955981622e-01 -1.583460665469996198e-01
1.834833684526956110e-01 -1.668499549948742056e-01
1.489353355754030883e-01 -1.730748650762350960e-01
1.564713679429452775e-01 -1.716691914591000623e-01
1.373343675031138966e-01 -1.727576890544645360e-01
1.542322570152284134e-01 -1.594989944581447494e-01
1.707086570055608987e-01 -1.993727786648506473e-01
1.732382869353473465e-01 -1.928843530006684459e-01
1.708569475026337492e-01 -1.271041969117295278e-01
2.099061748235135083e-01 -1.543192190470115133e-01
1.657619769988305514e-01 -1.690214550291497253e-01
1.529806997057328588e-01 -1.640781445452876852e-01
1.492908832197439029e-01 -2.156815527652025111e-01
1.107399516475224971e-01 -1.786904426086236009e-01
1.853966276245277711e-01 -1.363313203778719895e-01
1.964497333220399933e-01 -1.545731928968506474e-01
2.382999788725094770e-01 -1.555069443672170426e-01
1.520359579224596080e-01 -1.596120624194401483e-01
1.767355525093906865e-01 -1.941907831475284674e-01
1.802568298702290905e-01 -1.917721270363202390e-01
1.924760581525482572e-01 -1.906053588887207662e-01
1.720815643746169132e-01 -1.969735839100218711e-01
1.445010907170307390e-01 -1.300136539450292283e-01
1.390544616910758258e-01 -1.426716287447549469e-01
1.438351848238257347e-01 -1.577855920796175093e-01
1.400307730694468900e-01 -2.007560937657568156e-01
1.233983437012482476e-01 -2.116554767914786417e-01
9.665418876865931874e-02 -1.556977002996907666e-01
1.032935580355372890e-01 -1.783968217560631675e-01
8.618051504102186566e-02 -1.749972880906343065e-01
1.155789171405052079e-01 -1.840734443359300365e-01
1.184666927112365264e-01 -1.819018183381828080e-01
1.127327016427218387e-01 -1.959651675917982450e-01
1.338354014222024602e-01 -2.050248698586016327e-01
1.617378692043521804e-01 -2.053412271178060855e-01
1.029927493923722820e-01 -2.086664265894909442e-01
1.146538965132718468e-01 -2.211458481680650123e-01
1.141474052662352495e-01 -1.868043953843800398e-01
6.924490734184662877e-02 -1.312647388915058611e-01
8.043657285824194758e-02 -1.043931010528275083e-01
1.078685828189816648e-01 -3.693094685340251454e-02
7.166807451988554956e-02 -2.773951434969791630e-02
5.974640738497632997e-02 -8.405581830920429761e-04
6.402132813342557849e-02 -1.014473429215238115e-01
2.453423997579976326e-02 2.300104802534885633e-03
-4.294005001685297779e-02 9.911691634953276320e-02
-3.921487322253940089e-02 8.614315112622532300e-02
1.806096141909092206e-02 3.433719364379773237e-02
5.675224385330884108e-02 -5.328365465087241820e-02
1.588427720068276081e-02 -2.207201428063391632e-02
3.323818203490380707e-02 -1.185156216472796065e-01
-4.435346054660208384e-03 -1.266856675315327363e-01
9.196978832818410166e-02 3.194535003845092036e-02
3.873963272556282811e-02 -1.061025513274297949e-01
-4.691426840381646493e-03 -2.096354635773706454e-01
3.069107467341734494e-02 -1.769899199950789037e-01
6.331797959825421519e-03 -1.673302064762098307e-01
-1.407822868871140901e-02 -2.132482061641058635e-01
1.046181741586257440e-03 -1.993462633540552809e-01
3.769724169720340551e-02 -1.679452388722771639e-01
4.074372336957473445e-02 -1.425422485138728435e-01
5.213579676946370617e-02 -9.949046889761141432e-02
9.145552277312779879e-03 -2.171009564007541637e-01
-4.946265704999174527e-03 -1.795242735550545421e-01
-7.086278217251434919e-02 -2.214956487290089815e-01
-4.014248791001833599e-02 -2.304782456056907181e-01
-7.066220108924710364e-02 -2.239395762617294450e-01
-5.461809592475438957e-02 -2.353517565807904111e-01
-4.319827907022087687e-02 -2.341152046698625477e-01
-2.874283898821344482e-02 -2.357867556849135293e-01
-4.996073039439533764e-02 -2.263372909457655735e-01
-2.115794657090174641e-03 -2.527533110345449585e-01
1.336851899821859917e-02 -2.152363821107386721e-01
-2.331135706973189170e-02 -8.932949161578178365e-02
-4.026143285454079207e-02 5.202672027567817326e-02
-3.419059971723451691e-02 -1.202878529034548047e-02
-2.636044264324501757e-02 -5.034445842917320557e-02
-2.607944372418594461e-02 -2.279444116450358992e-01
-6.053905614887444830e-02 -2.503167838557875946e-01
-2.333018467239433152e-02 -2.442578621392750837e-01
-1.666713427283452245e-02 -2.497725114399544366e-01
2.238252604747923910e-02 -2.076931068435730610e-01
7.001106834945882394e-03 -2.355964563700247427e-01
-1.672137532466121818e-02 -2.431759776261754880e-01
-4.387603733884225948e-02 -2.086005162029176963e-01
-8.453487313755864152e-02 -2.174631643636617540e-01
-2.863065080304078025e-02 -2.220441094302765817e-01
-1.311273048711511860e-02 -2.262471955726236272e-01
-1.560724908325148222e-02 -2.139886351962624333e-01
-1.178580765795094951e-02 -2.351039077047632764e-01
-1.557503589354040756e-02 -2.538239533077942811e-01
1.084358120775343395e-02 -2.417923318711560354e-01
-1.276868685046423681e-02 -2.418570613501820066e-01
1.108361739626556770e-02 -2.383055527561327158e-01
1.357379714125523003e-02 -2.337719857003155433e-01
1.865898087376018089e-02 -1.986419543474121086e-01
4.347537213756725270e-03 -2.111300831509682618e-01
-1.740106388507762581e-03 -2.162465304266983357e-01
2.159826959988392706e-02 -1.966143360886995206e-01
2.174818778119279664e-02 -2.262885430822130783e-01
6.113501688805290935e-02 -2.176601554879852296e-01
5.722041858679406678e-02 -2.227202656009921455e-01
3.273906752367933964e-02 -2.302846240042355497e-01
1.082406375826544878e-02 -2.062368116562437736e-01
1.103824988056720420e-02 -1.877130013967059363e-01
-2.170466248126821842e-03 -2.184262338320691055e-01
8.783560814122197760e-03 -2.085004067337746514e-01
6.161292623608637456e-03 -2.181045546161848314e-01
1.503121123848557422e-02 -2.248712808256805029e-01
2.331908807780820950e-02 -2.111285715893077286e-01
3.713350005227374767e-03 -2.200747020409288546e-01
8.814517321385020171e-03 -2.325106032400264811e-01
-7.327403891384914360e-03 -2.286879425276833466e-01
3.112683595495326864e-03 -2.260400171525254742e-01
1.608326484603285200e-01 -1.393657174296759615e-01
1.911309572198726658e-01 -9.223010758791072572e-02
1.705772928499993402e-01 -9.920765728546723783e-02
1.448824923639404350e-01 -1.544133137603803108e-01
1.674161135639173348e-01 -1.120631113179692689e-01
7.772194982481261949e-02 -7.744566469504651773e-02
1.013146482767922907e-01 -1.175826968121963245e-01
1.321359652436012722e-01 -1.416115831485633969e-01
-2.513782937773378218e-02 -1.467398867360683590e-01
-1.093214927380086778e-02 1.305908972995830156e-02
2.837676552126769738e-02 1.454251823636602305e-02
4.937374455257634992e-02 2.802306402905915469e-02
2.023250081695135427e-02 -1.947885900388392211e-01
7.725040556845909519e-03 -1.965440169806163540e-01
3.048036533975276297e-02 -1.444716152646501606e-01
3.971797920127373427e-02 -1.333924193830595961e-01
6.598635829213131410e-02 -6.606776218572513182e-02
-2.706521220383162687e-02 2.317400689381307610e-01
-1.036880028063068976e-02 2.354686979188409524e-01
4.470182335260721590e-03 2.451024629625373763e-01
-1.061941444849775519e-02 2.360418002242621882e-01
1.452670391612844239e-02 1.733832079095518897e-01
1.164595179303469161e-02 2.336821265086830579e-01
2.142019858264744558e-02 2.037681323013319223e-01
2.216031467430396376e-02 2.457389721305316133e-01
2.183371304212668867e-02 2.248600070949622887e-01
2.307208748703587844e-02 2.426486630427215074e-01
3.425616370426055879e-02 2.369117511962065270e-01
3.303421174697580842e-02 2.335184212317594765e-01
1.199757685613923354e-02 2.426573072859677382e-01
9.230354232373951320e-03 2.487912087590167798e-01
-2.175168523571204687e-02 2.374911044389114712e-01
-2.232812754131290392e-02 2.309367368972880807e-01
1.399349266765496057e-02 2.351893109385839453e-01
2.625687114680914924e-02 2.350021607104879895e-01
3.157945567581651319e-02 2.284118778339927491e-01
1.512189804949078814e-02 2.491773812724175641e-01
-9.573402954416233498e-03 2.307739920918362997e-01
-2.744441539452409373e-02 2.390992643368234083e-01
-3.353995508589911745e-02 2.706027601028391794e-01
-1.677410284664812177e-03 2.435294311277990953e-01
2.968647071839224452e-02 2.328683552451222549e-01
1.024830736313164618e-02 2.498941921536281252e-01
1.619323509001376060e-02 2.616538427094063923e-01
1.894121384120617951e-02 2.406587865892206024e-01
1.222361338567813649e-02 2.403396581336384730e-01
-1.773808161386688717e-02 2.240698224914795533e-01
-2.066664966764040351e-02 2.103767743538291768e-01
1.292541099560404021e-02 2.232853219896577812e-01
1.806131175499662211e-03 2.163544023947856221e-01
1.732474429051973977e-02 2.252545719246658862e-01
9.452080449365213299e-03 2.387339387779909561e-01
2.002223579975144323e-03 2.375619903826173551e-01
7.607639648941543972e-03 2.180145064793447829e-01
-2.660214686366771299e-03 2.272636105713009835e-01
4.107051296286995390e-03 2.339917132312829828e-01
2.287437010457083267e-02 2.313360253571808689e-01
2.648139906695637716e-02 2.235468851386675782e-01
-5.894515767777538072e-03 1.978989115732175397e-01
-2.629392605746415021e-02 1.836410432284109884e-01
-1.020715273510827172e-02 2.256700939269755402e-01
5.181337751818311521e-02 2.285474775112906198e-01
-4.054782360064290714e-03 2.359357547265147348e-01
-6.526887035726029740e-02 1.824721809380943083e-01
1.174466680718229405e-02 2.104984078312009954e-01
4.249779226767247398e-02 2.038348457050373486e-01
6.148360898694014282e-02 1.629220203110478826e-01
3.846502448451389472e-02 1.462112180452934673e-01
7.144907915159741385e-02 1.892276806531736910e-01
7.787280682762158512e-02 1.902431666712471603e-01
4.730445600287806057e-02 1.652728450927392623e-01
8.005648595506825727e-02 1.992370215332131267e-01
7.413085720977787008e-02 2.057402951416233694e-01
7.608050407950080196e-02 1.988631619491721958e-01
9.866432959567189576e-02 1.967660748358104894e-01
9.935113755246408052e-02 1.890176208186601092e-01
7.845047530889238951e-02 1.831346228358272377e-01
9.696295672869313653e-02 1.946767029850911268e-01
8.599279797730319252e-02 1.911684470981409312e-01
5.230752040863344970e-02 1.573530177723248547e-01
7.731670959088145223e-02 1.732096145000989185e-01
8.572801488704778761e-02 1.783092771432233659e-01
8.665123266209227848e-02 1.605901372864151633e-01
7.381574383985657628e-02 1.982956492728081554e-01
7.166013094845072318e-02 1.869787603200972481e-01
9.256182451794704724e-02 1.799066356734360383e-01
7.761873850517866935e-02 1.627093467344962741e-01
1.189408979459299492e-01 1.381679465226013925e-01
7.295675168995119364e-02 1.095918103483024403e-01
6.774528072024844916e-02 1.392980592999326916e-01
8.874751675832182052e-02 1.805931051033979884e-01
6.936912307038853309e-02 1.753218644663679382e-01
7.171147680860728846e-02 1.705588234559596017e-01
2.873312995999539876e-02 1.659894355378743191e-01
8.124288078610382435e-02 1.773870198396506892e-01
4.915000193594807470e-02 1.698963185764908179e-01
1.097771734696434826e-01 1.505132484946702098e-01
8.239987101921164570e-02 1.479577645623149085e-01
5.691539410368519347e-02 2.573179831951580288e-02
1.937389443017809021e-02 1.315622921661988194e-02
9.162303450871217558e-02 6.695822158540755409e-02
1.317075477308750908e-01 -4.451947056142215031e-02
1.231189488482742483e-01 -1.916037847290942564e-02
1.327145784509098925e-01 1.647018448027522119e-02
8.995056238577431307e-02 7.285043851982633822e-02
1.019662966795428921e-01 3.884384388025349105e-02
1.632795833709360933e-01 1.012790242324487777e-01
1.684148621856870753e-01 1.156140845672637696e-01
1.627248087506489305e-01 1.225180086156046760e-01
3.750770997222038772e-02 1.408181707311180197e-01
-4.955959578237028457e-02 1.124684302790702611e-01
7.911952241617320469e-02 1.489612683051417807e-01
7.927230823464276321e-02 1.482074713995498172e-01
1.182798101555179449e-01 1.089880201920853803e-01
1.405316983055772129e-01 1.318013511537155513e-01
1.629265549960295101e-01 1.026388471458806878e-01
1.917939816986622414e-01 1.169577054291467549e-01
1.475416284880806672e-01 1.429445443516527414e-01
1.587383167979105059e-01 1.555759566042811959e-01
1.899232981802687348e-01 1.378107298622603949e-01
1.948072641235205071e-01 1.327199318984576548e-01
1.765179348665743830e-01 1.145670446995264852e-01
1.851204684582333782e-01 1.350654977052050676e-01
1.762631737450370550e-01 1.417576377940133470e-01
1.433623022055852958e-01 1.454539728896633854e-01
1.598410482655784337e-01 1.556530305035349337e-01
1.768127838629840465e-01 1.395719668691702275e-01
1.624893830220193736e-01 1.543060243733496983e-01
1.840979127403100657e-01 1.982771326424665193e-01
1.782298729197429876e-01 1.923527556591762555e-01
1.480619520988546156e-01 1.928313066336437565e-01
1.629685795592793751e-01 1.822699780751287912e-01
1.376346801651090468e-01 1.783295887530369217e-01
9.037839731744380656e-02 1.073021172139762419e-01
6.258817479766486114e-02 1.039591332746290370e-01
3.928467666766025101e-02 7.458767948537506354e-02
4.970770520695253630e-03 1.961207167339285018e-02
2.915873297640049489e-02 4.828398338613626439e-02
1.152204408454470842e-02 4.923279142773072381e-02
-8.800304114963653293e-03 4.635937175641607899e-02
2.315728996657350977e-02 8.256188366198410900e-02
-4.670347640662356539e-03 3.296134975130745465e-02
8.519633881838580003e-03 4.115720633818605034e-02
-6.133822745879214874e-03 1.156517082817207220e-02
1.667529631216560504e-02 -6.388505140246725743e-03
1.031861111941670406e-01 6.050122380741747297e-02
1.263407716732685704e-01 7.669432407715291722e-02
7.742882495342202909e-02 3.580846273882676983e-02
2.661081669324413118e-02 2.799322446351815152e-02
-1.064312608795789914e-04 1.329100422681388574e-02
-2.967345908540025209e-02 2.916290551640094916e-03
-3.301159343108654026e-02 1.377094867218719466e-02
-4.084210871369872015e-02 1.894561468999911638e-02
3.125883534036631023e-02 4.139639916189148672e-02
9.216289033031846434e-02 1.141199924657039372e-01
9.583722118200382889e-02 1.223133494649407543e-01
1.760863367761875131e-01 1.509823049724574318e-01
4.623183767766626123e-02 7.506911187425796897e-03
2.498010736571651055e-02 -4.757354940568110646e-02
-1.277871078736156178e-02 3.153619115964196445e-02
1.612849675418120132e-01 1.535312073134157893e-02
5.486632269119666450e-02 -6.512172140414984600e-02
3.168567437333758008e-02 -1.406081108966044380e-01
3.418549229209244360e-03 -1.896696392391088726e-01
-2.094385393711415203e-02 -1.914988020481393494e-01
-3.398776310055192512e-02 -2.063060600748173878e-01
-5.459545005435568338e-02 -2.062285453034126692e-01
-8.392318664620863899e-02 -1.987915202246360313e-01
-8.437456887437128072e-02 -1.694862759852006351e-01
-1.030194536483751977e-01 -1.485813624744586614e-01
-8.483920088521461345e-02 -1.930662285083864782e-01
-8.384156231653933089e-02 -1.755523146378648869e-01
-4.681283631822045349e-02 -1.946695230672035315e-01
-5.506898217174716059e-02 -1.796935054792994924e-01
-6.772096977020805597e-02 -1.908304556126699525e-01
-5.885847906380362732e-02 -1.427258402738929566e-01
-5.165160892963709810e-02 -1.647074895408282835e-01
-5.369438610489852409e-02 -1.854735440694418314e-01
-5.231109855850176599e-02 -2.008673510021463660e-01
-6.343269689375734266e-02 -2.209198696998138645e-01
-8.444358898415242620e-02 -2.128113805896429400e-01
-2.452452110668549082e-02 -1.357282702570512256e-01
3.622725585504243950e-02 -1.291885302235804001e-01
-5.097964104435596944e-02 -1.528300159026974858e-01
-1.023882506916268392e-01 -1.491454426462185401e-01
-7.175244642778158544e-02 -1.550624980027155431e-01
-7.742135374500611067e-02 -1.553930418979215522e-01
-1.196413099576670303e-01 -1.698539791045616532e-01
-4.310582975470132056e-02 -1.390850235783999411e-01
-4.410201580709342123e-02 -1.623862031932533645e-01
-9.074091231631369048e-02 -2.280564404076896867e-01
-9.928020437245631269e-02 -2.233835105158572254e-01
-7.894537004381450840e-02 -2.208697047472046038e-01
-5.740116042326668527e-02 -2.316955408508806213e-01
-1.705008094045192685e-02 -2.191238037929756910e-01
-1.136574112976344170e-02 -2.527261816518250326e-01
-1.300782653333004690e-02 -2.161051206842677652e-01
2.387865915091665504e-03 -1.789149095152142155e-01
-2.292363215495122567e-03 -1.972212123499735292e-01
-3.257187660131197898e-02 -2.316061225313991168e-01
-5.211146613763085328e-02 -2.309939715497471846e-01
-2.858990555630046976e-02 -1.753071109947436923e-01
-7.695258068503025260e-03 -2.419826311860448220e-01
-4.828479033962691271e-03 -2.048188093643149021e-01
3.247820307830171643e-02 -1.910892160744341317e-01
4.809119235632269840e-02 -1.756440317907051185e-01
6.422575897529701761e-02 -1.763084418676835186e-01
9.734816877062210660e-02 -1.528731111554569311e-01
1.009275231646366983e-01 -6.852814369693795149e-02
9.031912363128637156e-02 -1.421929045705138395e-01
4.811418856262709987e-02 -1.810604138380151884e-01
2.205412156311309033e-02 -2.140375562595885350e-01
6.883129840976359715e-02 -4.954617279991598011e-02
7.272876567886962795e-02 -2.278630392423100157e-02
8.461076612926507479e-02 -6.889178449433625874e-03
8.822234355388695881e-02 1.500258013500130674e-02
3.863102859479622397e-02 -1.445111205584657943e-02
5.364847635581802138e-02 7.656036192498730242e-03
5.910717032054783882e-02 1.224892417077524769e-02
3.546077993875095674e-02 -8.513020799573703737e-03
8.692523470393359597e-02 -4.364146186364676466e-03
5.114348015746825182e-02 -2.404119926572690497e-02
5.497985514279399993e-02 -4.361364755454937708e-02
6.694157866170760696e-02 -6.758526774758941147e-02
9.608111795410601008e-02 -9.998580450468451397e-02
8.431907212418595504e-03 -2.320870668118291402e-01
7.401697048591635020e-02 1.556656898324419724e-01
6.200507807803497945e-02 1.758778514850703467e-01
5.870554366371140420e-02 1.794231406327038425e-01
3.595939059608857513e-02 1.609475428919637519e-01
6.006314647095440523e-02 1.207749575849232371e-01
8.590978017672806777e-02 1.219215400861808768e-01
2.924221526727755968e-02 1.549133257613407033e-01
-4.571608024274186055e-02 2.295647585088359810e-01
-3.160887208281973337e-02 2.286725434932665724e-01
-3.333512273546158922e-02 2.415445774677326962e-01
-4.690105798472067600e-02 2.355265151523567302e-01
-2.266623121300087237e-02 2.325328200473496532e-01
-5.250229339494723486e-03 2.249720043667481351e-01
-6.197802348612635806e-03 2.231921090205909730e-01
-4.983776249149508147e-02 1.580612631374589960e-01
8.648602763258361921e-04 9.973906568175183729e-02
-1.019349002842186991e-01 1.384330366488191189e-01
-9.646336198173276200e-02 1.529640882729008666e-01
-1.186672895399377287e-01 1.584436567467084334e-01
-9.936665467763558524e-02 1.479804537326570302e-01
-9.101410346830586529e-02 1.524648950345065812e-01
1.573220583127931532e-02 5.954461783965234178e-02
1.562032665024819592e-02 8.684477553637762193e-02
2.263834408127140402e-02 5.812056536472282042e-02
-8.111605131552389325e-02 1.567917245423765815e-01
-8.592746229906962629e-02 1.609239719773196409e-01
-8.215043972707113118e-02 1.621111619527703940e-01
-6.000775403426909793e-02 2.062284665762428582e-01
-5.162801439684206600e-02 1.955592975405085199e-01
-7.616756058388768347e-02 1.525126666811533194e-01
-7.274602267449414850e-02 1.863252460834219082e-01
-9.470464424425716066e-02 2.296513269047699701e-01
-9.310891536645977962e-02 1.920575917540873478e-01
-8.086705302281738117e-02 2.120909482586206540e-01
-5.960151790163970703e-02 1.995438055685674894e-01
-3.147773426787141282e-02 2.104221369490794358e-01
-2.618314315227277325e-02 1.906194353066845704e-01
-3.536070983319283129e-02 2.206200608917055495e-01
-1.903459804186734966e-02 1.962651968359820365e-01
-4.302753164795689728e-02 1.919603007176238496e-01
-5.053746595870377972e-02 2.084298671896159805e-01
-5.714563564818210539e-02 1.733427578896984123e-01
-1.008899073228967241e-01 1.739179228469689420e-01
-1.028521820306587675e-01 1.930884138248417370e-01
-8.431800340285565409e-02 1.507493355315262518e-01
-9.053824496304621605e-02 1.026194802621049895e-01
-1.197315785305825692e-01 1.151857615271413976e-01
-1.286386681786899910e-01 9.348804179816168347e-02
-1.154986390454398187e-01 1.045518150271845109e-01
-1.016540017423011588e-01 1.252140205460885725e-01
-1.216168029572418374e-01 1.047757623344543199e-01
-1.058429406122315536e-01 6.377471527396461060e-02
-1.107035324587637981e-01 7.485700513332908812e-02
-1.007644240869207258e-01 4.679396541561461204e-02
-1.113725402024596939e-01 4.782267759821782344e-02
-8.083767991575756262e-02 -3.140355949664630844e-03
-1.765481385452758248e-02 -1.732842872206731208e-02
-1.285180896453937821e-02 -1.297259218847713128e-02
-1.203048776539283708e-02 -1.588414336449406675e-02
5.966496019143910368e-03 5.821845866403543152e-02
9.404117889331658695e-03 7.558340498382372374e-02
2.603054824719002597e-02 9.119101916432524602e-02
-1.908150565782531713e-02 1.411905659898003013e-02
-2.381548846985313134e-02 9.587513618698910445e-02
-3.156369449641856229e-02 9.189702867783651474e-02
-3.009274031006880720e-02 1.356126515354536544e-01
-1.101412000301739240e-02 1.691733512306003440e-01
4.350101259268798586e-03 1.258494432791393003e-01
-3.664855249525838382e-02 1.762461371854880388e-01
-7.257968003738160014e-03 1.425620405243655797e-01
2.799168141098967895e-03 1.490821145108154056e-01
7.310949814483584663e-02 1.489214953389487450e-01
9.093000710550420973e-02 1.034059331977382756e-01
3.974698229063540478e-02 1.945182094468096146e-01
5.937361849044493767e-02 2.006442382028766624e-01
4.435081728187538486e-02 1.661589193890626870e-01
5.350347271808516408e-02 1.699334305643439291e-01
4.994806417686093250e-03 1.749683794738764175e-01
-2.403959716782106976e-03 1.198548731512375787e-01
1.867886342049820680e-01 -2.856029036319345307e-02
1.099185438484891614e-01 3.511751766926054369e-02
4.550499695502063791e-02 1.474159011978782297e-01
3.161331819973531299e-02 1.555774681659417291e-01
-7.281510576601114837e-02 1.153904915322581659e-01
2.328580813494607327e-02 -4.483417848641887624e-03
2.155751766133418013e-01 -5.119066528669983379e-02
1.811950215529733454e-01 -8.256781969058853143e-02
1.566679181951177446e-01 -9.501276664149845008e-02
1.668578277118561992e-01 -9.928288896894717219e-02
1.446122062445145962e-01 -9.995943090279484078e-02
1.296810710161248881e-01 -9.960919734241686918e-02
1.330888946525357885e-01 -9.283404732575044338e-02
1.312340746588609997e-01 -1.348134133074416208e-01
1.204295657454892005e-01 -1.156191467242831949e-01
1.378960543689112528e-01 -1.122042770061734140e-01
1.306799692195173002e-01 -1.568110284444164393e-01
1.162465865223141631e-01 -1.672313408963499448e-01
9.314134308770861959e-02 -1.682466852055177209e-01
4.954789692493503928e-02 -1.988924642017791677e-01
1.526222234106747351e-02 -1.980304804194206181e-01
4.413978910317303134e-02 -1.951246763268005557e-01
4.755965012384939794e-02 -1.698036566976127426e-01
8.427905707194573159e-02 -1.166856322029660165e-01
7.443588562924523255e-02 -1.431513448813357681e-01
6.697428980076779170e-02 -9.990588068188331616e-02
7.344587572332550440e-02 -9.652033683453145607e-02
1.274935893663759201e-01 -1.524151709540483013e-01
1.010499596591406674e-01 -1.643474544478077393e-01
1.282744448002350324e-01 -1.812208440646742857e-01
1.156386316988136376e-01 -1.850485433158858828e-01
3.254046839691231152e-02 -1.961874773739357980e-01
6.164744022733543993e-02 -1.898683623611683580e-01
7.050095997273887749e-02 -1.886368174982410717e-01
9.496849835390869243e-02 -1.929369899864100402e-01
7.595292670080758257e-02 -1.299669451151750643e-01
1.060851762410505300e-01 -1.077858720543688337e-01
1.305400631660302846e-01 -9.813747950251985874e-02
1.553082684814594272e-01 -1.057397214198806251e-01
1.788941727786836633e-01 -1.087425173857188704e-01
1.992381394590245769e-01 -9.595558748182810016e-02
2.048749418363965402e-01 -9.666353368371695398e-02
1.841473848938249280e-01 -1.087807158085155046e-01
1.787450162827427802e-01 -1.027049937139634106e-01
1.488208820159188650e-01 -1.810625709624682778e-01
1.468248648431720038e-01 -1.531111033898226170e-01
1.815460187668985759e-01 -1.388182644361820317e-01
1.861841197588026686e-01 -1.431486996484298280e-01
1.604770063433839100e-01 -1.003667259158583097e-01
1.886310231785423008e-01 -9.488429964578627696e-02
1.737572092024985138e-01 -6.969058185019731677e-02
7.038035782129171969e-02 -3.756866841981196942e-02
2.061928189137483824e-01 -5.036143200698638828e-02
9.698533099035595850e-02 -5.353819927269274498e-02
6.489667978921953573e-02 -1.394009399654533854e-01
8.490369418273110980e-02 -1.298721654754288468e-01
1.026456019370512451e-01 -1.449313976818325800e-01
1.959804249173093676e-02 -1.097628844883211663e-01
1.747029114572435857e-02 -1.042487547869626469e-01
4.496029941247042241e-04 -1.784620550889759460e-02
-1.441285852403107089e-02 -1.911632668503667615e-02
-7.902033405491705464e-02 -7.754878154207667240e-03
-1.025282827085855636e-02 -3.906009560667339509e-02
5.617781105871763603e-02 -1.129285433503659231e-01
-8.851933392931570291e-03 -8.947664056889223505e-02
-9.282980393129714250e-03 -2.363674630349393846e-02
-8.472051180399406758e-03 -1.284970694910518574e-02
4.814253034376228535e-03 -4.382047170238334566e-02
1.061505985191709030e-02 -5.391675886877193152e-02
