-1.527378195765130842e-01 -1.719161897970612404e-02
-1.296563791783104380e-01 -2.372348949043285096e-02
-1.164926780130924877e-01 -4.986904612307216378e-02
-1.080464808270649585e-01 -5.393879466823655461e-02
-1.295304069504198130e-01 -1.156432083547011963e-01
-1.170276678396558329e-01 -1.475884816462246230e-01
-1.600037685899092788e-01 -1.220285417209153317e-01
-1.432912727279289922e-01 -1.440342871094374977e-01
-1.345317766433677398e-01 -8.939437865474293698e-02
-1.637317856898985458e-01 -1.410475896164581355e-01
-1.179063453138740614e-01 -2.294654175696887177e-01
-9.879294896140387860e-02 -1.902296030050234232e-01
-1.137450789457852829e-01 -7.922811155924813775e-02
-1.356210298490370114e-01 3.534865543483009520e-02
-1.217660950720975827e-01 -3.099257338591356395e-02
-8.490697637276933829e-02 -2.269659136565089774e-01
-8.305653503352147804e-02 -2.344705914905005073e-01
-9.886682490297848958e-02 -2.992011873098586738e-01
-7.935632846187359868e-02 -2.828398523298915057e-01
-8.563111385108598816e-02 -2.589822592998779482e-01
-1.146256044453876216e-01 -2.992381838765728053e-01
-1.048107371229921488e-02 -1.844339970757742087e-01
6.231676816593746627e-04 -1.295990453176131263e-01
-7.964815420691974401e-02 -2.791332723243579172e-01
-6.907342392036744383e-02 -2.139052061011128547e-01
-6.884482318035284321e-02 -2.562439183890072303e-01
-8.313351205183820702e-02 -2.200333844814383877e-01
-1.011990509672432148e-01 -2.391078370794726682e-01
-6.573123846154879657e-02 -2.691652577861674556e-01
-6.831596338920997713e-02 -2.618281462733459963e-01
-7.291843004192893885e-02 -2.459442689345694433e-01
-6.500090333712689461e-02 -2.572999792558262611e-01
-5.482347597126365629e-02 -2.684591678533093106e-01
-6.784267056620205127e-02 -2.776662286416284320e-01
-4.452453868270559584e-02 -2.766616420428253953e-01
-4.316339586924365646e-02 -2.800065499585513984e-01
-6.845887434732861321e-02 -3.024602567001821729e-01
-4.841446083585897175e-02 -2.798868520022087525e-01
-6.501691354728387703e-03 -2.496934166272433975e-01
2.299121055882339065e-04 -2.648533007238307868e-01
1.727096687936929484e-02 -1.948885200721585387e-01
2.100568194453121388e-04 -2.804767056457853069e-01
-3.473923075169792901e-02 -2.438087629187538907e-01
1.056899464679306871e-02 -1.983885359135382775e-01
2.253590330481290531e-03 -2.547795791336691096e-01
1.313620389971606288e-02 -2.867238427722997862e-01
3.056570882014719714e-03 -3.033633371242286381e-01
4.765432742896301421e-02 -2.920173266825489278e-01
-7.801493247574774539e-03 -2.780443616794915918e-01
-9.912600820941063970e-03 -2.906833408274754893e-01
2.650992413508031654e-03 -2.465451746714187597e-01
1.832938735908730410e-02 -2.572032509027945002e-01
4.643057403436231384e-02 -2.623592056654338589e-01
7.641764356984925843e-02 -2.719916187938696828e-01
5.279253213315693999e-02 -2.808017057001657157e-01
4.999027658826988435e-02 -2.590217980283399668e-01
8.214274507700512762e-02 -2.575630479229440439e-01
7.473096883128657608e-02 -2.748144460164471670e-01
8.446704716901309862e-02 -2.709651984512602141e-01
9.171874385005671093e-02 -2.696533348122482354e-01
8.392072579167986213e-02 -2.736614043833731635e-01
7.707247558888273564e-02 -2.487945731394434201e-01
1.283568454745136894e-02 -2.142581879642361520e-01
7.991505414617530723e-02 -2.708167073579573758e-01
8.236038837870564289e-02 -2.332902892293213515e-01
4.233061703523617603e-02 -2.495419686933259551e-01
5.250492980222033756e-02 -2.186801250738223401e-01
8.072018021010590738e-02 -2.194752627859207494e-01
9.641453127729433803e-02 -2.734650449252428728e-01
1.694252003227853798e-01 -2.245545019582245727e-01
1.455969773742422368e-01 -2.350589306547378743e-01
1.340202973055935054e-01 -2.404445093324215632e-01
1.117005047936259904e-01 -2.417003011768521781e-01
1.330202992185978428e-01 -2.457752422226080202e-01
1.478277062785083862e-01 -2.631249192075140186e-01
1.439151120090572389e-01 -2.640329036598969004e-01
1.426444367992160400e-01 -2.628344096171316702e-01
1.429892783358912567e-01 -2.515954043525709949e-01
2.050433744840616801e-01 -1.571604237781891455e-01
1.764602453255053049e-01 -1.888892707603381793e-01
1.744789637890623579e-01 -2.204482256137605678e-01
1.603434266407510189e-01 -2.206639668015291378e-01
1.391404995381187726e-01 -2.271226262090816350e-01
1.430040895832380698e-01 -2.218714575727496474e-01
1.538086466168890609e-01 -2.182837461658253264e-01
1.569006545124888574e-01 -2.197497261071142127e-01
1.805249816652376715e-01 -1.745147884372401925e-01
1.753096196475676105e-01 -1.623438014345771341e-01
1.696616213653400485e-01 -1.635111585033095227e-01
1.822184940977215617e-01 -1.226320617375763200e-01
2.063648658845869677e-01 -8.902411550058872414e-02
2.082945108873704432e-01 -9.528492801494563291e-02
1.835868802692134094e-01 -4.213649323708272554e-02
2.093056602299765978e-01 -5.768621152738000191e-02
1.983794310079873002e-01 -5.471528084609240256e-02
2.001411310697659152e-01 -5.444458569373093054e-02
2.141648491602015369e-01 -4.689208006132279671e-02
2.594541097616104852e-01 -9.340716294428683120e-02
1.534094911634369118e-01 -1.760152408130112589e-01
1.681061609364282727e-01 -1.411466798360783981e-01
2.339940353251069860e-01 -8.935584957917371007e-02
2.401959183666056707e-01 -7.733849208185711310e-02
2.565386288566042228e-01 -7.237713889954368318e-02
2.458886478778866680e-01 -8.611956949700159958e-02
2.569892585780723104e-01 -1.064202207427362816e-02
1.966825109969902452e-01 2.255277667804564054e-02
2.063436992328704089e-01 3.884831068589099379e-02
1.938662465182158512e-01 4.798054898304856403e-02
2.246448658921286201e-01 2.025398635109637233e-02
2.754070221169310217e-01 -5.536108007763866634e-02
2.379270119623311808e-01 -1.182859026834966604e-01
2.569987961920059405e-01 -1.108990657657056567e-01
2.221682053756481312e-01 -1.634074527276079825e-01
2.346568724492189562e-01 -2.640914139465094443e-02
2.363462741520679367e-01 1.449653313127108843e-02
2.097529725205113105e-01 3.389901023498516353e-02
1.738589107062820660e-01 8.559508186347479508e-03
1.736641739045865496e-01 5.006227520649697213e-03
2.177348014939224641e-01 1.996844614604570065e-02
2.169139897511218606e-01 1.221179230462005397e-02
2.275035718514318295e-01 2.195647748251965473e-02
2.533119945654613847e-01 1.970876477423563408e-02
2.780386463229377880e-01 3.106423395071672769e-02
2.342250294833629620e-01 5.544765781319480058e-02
2.488565946742857804e-01 4.437134188574173160e-02
2.576015409394813993e-01 7.430338533857200334e-02
2.424171727602439930e-01 8.582907793613520075e-02
2.522399234884853403e-01 9.050903544837525516e-02
2.492936301407332467e-01 9.788918341575159054e-02
2.600175141052992744e-01 1.036419241708473882e-01
2.514461379900826410e-01 1.157331395802226326e-01
2.549155757724237970e-01 1.127112574868813916e-01
2.440918443485678990e-01 1.154239694408397549e-01
2.370908210424315654e-01 1.242910206027563053e-01
2.354066839582378001e-01 1.507728006634503071e-01
2.442159955953483175e-01 1.547762005899460946e-01
1.798349920901162191e-01 1.432196054020573595e-01
1.949739439186943257e-01 1.527537937276381708e-01
1.944007856068806217e-01 1.508244552266257144e-01
2.183744887195641915e-01 1.264394988552925148e-01
2.187106490443130880e-01 1.236230721108746156e-01
1.327352165125142147e-01 1.380870709806273633e-01
1.577517197830410611e-01 1.698316577301942631e-01
1.646707087916388090e-01 1.667000389880686773e-01
1.604868694695899545e-01 1.701265665224665768e-01
9.779588968550685657e-02 1.687077337653674625e-01
8.081788215699858835e-02 2.039887740080340017e-01
1.001314602249789298e-01 1.853411521704237119e-01
7.830802930166784470e-02 2.260108901970320217e-01
8.579195516280949119e-02 2.376608422184712799e-01
6.168265206072197360e-02 2.148087012040260091e-01
9.838474269094855951e-02 1.456114100017542601e-01
7.591442175037668716e-02 2.236453095282735504e-01
1.127227242590208567e-01 1.937974999739268955e-01
7.761950913209569869e-02 2.394841311067096579e-01
-4.706716694433041130e-03 2.254894765959734038e-01
8.227510876829736974e-02 2.702171898938356409e-01
1.645417256345858004e-01 2.567335459534591524e-01
1.610623896479921602e-01 2.599939495279623425e-01
1.600863257434102238e-01 2.744791330789476125e-01
1.597999809712106201e-01 2.859845965596232720e-01
1.234746982094253875e-01 2.582796310340807477e-01
4.573469331490662843e-02 2.398880463523706541e-01
6.459886316112392612e-02 2.590911034876231533e-01
7.719707757356171485e-02 2.295355523867052272e-01
8.106781632175220909e-02 2.536994849220987058e-01
5.245565964252833085e-02 2.388094846496553181e-01
1.023237772455294486e-01 2.200947389241909025e-01
8.185731981011858116e-02 2.529264874555777198e-01
7.681810616320725038e-02 2.227080271124840527e-01
7.299176059064628463e-02 2.101834091841237873e-01
7.490076630505454469e-02 2.436309378030125095e-01
4.460494581643038858e-02 2.621688680656283355e-01
7.179886921996024574e-02 2.614292432331170035e-01
9.922059105004527035e-02 2.771035815376092226e-01
7.295937507263447475e-02 2.805455783966858685e-01
8.875760319592591874e-02 2.713688432541820350e-01
6.348887601212073462e-02 2.645445632928305479e-01
4.999245815969893120e-02 2.588028836457654802e-01
5.100872337745376156e-02 2.474026584496465120e-01
5.493928856692063822e-02 2.693570016882164686e-01
6.728186247280897037e-02 2.659700850003443584e-01
8.124821965827339065e-02 3.058343183431872503e-01
7.764216321887751349e-02 3.157836903618931879e-01
2.783738781276156107e-02 2.572007087410465576e-01
1.437377015721825330e-02 2.708112624441427196e-01
9.455095092830333864e-03 2.677028837480670553e-01
5.487204748721288827e-02 2.639789773777126980e-01
7.773304099398595235e-02 2.565574697007641514e-01
5.786910293710124942e-02 2.518654143833266579e-01
6.270743622475966061e-02 2.410184429134208106e-01
4.890680184246020551e-02 2.371785526670080191e-01
5.327108957482008800e-02 2.418806143657936392e-01
-1.937470263440457113e-02 2.374453534439258939e-01
2.177200172908495823e-02 2.592478881582595540e-01
1.777514088265257086e-02 2.426960172538114857e-01
-2.649331218982874797e-02 2.197561806738216605e-01
-2.407744945479601151e-03 2.199735445180250604e-01
-4.742712397643396305e-02 2.201635034979957939e-01
-5.928226541143642898e-03 2.494942986531738516e-01
-2.592084576068932195e-02 2.626450816702189384e-01
-6.832279657575220100e-02 2.688732337164459474e-01
-7.132600009057697699e-02 2.714860531373246011e-01
-1.084353865007037787e-01 2.007458410344790944e-01
-1.100303045252558204e-01 1.864523292674791222e-01
-1.129450732643823702e-01 1.791047786649269113e-01
-7.942771633024812983e-02 1.577811439530593107e-01
-1.228591795499046346e-01 1.899632169069722376e-01
-1.335833519867257457e-01 1.786802737120595508e-01
-1.035116609181624542e-01 2.205767039443671806e-01
-1.324957935555551025e-01 2.092638317529898762e-01
-1.304808418980894225e-01 2.418041511886812878e-01
-1.534448290146842864e-01 2.096028407412576788e-01
-1.133693889073323635e-01 2.253369468910994267e-01
-1.413501879972799691e-01 2.143365802995543523e-01
-1.014273857718976657e-01 2.285088976603885103e-01
-1.686578641242703624e-01 2.034892842983615502e-01
-1.616575619987717372e-01 1.511504559191409469e-01
-1.393382472689767004e-01 2.172947911573444857e-01
-2.148914747117182666e-01 1.437690278561327140e-01
-2.069929060429298029e-01 1.314958585718652151e-01
-2.053788677167207033e-01 1.259142179230642311e-01
-2.096853978947586239e-01 1.231794919301400087e-01
-2.226240816862555538e-01 1.034199447705626829e-01
-2.471512368498276491e-01 5.677615818804274128e-02
-2.464800520598342537e-01 6.288461678530610222e-02
-2.345844298541617801e-01 3.810568844635424390e-02
-2.140048372062114124e-01 4.675678657368988883e-02
-2.486388341807316549e-01 4.180531807349195661e-02
-2.843687913408518009e-01 2.956686912955084484e-02
-2.762982571490032457e-01 1.468965178391074509e-02
-2.686295828379982598e-01 3.042301646990936553e-02
-2.612601984916396725e-01 -4.736748233769600292e-04
-2.589912560283332832e-01 -8.112746359471390695e-03
-2.669894017136724695e-01 2.777270016324917892e-02
-2.551869740759070138e-01 -7.386039111710553844e-04
-2.369590072513755585e-01 -3.761049426885510610e-02
-2.557946589107507607e-01 -2.157912647491052466e-02
-2.143798511378164906e-01 7.406016716850698234e-02
-1.566052589232860837e-01 8.975575325753747113e-02
-1.359857128680070082e-01 7.126835071335066440e-02
-9.344872999329238705e-02 4.676185737504873208e-02
-1.078558727845203014e-01 6.909400912019485197e-02
-1.514015620024308506e-01 9.744310614705893603e-02
-1.180075630163755496e-01 5.381844764932001979e-02
-1.322733814468877722e-01 9.053959547789788842e-02
-1.347630232148469276e-01 1.040036413344448268e-01
-1.296869932963808925e-01 1.331545740385799981e-01
-1.214459629870216356e-01 1.476842544349114550e-01
-1.636775348764273885e-01 1.922077654352083165e-01
-1.583112658103181802e-01 2.039000868191125915e-01
-1.725543129621949501e-01 1.894056541264488025e-01
-1.700117185059125124e-01 2.067825737099440175e-01
-1.502062681987454684e-01 1.652607427303747489e-01
-1.747501096793223907e-01 1.900764602966074079e-01
-2.247462638897895493e-01 1.216457570679390227e-01
-2.388213841301773943e-01 1.190410599439924721e-01
-2.561205784704442268e-01 1.197355208390676884e-01
-1.386885716915027822e-01 1.393998090511625321e-01
-2.492079358514582843e-01 1.369542404349249620e-01
-2.491608968443641825e-01 1.415090009884599209e-01
-1.473803939879736735e-01 1.792837937287205252e-01
-1.399493757413654282e-01 2.346187400230004549e-01
-1.203661662624642276e-01 2.260001626350461867e-01
-1.632118144501153445e-01 2.171078070475042920e-01
-1.845581302930386913e-01 2.004307752433830137e-01
-2.107702338690219668e-01 1.981487433515023433e-01
-1.907451930724325950e-01 1.435730740621110890e-01
-1.875772268261668152e-01 1.888974381310601636e-01
-1.493916405799131375e-01 2.061255060309336584e-01
-1.246276947687095377e-01 2.011210893497914209e-01
-1.366091014112366941e-01 1.788020811217674311e-01
-1.230461997187767276e-01 1.835250029704985908e-01
-1.293509411487276661e-01 1.828909229243149692e-01
-9.846154842886382930e-02 1.711729094801925644e-01
-2.309685563433351851e-01 6.996562803892157623e-02
-2.474895426869736792e-01 1.090226348792265945e-02
-1.339022400352016806e-01 1.604659372015806440e-01
-1.224245329943195737e-01 1.371383037631824786e-01
-1.231105110021438048e-01 1.289370645955084105e-01
-3.092870067052178040e-01 -2.222305514417774810e-02
-3.304821089979309567e-01 -1.680420975589054164e-02
-2.453553167667900659e-01 -1.805995878022079518e-02
-2.630436060906131135e-01 -2.085378552640470770e-02
-2.394296819685631517e-01 -2.705198153189313642e-02
-1.819975423798455838e-01 6.998871032670703207e-03
-1.098450873079779844e-01 3.890166903832297657e-02
-2.189405253725806022e-01 -6.968616378074355203e-03
-1.062127438343378749e-01 -3.455460174737771950e-02
-2.825301232755144110e-01 -8.073191742498450618e-02
6.017416302821953535e-03 8.971811664300739786e-02
-4.654826169967731658e-02 -1.160458525194882351e-01
1.160255693140528621e-02 -8.694030912173843564e-03
2.081867980517506517e-02 2.245931392108894628e-02
3.139467441153283300e-02 3.559242801251035360e-03
8.757596675056701641e-02 1.613575328239717221e-01
4.918675064387919432e-02 1.169418112847373931e-01
7.779853321064726657e-02 9.841913849998796052e-03
1.936863840671729509e-01 3.179582212649663397e-02
4.222709606207303290e-02 -6.096647461369396337e-02
2.064753687877988741e-01 1.611834578475463686e-01
2.070065724160142784e-01 1.219119538560728272e-01
2.157170462467277172e-01 1.760511736382847636e-01
1.982131808414810126e-01 1.222310492439820789e-01
2.126060532708403950e-01 1.319448295778666569e-01
2.174876889484138598e-01 1.258499426987290393e-01
1.881638171273577187e-01 1.705359086524262657e-01
2.052131043471448757e-01 1.347593902673845101e-01
1.316305120116821603e-01 2.068495353321546382e-01
1.937896210754599946e-01 1.812958516488774041e-01
1.551210511413792792e-01 1.570590438100441799e-01
1.738209044866751429e-01 1.498731278179169513e-01
2.259238076350294777e-01 1.591053578104919264e-01
1.038480105528287178e-01 1.735263562847216834e-01
1.097068640240044107e-01 2.679336074635839116e-01
1.890902097155179318e-01 1.719975074213411226e-01
2.052254725950814485e-01 1.781651704415808390e-01
1.987757197684045796e-01 1.781387752302409366e-01
2.168049111796694073e-01 1.593383171859856229e-01
2.381603138986277957e-01 1.582859163109029410e-01
2.280532737630042717e-01 1.656474758473424902e-01
2.456514155071145844e-01 1.441264269506619122e-01
2.586874947437331485e-01 1.057311844782702903e-01
2.503728228765065844e-01 1.016320478221195422e-01
2.091651742417522108e-01 2.135584804800216563e-01
1.219831884735618488e-01 2.103723585112017291e-01
8.878965967527177594e-02 1.720676061793257605e-01
1.630215850274054912e-01 1.373665213759832915e-01
1.834507574238471439e-01 1.642318523440811640e-01
1.801539161976240255e-01 1.383604885898961634e-01
1.916796628837350303e-01 1.854277479354957958e-01
1.760580428838588729e-01 1.673204887201996949e-01
1.589031207301643267e-01 1.672361286151045068e-01
1.490364951748767708e-01 1.803328411138379050e-01
1.312270835629516241e-01 1.644640003913574455e-01
1.112762071801919467e-01 1.985849855192483304e-01
6.661606850808242386e-02 1.608205417211387434e-01
1.696426182555366147e-01 1.545920831731407430e-01
2.223060410250289332e-01 9.080169055115476506e-02
9.331598768216535500e-02 1.609195598226952628e-01
6.123883298890113458e-02 1.984741580847494691e-01
3.663786047968124737e-02 2.120201841502871998e-01
8.851214035112604794e-02 1.985371351839367859e-01
-2.183557605598788684e-02 2.319346679551168300e-01
-3.971568365361324848e-02 1.962210996249884598e-01
-1.053238706688541249e-01 2.238864903630370662e-01
2.541974691671899239e-02 1.546595315922818514e-01
-2.537435084926514123e-02 1.471393573893376994e-01
2.580199519159602061e-03 1.472787976656373954e-01
4.971424920656840329e-02 1.668120744001356792e-01
9.789428576876332833e-02 4.575584644448622840e-02
4.921309627405024562e-02 7.028556179932216041e-02
-7.597268413114505181e-02 1.334330218827967651e-01
-4.806956070325694302e-02 1.292212818848268163e-01
-6.117018109957088334e-02 1.175425727854591679e-01
-1.666811620848768216e-02 1.081509618719520560e-01
2.996019428828507539e-02 4.926840632158301092e-02
7.952763590760175694e-02 1.178065925095429095e-02
-4.497973888646517038e-02 -1.705288636190717064e-02
7.618316971501637447e-02 -3.365557571072882309e-02
2.939306910324362976e-02 -1.080141719344959034e-01
-3.924689820959095798e-02 -1.082656025490727619e-01
2.670396860336362588e-01 -1.595793718141375606e-01
2.662629744868311166e-01 -1.610611275818761567e-01
2.841795715710346837e-01 -1.350496474445436468e-01
2.825005548693686475e-01 -1.360766537464212500e-01
2.435358861949633857e-01 -1.446880283427564584e-01
2.447459551869636818e-01 -1.833093339007937639e-01
2.545646132150861107e-01 -1.756354670891973335e-01
2.599314231666736141e-01 -1.717590490434849348e-01
2.252244066525860289e-01 -1.602145336312777169e-01
2.573486228898392847e-01 -1.412018321253466768e-01
2.218968611607127217e-01 -1.124291676804442253e-01
2.646802354002982804e-01 -7.937216739162912538e-02
2.454393343110823356e-01 -8.907119958147269312e-02
2.194664283231089197e-01 -1.214162954185381560e-01
1.837149980095011959e-01 -1.066912652169691444e-01
2.127884759131471459e-01 -1.211577070861321048e-01
2.097730754307872425e-01 -1.011568078113898178e-01
2.148358356255195556e-01 -1.738804559778334147e-01
2.259984858900635496e-01 -1.774965458428512943e-01
2.251004176714490879e-01 -1.423256208688039037e-01
2.316413637897634104e-01 -1.754958645472541601e-01
2.759712017298053821e-01 -1.477620427814456128e-01
2.269416278985343649e-01 -1.507095350920078791e-01
2.098144171108435041e-01 -1.438486461985350184e-01
2.155109147909565204e-01 -1.283235021384674379e-01
2.334556379200304899e-01 -1.457974475620074650e-01
2.434659857616540968e-01 -1.460842070130737580e-01
2.268132216859915229e-01 -1.384763642888589552e-01
2.406066667988088770e-01 -1.478601954662368545e-01
2.388709652990194110e-01 -1.261939729071868410e-01
2.274306785184760926e-01 -1.200232358544789241e-01
2.122914562471588107e-01 -1.050072903984188566e-01
2.241893862308719509e-01 -1.459389612326405516e-01
2.311691707672279550e-01 -1.529055842223585315e-01
2.236789526050223520e-01 -1.318667167000455442e-01
1.612775899502824350e-01 -1.169845502522792180e-01
1.901585486826938287e-01 -1.537741020643431100e-01
1.892555764357430059e-01 -1.203957346686100188e-01
2.203537689797375465e-01 -1.599601912498761214e-01
2.239465827396736053e-01 -1.766809266006421353e-01
2.125983005789850999e-01 -1.805976766735180317e-01
2.423497604001347838e-01 -1.696437721445569202e-01
2.260574243776797276e-01 -1.866255568566551615e-01
2.334514370428158736e-01 -1.817399366560584206e-01
2.037013835239097348e-01 -1.914053077396372371e-01
1.571191902752285263e-01 -1.884198362537419791e-01
1.882882748759091562e-01 -1.067434065770749979e-01
1.955436405634470853e-01 -8.673129294341644369e-02
1.456510839515858247e-01 -1.650466963171047866e-03
1.949162314381622241e-01 5.802753280106743433e-02
2.331886748774691376e-01 6.432004571183033703e-02
1.456217859881791810e-01 -5.092470583316147104e-03
1.120281642016079521e-01 -6.248989659277582112e-03
6.465958657081843919e-02 -1.677660701772039353e-01
4.762575966095203978e-02 -1.158928179881678483e-01
8.547066017395524296e-02 -8.803538586105714991e-02
6.174743211150356820e-02 -8.421513877226376177e-02
1.052961773323663752e-01 -1.149363341378995401e-01
7.137938548728287036e-02 -2.117966902706633070e-01
5.589597074186432313e-02 -1.343070567566597984e-01
1.582551579567049449e-01 -1.884270480601189790e-01
1.279959779518550500e-01 -1.670316739043159748e-01
1.667679561746242545e-01 -1.315105977011482574e-01
1.525746344277170430e-01 -1.053741459740599323e-01
-4.330326434654699352e-02 1.554934147341408002e-01
2.908697299632895771e-03 1.291907398848201327e-01
-3.964812254999752067e-02 9.243475001668327584e-02
-1.183561546923668217e-01 1.580342603273768021e-01
6.283232780853846566e-03 2.401275053683616517e-02
-5.839930141980285289e-02 7.012025818240287880e-03
-4.750444355555359655e-02 3.618940331488418316e-02
-8.748211410532806542e-02 1.179844491769371922e-01
-8.398631717067887859e-02 1.952139708644375360e-01
-8.308626570531074673e-02 7.602154411934936018e-02
-6.988664072957725959e-02 1.010394627068777196e-01
-1.114578365237972185e-01 1.675181823625097877e-01
-1.251018890675145989e-01 1.104851351239385798e-01
-2.074038527998083858e-01 9.879878150981129259e-02
-2.180456483782879928e-01 1.456949317343581296e-01
-2.214319160035861933e-01 1.307728389235370270e-01
-2.025354507869367993e-01 1.075570155282565693e-01
-2.169668162328335370e-01 1.368599370517874503e-01
-2.278264083638991411e-01 1.022172408358249102e-01
-2.700873413200173823e-01 1.532796966781664605e-01
-2.282681855930394910e-01 1.282142703161294750e-01
-1.925193154706956178e-01 1.626591556979282982e-01
-2.319976811133360461e-01 1.807848050194857947e-01
-2.420481987164796733e-01 1.778686750519055670e-01
-1.523501489247163221e-01 1.924794341814307086e-01
-1.585057141397585856e-01 1.781484210212702091e-01
-1.369074538410540443e-01 2.130753255117931455e-01
-2.365900512371271747e-01 2.048108658464665444e-01
-2.414581106891958984e-01 2.098759879077873314e-01
-2.286325981692703679e-01 1.609128528427646310e-01
-2.393949931798896869e-01 1.569725562220677662e-01
-2.431726094782369063e-01 1.821970029147180481e-01
-2.184834951729528740e-01 1.790590197534647210e-01
-2.205870348570022621e-01 1.880754724992392268e-01
-1.958107658716519428e-01 1.570227864534836926e-01
-1.974951553690688921e-01 1.697502905247455229e-01
-2.409061550881305969e-01 1.784131664333706291e-01
-2.339991016190868522e-01 1.754214206759273642e-01
-2.239586625153551225e-01 1.723588008913139180e-01
-2.069197783262668178e-01 1.849576823958415661e-01
-2.290131832213016805e-01 1.755363408105451994e-01
-2.176685069638016889e-01 1.763004497257064651e-01
-1.656457450138120180e-01 1.719690207861518938e-01
-1.792506194193862201e-01 1.634594498515862804e-01
-1.771962642548280953e-01 1.602681173526589731e-01
-1.574915718975059831e-01 1.503612949915774932e-01
-1.698812388990362798e-01 8.751801087156968473e-02
-1.519633977782326451e-01 1.405001954829263322e-01
-1.744685246993316063e-01 1.512748866234184808e-01
-1.882015709337414300e-01 1.572880006329986369e-01
-1.995593366198157026e-01 1.586972777466482132e-01
-1.975775141978944605e-01 1.278073711855799988e-01
-1.906127302188026507e-01 1.303871154594620496e-01
-1.995638620283173015e-01 1.577677119636821113e-01
-1.689898235718046426e-01 1.380769564221835943e-01
-1.774207497578288162e-01 1.541453297976002612e-01
-1.800278898811855655e-01 1.632828146838971040e-01
-1.779029852207442419e-01 1.243880103837692597e-01
-1.885869878960453605e-01 1.677821705349406278e-01
-1.209067632684857063e-01 1.101690777094656432e-01
-9.616471430439432755e-02 1.553663787648095762e-01
-1.533486776061626644e-01 1.073877995063777513e-01
1.432098424191744768e-01 -1.266031167124711809e-01
2.115186931643451007e-01 -1.233326887271038730e-01
2.102464403718589392e-01 -5.624187151260116174e-02
1.304177205627745362e-01 -9.958561662981817164e-02
1.268507971877319840e-01 1.437187615656848882e-01
8.753887102151522437e-02 1.914345696440119815e-01
2.245586577616493287e-02 9.062986024946427521e-02
-6.771854636369555036e-03 1.341030257394958958e-01
-2.307286285599296702e-02 1.782942076871816828e-01
2.366879920751061017e-02 8.388751542331368549e-02
-3.398171387830313528e-02 1.735838163520306010e-01
1.223142982801573089e-02 1.146572192015928859e-01
1.052210753837076740e-01 2.300864081872980305e-01
6.694790625638408210e-02 2.183147929922784058e-01
6.448698550732141765e-02 2.455138503004729023e-01
7.182219039883193379e-02 1.773580250718646834e-01
8.229096572756884609e-02 1.738139090344894555e-01
5.323326365037261976e-02 1.641731662696881422e-01
3.773890498877694594e-02 1.967314791622902237e-01
9.729892410806635639e-02 2.367539395370449884e-01
1.130881374733865158e-01 2.412000902865420182e-01
9.004582112477922673e-02 2.101573745631027390e-01
9.489742864355034391e-02 1.878492561627080337e-01
1.018572004172101225e-01 2.296165770313510490e-01
2.927105435410241180e-02 1.362565522564960219e-01
7.358787498363386637e-02 1.116679254583178016e-01
6.738070027920604887e-02 1.396203190458979171e-01
7.446580423294048290e-02 1.935569501722213537e-01
5.064719101639472698e-02 2.274246386306353340e-01
6.882345820396092162e-02 3.264132438990478002e-01
6.265730515568139480e-02 2.997959630112875251e-01
7.966943805048992688e-02 2.921851454169421825e-01
2.572210189907558550e-03 2.010792608728046993e-01
4.188014957941152416e-02 3.002646763372460725e-01
2.022979299439096022e-04 2.845196623302590488e-01
2.882275945494883196e-02 2.487381046955113306e-01
-3.434947318343083058e-03 1.670888094403379098e-01
-1.381000071583161626e-01 1.312903378659465922e-02
-4.938510236352117860e-02 1.831460045158702088e-01
-4.638554982567477669e-02 1.517894850674507967e-01
-1.876550332022168923e-03 2.434291154015515990e-01
3.364465433144662575e-03 2.581799458404344105e-01
-9.087581890595256007e-02 1.691984070417440200e-01
-9.783172334844267293e-02 1.375491513577233593e-01
1.837518458327087878e-02 1.982768791213060655e-01
1.570655028841306047e-02 2.242423569487111690e-01
-5.254428598183343360e-03 1.397463183180624458e-01
-1.907231384670558458e-02 2.409946078933447589e-01
-3.664916047879824071e-03 2.091459547777574646e-01
-1.556468616906383703e-02 2.606797201963532706e-01
-1.592806768235172782e-02 2.977592226838052802e-01
-1.044405235500067697e-02 2.957491119513702138e-01
-4.206753935336043221e-02 2.322652030708916293e-01
-9.396056992138548947e-02 2.497444762163927023e-01
-2.911897989450597246e-02 2.543522796058306779e-01
-2.840047663992137025e-02 2.517309863124589930e-01
-8.059781388540379621e-02 2.060756724488684299e-01
-4.341173892921535576e-02 1.156284692254181540e-01
-6.476647455608386394e-02 8.013236390183088587e-02
-5.311260562230607496e-02 1.049975724893258272e-01
-4.466781473852207002e-02 7.010638446988508299e-02
-7.107645356041611406e-02 5.031798107004170628e-02
-1.006193749854162600e-01 9.333732561428335905e-02
-6.782284711342322081e-02 4.129124248542197922e-02
-7.315402172675027070e-02 -2.521483696065290533e-02
-7.451609306028324220e-02 6.258459662526406897e-02
-4.339780211339176047e-02 -3.642957449675491427e-02
-4.027096119299094362e-02 -4.580465234414271558e-02
-2.992949678370338679e-02 -3.958399606916885444e-02
-1.372839461929663968e-02 8.930460969486497813e-02
-2.625935217620022424e-02 1.835459172089919377e-01
1.329622712215367333e-02 2.019599486380505293e-01
-5.245757978597621191e-02 -3.157566821470112611e-02
-3.029136945187583738e-02 -1.139897484918836745e-01
-3.195670851200999724e-02 3.546774489500963828e-02
8.560925757038463646e-03 -5.140688720752907559e-02
-1.248118031707569180e-02 -4.352723600834334378e-02
-7.076402909340560876e-02 3.929242724472489096e-02
-5.244408018591422554e-02 3.386808961514368305e-02
-2.511347502202387894e-02 4.421452115607341776e-02
-5.843953428462865529e-02 -1.390546249536844109e-02
-5.390316834473406898e-02 2.799503790016323601e-02
-1.532070377289179719e-01 8.196017819857084885e-02
-6.247780329495735557e-02 9.951580634408860315e-03
-1.075364889243559663e-01 4.989878580961940729e-02
-9.432628963752218154e-02 4.638971915123649148e-02
1.832204844462288762e-01 -1.540896726818856144e-01
1.722930111876395387e-01 -1.525214112966546132e-01
2.116626949081782672e-01 -2.109063026258404042e-02
2.265716982904250887e-01 -3.604937257193736866e-02
2.439683962529092531e-01 -8.590578451171279606e-02
2.505576795034655246e-01 -3.820614890918614531e-02
1.930127472630113750e-01 -8.484903852328794238e-02
1.735251663366694785e-01 -1.055525390195535124e-02
1.549134953538486292e-01 -2.058597149069085475e-01
1.484297929486519119e-01 -1.427360492770991286e-02
9.381350315984209043e-02 8.163464627347009894e-02
5.284575075684036505e-02 5.778980011122793192e-02
6.330501551591756482e-02 -8.430282532305036214e-02
5.497486981663326361e-02 -4.389786397848420454e-04
3.581141902052756981e-02 -1.262816324136995239e-01
2.973567047256298404e-02 2.715690204623132445e-03
2.672552108672135093e-02 2.988375364806763936e-03
3.469554974194811320e-02 1.409991443071205164e-01
3.735525491903537998e-02 1.837027739976921370e-01
1.836281858902378064e-02 1.233664399809483309e-01
1.734001767173977415e-02 1.777116920565937619e-01
-2.812140452371508781e-02 1.295163709722585432e-01
-2.492999765303450035e-03 1.879815026621466448e-02
6.134027606035190316e-02 -1.494065059158077857e-01
-1.282910490097708377e-02 1.260702904278209469e-01
3.324253527631141486e-02 -2.161011470543678370e-01
3.954768011668156891e-02 -2.555386578138824638e-01
1.083732838330396520e-01 -2.650351644511433347e-01
1.113772445875340078e-01 -2.476430820447404479e-01
1.469464415687523895e-01 -1.879809617766683705e-01
1.426550201250743333e-01 -1.591032303276107007e-01
1.257228436260920124e-01 -1.639768428705896952e-01
1.524125130203616008e-01 -1.475057261680483012e-01
1.551107562877760970e-01 -1.106886883589299903e-01
1.594217758152836895e-01 -1.526081873568861380e-01
4.398979225460748071e-02 -1.582081009200948796e-01
6.269918772121595152e-02 -9.827740396778458787e-02
7.366454099280057843e-02 -1.150068295452349176e-01
4.801493577732999368e-02 -1.009907649843168886e-01
1.181089790435524006e-01 -1.394569355724264992e-01
1.354880892132346026e-01 -1.351559675000568728e-01
1.440262279158111836e-01 -1.332161718797977290e-01
6.719433368028687736e-02 -8.710950711410131442e-02
6.207070133235351866e-02 -1.540723823760966893e-01
1.169579116424740994e-01 -1.864462172615745927e-01
3.240453915112805755e-02 -2.193694836158858186e-01
4.008043879064701609e-02 -1.818570744211371604e-01
2.600541771259684554e-02 -1.317216602295297467e-01
7.924366201674859500e-02 -5.799146475442436277e-02
3.504536066395499277e-02 -4.235718352697753070e-02
3.624769724730544235e-02 -4.391815197300975165e-02
5.921441132818663217e-02 -1.181144960754308276e-01
1.470707009926284503e-01 -2.146384484849805097e-01
1.575081951112050349e-01 -2.216463770957228518e-01
1.574240693898170673e-01 -2.408585211070103926e-01
1.693372703735335494e-01 -1.262526499668218949e-01
1.658243453987389149e-01 -1.399450666870551696e-01
1.440108667682281351e-01 -1.417755132931227402e-01
1.287910615754056243e-01 -9.634549626075029904e-02
3.635164642147221958e-02 -1.522989270699235363e-02
-8.564186845734572326e-03 6.914661924771522278e-03
4.508866420703209511e-03 8.391684944575221808e-03
-9.215083922913591685e-03 8.618404304601216814e-02
6.114652186727526778e-02 -1.081678645431481955e-01
-3.219404455249876354e-03 -1.277188462623020659e-01
6.037342073103763723e-02 -1.067673497742467059e-01
-6.256034692632133666e-03 -3.234143133795013697e-02
-2.123245944974612182e-03 -7.223914098451938992e-02
5.796484868151417259e-03 1.363799462636068605e-02
2.649222816518270046e-02 1.306204624695485317e-02
7.523422220241203495e-02 -5.974658855026293569e-02
6.721266969800045177e-02 -3.997424043436639818e-02
6.264188090479254345e-02 -5.450594464386242233e-02
-1.501379904218710093e-01 1.108987412344186879e-01
-1.225651181448816213e-01 2.882624365890473078e-02
-1.381542579717872921e-01 4.345517654049994849e-02
-1.445247079725908435e-01 1.763736856194651204e-01
-1.153709446344527156e-01 1.416445108302841482e-01
-1.476608971970078954e-01 1.446483183338929945e-01
-1.322851637355562382e-01 1.248101264257742565e-01
-1.305456489931449138e-01 1.620748371157461343e-01
-1.043603192483363307e-01 2.169989448302431512e-01
-5.505423123843339317e-02 2.171902560239095670e-01
-7.810168149170533536e-02 2.120349322943281822e-01
-8.263200303638018607e-02 2.000682737958420498e-01
-1.408039207084945676e-01 2.056313891170120645e-01
-9.746979884541188965e-02 2.004437564948616524e-01
-1.077579995572261612e-01 1.568379478560406604e-01
-1.675779141488274449e-01 9.716375682704504746e-02
-1.059564182061826232e-01 -5.945162566944278693e-02
-1.331851881566504525e-01 -5.723962492486198150e-02
-1.443534726449264838e-01 6.630807479461479914e-02
-1.827862615842684724e-01 5.154989282060640915e-02
-1.763838001779088893e-01 1.836426275325077906e-01
-1.270226996074862447e-01 2.150151391615682250e-01
-1.418973026733146570e-01 2.304777748898629852e-01
-1.456024042585409572e-01 2.829577022608499928e-02
-1.591342771540637802e-01 9.759209305205021612e-02
-1.460976750614828568e-01 5.209171583371197817e-02
-7.810243873137491522e-02 4.076267567391317348e-02
-6.701426839718963024e-02 -3.070761237906254396e-02
-3.811042570166815052e-02 1.327479363360116738e-01
-8.156589071442317887e-03 1.311022381798074288e-01
-3.096623451681098510e-03 1.544886658696942860e-01
6.328571942648005509e-03 1.415032135138423741e-01
5.412073051361284033e-03 1.340408509537679982e-01
3.780901726889854264e-02 1.819018236797065868e-01
3.290827030442599471e-02 2.792341474660565148e-01
3.405355699195522501e-02 2.225634123651088481e-01
6.301180600552283573e-02 1.936166639290231029e-01
-3.566538895615087301e-02 1.766081053857501693e-01
-9.575424532968822289e-02 1.866429733690556647e-01
-2.337252918678462896e-02 -8.497180149734077578e-03
-4.917884019375939886e-02 1.023734575767091537e-01
-7.826423560744337482e-02 1.908103337135330368e-01
-1.994831619149584415e-02 6.825576283547779566e-02
1.044296607666513922e-02 1.826953928239180014e-01
-4.889063838141770313e-03 3.522433290764823144e-02
3.081299264605726757e-02 6.268982589506277847e-02
9.123629203294996576e-03 1.763948162121497798e-01
-7.844238976185071918e-03 2.266564370153550667e-01
-4.958520745358856868e-02 2.331630369057988150e-01
-2.652400518703144916e-02 2.432161507592381644e-01
-1.256052551231147119e-01 3.483999861777665186e-01
5.030015889353249559e-02 3.168309528249322327e-01
3.712043850339959150e-02 7.857241412344942444e-02
-1.120700287376265661e-02 2.619625563146976959e-03
9.635936095851012351e-02 3.337023608404301317e-02
4.332495836160486780e-02 1.751086085743240942e-02
6.189952460061594330e-02 1.685611898597863881e-02
-1.530051206724983640e-02 5.891477880273736714e-03
2.657355480422056784e-02 -2.128734580365423609e-02
3.420604838410783166e-02 -2.988067510822044887e-02
4.143002468438976987e-02 -3.351648024892153049e-02
2.275145969004306948e-02 -5.555218393187174447e-03
-1.369448921309087408e-01 1.074601699833711427e-01
-1.707992297327672326e-01 1.116193359128526269e-01
-1.924882325852106668e-01 1.187892056357909704e-01
-1.925762526820422038e-01 1.292715752195485457e-01
-1.373851458659519353e-01 2.033796107528830222e-01
-1.551206905510604250e-01 1.782795677202363427e-01
-1.213924694132200721e-01 1.564615456517080005e-01
-1.226336573497372323e-01 1.744375680204582613e-01
-1.315625497513367159e-01 1.493990777552394456e-01
-9.258884828944426160e-02 1.022838058086848190e-01
-7.501189122656645725e-02 8.219769002684004788e-02
-1.681064313791674203e-01 -7.774685160319794175e-02
-2.003570345231779626e-01 -1.307073467068756989e-01
-1.349172296647035696e-01 -1.537231326227735395e-01
-1.898049718455444568e-01 -1.051409071410691204e-01
-2.429897721570634939e-01 -1.329666163348788843e-01
-2.253831745699761413e-01 -1.454202971327631932e-01
-2.250706148815960483e-01 -1.449445072217972197e-01
-1.935294371308930172e-01 -1.937647223139433439e-01
-1.798056941267095754e-01 -1.928128900787881850e-01
-1.997607082833780801e-01 -2.003819693437265126e-01
-2.079500569852880121e-01 -2.051707169551639232e-01
-1.827141615500141869e-01 -1.727879033707466483e-01
-1.699350750336407478e-01 -1.878368698852554974e-01
-1.729169586458634278e-01 -1.775044427708341310e-01
-1.980982066183153700e-01 -1.971553170230677388e-01
-1.968116924787186306e-01 -2.026598003583925667e-01
-1.727928975466627437e-01 -1.958280020888930051e-01
4.201994143127209952e-02 -8.721535840220004387e-02
-1.796933161538396551e-01 -2.166357402315804426e-01
-1.456995022166495679e-01 -2.447073539933306840e-01
-1.924301955733915825e-01 -2.021673061009058303e-01
-1.761464956890730349e-01 -1.982060411531677835e-01
-1.786662647781721847e-01 -1.733793977002739406e-01
-1.365138695080281295e-01 -1.329681037699441404e-01
-1.476505572696148183e-01 -1.698656253382300196e-01
-1.314559231940524708e-01 -1.096038433699086795e-01
-1.450926287100232637e-01 -1.118540892251826263e-01
-1.746115889083357520e-01 -1.083792876618485251e-01
-1.831380174403076377e-01 -1.950090654157504155e-01
-1.865102941612344079e-01 -1.827559359384531013e-01
-1.949467373791370362e-01 -1.835254897674290231e-01
-1.983229084755074034e-01 -2.072401628245659766e-01
-1.910088026250286453e-01 -1.928106363892953812e-01
-1.819637190079373690e-01 -2.074856166546078795e-01
-1.471724866248821373e-01 -2.041065067471388716e-01
-1.764610025651749126e-01 -1.815376274576670501e-01
-2.265722572054192918e-01 -8.932606481883660632e-02
-1.651532327268093181e-01 -1.821918284436425395e-01
-1.420835475730012343e-01 -1.280582879589524936e-01
-8.424790741748935941e-02 -1.180477057336216384e-01
-1.122016442040071893e-02 -3.053082170679836255e-02
-6.521072182890834401e-02 -8.793806253399925887e-02
-5.385584086538486998e-02 -1.264056664686263320e-01
-6.567708230303635764e-02 -9.783313866544415816e-02
-7.491070507571787052e-02 -1.429149787006920025e-01
-1.117667993237467516e-01 -1.717715074390012420e-01
-1.785764237002304411e-01 -2.034501602487662208e-01
-1.905273063722668359e-01 -2.079358857857571685e-01
-2.068101768988520606e-01 -2.280306106614644890e-01
-1.821236408143477870e-01 -2.272489229682592149e-01
-1.513054466529411002e-01 -1.906901489602599864e-01
-1.885174841120868250e-01 -1.548827189701346974e-01
-1.736179281961939061e-03 1.712663384318068721e-02
-9.481005760929273052e-02 -1.207181114284208157e-01
-5.739209039958542008e-03 1.479182054337820160e-03
-8.833975113444134108e-02 -1.569736650372982253e-02
-4.798384387708706442e-03 3.471880781751400698e-03
-2.812284463130099773e-03 6.452243153566446753e-03
7.726278614441434633e-04 -5.466255352671840761e-02
-9.538767822630224436e-03 -4.776708402166773143e-03
-8.164215556686017436e-04 3.996244462356098731e-02
-4.013194461031589950e-03 1.260107209071467498e-02
-8.252309574532919190e-02 -1.000060829711144211e-01
-1.118224384099454766e-01 -1.354516064877248627e-01
