-7.067926492766334057e-02 8.633499033534171307e-02
-5.505182004105461935e-02 4.786377487646844425e-02
-4.973778561085978600e-02 6.076457304696848694e-02
-5.836972520431369521e-02 1.324204895569440488e-01
-5.384111455409189978e-02 1.154097561335471339e-01
-1.394877199009500190e-01 1.504627015007375668e-01
-9.307355155032066840e-02 1.466625148391307865e-01
-9.903435665024427903e-02 1.837650374852253521e-01
-2.693834020073716654e-04 1.922538570835319871e-01
-6.971048158134019422e-03 2.013170286590942604e-01
-3.367839420770078751e-02 1.787524321254208015e-01
-5.561879267430773488e-02 2.100685963609558449e-01
-1.817552317783573956e-01 1.078682587769221185e-01
-9.173021844238413158e-02 1.310246736853203364e-01
-1.212869983108420466e-02 2.041211960943052073e-01
3.490981283635119937e-03 2.072526788038110968e-01
-6.088238765860543543e-03 1.794921883795708162e-01
-4.267838171720303442e-02 1.884172333439512736e-01
-8.593099005474205687e-02 1.417845260967582899e-01
-1.165162315203973481e-01 1.280260024536037100e-01
-9.172929080117883660e-02 7.693013758249432621e-02
-1.165944793096335141e-01 1.367739264476679206e-01
-9.032926293705537124e-02 1.480974671410645316e-01
-1.146498842723596978e-01 1.525620621909927477e-01
-1.251300988246038803e-01 1.218177762228325467e-01
-1.677349294584930817e-01 1.092255984313458828e-01
-7.286927538507056989e-02 1.018802094397978503e-01
-4.693694431258314814e-02 1.544248827310246708e-01
1.302103530460894248e-02 1.161547773783218190e-01
4.845673817772587488e-02 1.217479022758280044e-01
-2.908735790078275860e-02 8.088249918741002853e-02
-1.574408009856010510e-02 8.149179231673191193e-02
-4.138761912279741856e-02 7.316720699740306144e-02
-8.052686160640555590e-02 9.207669661112727333e-02
-1.279564126489503573e-01 4.805633146215576579e-02
-6.588694510416939765e-02 4.255337997550701079e-02
-9.559598348721597139e-02 6.740368861760101526e-02
-6.531882754438361749e-02 4.200794783961116913e-02
-7.101706839756773137e-02 4.453070570449751964e-02
-2.196864305202630707e-01 1.922657994194092168e-02
-1.797186999762232784e-01 5.653122390669095693e-02
-2.061122149774838597e-01 4.602478468685913121e-02
-2.353880699890397443e-01 4.598714418245673091e-02
-2.376591362306829658e-01 4.644321772747275756e-02
-2.205695115191957378e-01 3.816030940535854871e-02
-2.225769772302305105e-01 1.072010089650889814e-01
-2.106638745866625251e-01 1.444302590998065572e-01
-1.762411151687331423e-01 1.021721740627557218e-01
-1.488057671655141356e-01 9.419606426575619085e-02
-2.392229220174895976e-01 1.125070936772969675e-02
-2.328948545715473772e-01 -8.506267192237838143e-03
-2.539761611750757653e-01 2.275397950001200112e-02
-1.996184256837841564e-01 5.052433760310953703e-02
-2.163070419664870070e-01 4.628180815775074369e-02
-1.980188045322178736e-01 3.297533201320992924e-02
-1.943640318973876568e-01 8.020697164031699924e-03
-2.295846128946419928e-01 2.275697761967326871e-02
-2.287398911131175994e-01 6.926963263421384055e-03
-2.364628467894782649e-01 -2.681976822437742020e-02
-2.427515521626550932e-01 -5.102009914888200152e-03
-2.783217953944112644e-01 -2.038955369247062895e-03
-2.772806811054587262e-01 1.646491268105021791e-02
-1.711546662261356488e-01 -7.617659206718446763e-02
-2.028682954681933492e-01 -7.400911242679963919e-02
-2.000533640521497403e-01 -1.121275860495120069e-01
-2.143013813950949975e-01 -1.281112451589555279e-01
-2.236790985534053977e-01 -1.066912743013412046e-01
-2.435873151029895600e-01 -1.132236233835206066e-02
-2.119560202857481146e-01 -1.101551701332071920e-01
-2.366174035142602217e-01 -9.991438520818385002e-03
-2.274834136362321735e-01 6.990706630271179001e-02
-2.183623940208223313e-01 6.860238909022668696e-02
-1.271488633726617357e-01 1.375152350383394145e-02
-2.123366038937599676e-01 -6.345256804618970570e-02
-1.997491311653235846e-01 3.388152673884131660e-02
-2.413610764958078192e-01 1.616572854416236868e-02
-1.266148428950166771e-01 -1.519727008118928070e-03
-6.667325056114387083e-02 -4.731291478595241184e-02
-1.407560143567930522e-01 -2.893928003946392297e-02
-8.803736237536882725e-02 -5.819163480715224684e-02
-1.233081028547330926e-01 -1.298455497849776430e-01
-1.435122787344474959e-01 -5.742362310331650815e-02
-9.142789098073643428e-02 -4.162400884471710583e-02
-9.946530031143746564e-02 -1.988962361126390133e-01
-9.259972746548433831e-02 -1.921244385997008253e-01
-1.529336702435587225e-01 -8.899547366926703618e-02
-1.125202707788326012e-01 -7.486738946990054155e-02
-1.744453856520898904e-01 -7.181607668906522801e-02
-1.945045987899383655e-01 -8.485235226117879281e-02
-8.048980610096144461e-02 -2.050969409282320799e-01
-1.202725934028997384e-01 -1.509037238582694174e-01
-1.097697728194813732e-01 -1.156209992573880435e-01
-2.408298222275227080e-02 -2.213962487613164998e-01
-5.187380484298021593e-02 -1.783834983538070684e-01
-2.354286939881294546e-02 -1.557479163751083195e-01
-2.419452898840747379e-01 3.568247946046938096e-02
-5.868508978560343231e-02 5.594619151988242806e-02
-2.081393533677733110e-01 4.933972306968684163e-02
-1.432199129693467743e-01 -6.633863115699820123e-02
-1.571570451515972855e-01 -1.290600549694168042e-01
-1.494326353349688663e-01 -1.158010870081356697e-01
-1.526887395368478895e-01 -7.970787142191824992e-02
-1.171289928578291423e-01 -1.663386205163187859e-01
-7.168272199795751309e-02 -1.847398797493308431e-01
-7.813161680017191579e-02 -1.201085847663772993e-01
-1.083983597615466032e-01 -1.824050653354892526e-01
-1.087766702307490507e-01 -9.555959655200992053e-02
-1.402819646295013767e-01 -8.224970025284507325e-02
-1.181280206502962199e-01 -1.047624825930693754e-01
-9.513034103066780878e-02 -1.482863382333146074e-01
-8.033729687253352014e-02 -1.499499415566626082e-01
-5.277379231180767682e-02 -2.047975551756318069e-01
3.029601171282745448e-02 -2.415120396555602567e-01
3.171313408222514035e-02 -2.317469027585539187e-01
2.010253231071036303e-02 -2.460823022316127595e-01
5.397146903625633929e-02 -2.450564814868557151e-01
9.047710888807287966e-02 -2.248336357832436683e-01
2.687248080908393594e-02 -2.318453162975953885e-01
4.258247531655429130e-02 -1.662068286081425372e-01
4.768608144288584427e-02 -2.099324420319762796e-01
7.293833869066146738e-03 -2.614701148306472489e-01
6.578064661488290665e-02 -2.320438649440412504e-01
4.855515589533131171e-02 -2.253277091891650596e-01
6.936222334433823911e-02 -1.542375326360661825e-01
6.300814851613574519e-02 -2.468581445643616978e-01
3.982233323151914556e-02 -2.453357098467786601e-01
-3.814570323493908077e-03 -2.755463764794366388e-01
1.509990786884717606e-01 2.564990193254978318e-02
1.078960211560572868e-01 1.594685222855668147e-02
9.577399867022563795e-02 4.663000789485687025e-02
6.328991744296330602e-02 6.061738835370204977e-03
1.138623921032126812e-01 1.029542173844626013e-01
8.721206255925989526e-02 1.699105071558863200e-01
9.695225342925885281e-02 1.546262059439584557e-01
3.451728689246214010e-02 -3.479300108007132852e-02
1.277900452130567750e-02 -2.573911343797722351e-01
3.124730776886151459e-02 -2.469202380252208950e-01
4.800201430887792581e-02 -2.128800512117615673e-01
5.161249416543708946e-02 -2.246249081549234194e-01
2.115496006165995188e-02 -2.295928530228260045e-01
3.679907115073414309e-02 -2.403165692128971798e-01
2.662714269238429868e-02 -2.484399984618517465e-01
4.946990205216379721e-02 -2.479921065451238804e-01
6.130732672334811978e-02 -2.574655796757794324e-01
4.906197392141557756e-02 -2.591238678657349359e-01
3.832883924811582993e-02 -2.697876467339646034e-01
6.187288700197334651e-02 -2.250693235064133990e-01
7.924395053373307907e-02 -2.252595818819074225e-01
5.820391978527648252e-02 -2.293029609676060787e-01
5.832628067453219517e-02 -2.418853024194654033e-01
5.601278947272051584e-02 -2.590923447790107192e-01
8.972113980565007973e-02 -2.699644334191618755e-01
7.721690407185133331e-02 -2.465916691817296169e-01
8.857607955893620488e-02 -2.097083205739248835e-01
9.752324584106825123e-02 -2.121368518208855969e-01
1.093249312544646440e-01 -2.242817477659866388e-01
1.027009796925439644e-01 -2.259895602963258865e-01
1.484883801592543073e-01 -1.813028270125227048e-01
1.201968778234402124e-01 -1.655885014234789454e-01
9.369192052062413900e-02 -1.428346493696685815e-01
1.122341227169458000e-01 -1.503937050521704510e-01
1.208911295157627241e-01 -1.436240135354821534e-01
1.239671208955101939e-01 -1.480374295336873702e-01
1.295341966251162269e-01 -1.467432781238875994e-01
1.151638643571191029e-01 -2.300765635900575423e-01
9.837751146274084646e-02 -2.754929577174161648e-01
1.195329374342854467e-01 -2.759807131345879405e-01
1.049366952828501148e-01 -2.200383157508064569e-01
4.715574645867804532e-02 -2.617852119838417480e-01
9.245121294422876945e-02 -2.355964967607528660e-01
1.013615159348601608e-01 -2.239665503272564029e-01
1.053518021865294252e-01 -2.323625890907771996e-01
1.168242084005566006e-01 -1.779531564058281223e-01
1.428257406712465094e-01 -2.269059360931136304e-01
1.847861280955481744e-01 -1.820459428321189177e-01
1.755216834498199707e-01 -2.086737917018171573e-01
1.728871155697471740e-01 -2.141402392534682009e-01
1.620886699413175980e-01 -1.850029119952369405e-01
1.339104484752136615e-01 -2.005367904770301024e-01
1.616623561290229105e-01 -1.500838561753446709e-01
1.358782596140038768e-01 -1.592499708533111902e-01
1.700423826353423540e-01 -1.532236458700583781e-01
1.832700447952266276e-01 -1.641329738724690845e-01
1.950962834506155263e-01 -1.549802974562874414e-01
1.909589033894465715e-01 -9.045507949872902409e-02
1.742638019754345902e-01 -3.460097099344647265e-02
1.797580286204767674e-01 -7.666876004792740062e-02
1.621755506437526362e-01 -5.730664838304111441e-02
1.656454970362729873e-01 -3.543108451526938429e-02
1.957472368628961068e-01 -2.347117150862771187e-02
1.814136759579919322e-01 -1.070697936987430599e-01
2.238933920289574164e-01 -8.446131388606939461e-02
2.105641071928890384e-01 -1.057153873962387580e-01
1.780653424917734429e-01 -1.767875877670619655e-01
1.733272687859695460e-01 -1.349212096753585610e-01
1.797672716040178420e-01 -1.566170911130894960e-01
1.629962206109630274e-01 -1.858874638486933684e-01
1.459821109078639489e-01 -1.878792181591338595e-01
1.820230275872096459e-01 -6.847826484696810899e-03
1.773895851236610977e-01 1.796849371792015896e-03
1.801187222639065166e-01 -6.798524861773565242e-02
1.721448354629485089e-01 -1.166360476641844779e-01
1.521999645500630716e-01 -5.185358059327910968e-02
1.293385311878219590e-01 4.455692201495718707e-02
1.221726783765751667e-01 6.145898770328651894e-03
1.275402026043782611e-01 4.487801958603822999e-02
1.303079496758712541e-01 3.340475676639355351e-02
1.529311631051659959e-01 6.773024757181415889e-02
1.303657642872069200e-01 4.452682381855282284e-02
1.432184588290790206e-01 5.631952531937537559e-02
1.507600146855998524e-01 1.213192568248281228e-01
1.473053785515309189e-01 1.516800676186969010e-01
1.480296574046700009e-01 1.238556618796987224e-01
1.532657825093116932e-01 3.290489604934902085e-02
1.513971955509765543e-01 1.545495543661656590e-01
1.510795912593893287e-01 1.479126910415225760e-01
2.027702496427828405e-01 1.124451401983313642e-01
1.248297770736703505e-01 1.945188894787767686e-01
1.399470610830045314e-01 1.591006624048979523e-01
1.870915087046594594e-01 -1.367828685746018749e-02
2.264396584948393243e-01 -1.036277935421733160e-01
2.355948587636696179e-01 -1.196224339177768548e-01
1.738384074472172358e-01 -2.425216810005564189e-02
9.597655873809983473e-02 1.156390005110476266e-01
9.842015788680066879e-02 8.129169760161053526e-02
1.094458672534005111e-01 1.040133412842026983e-01
1.992693484482405963e-01 -3.192644768452202603e-02
2.109748600328930079e-01 -4.788946886642962697e-02
1.892564561352676755e-01 1.684050039795819964e-01
1.862368085123321526e-01 1.596368223073047765e-01
1.892642951213088509e-01 1.598757024533612181e-01
1.754951244971132973e-01 1.699875765900779323e-01
1.533779351667451107e-01 1.596521659942680971e-01
2.044969492823471013e-01 1.614961662820988131e-01
1.705993016436407328e-01 1.601351745627496992e-01
1.628844690956724184e-01 1.471155380324356832e-01
1.594141048467532795e-01 1.702453271311034078e-01
1.679481197931523284e-01 1.372735239151812170e-01
1.255282909012604420e-01 1.550454161974738343e-01
1.411944292903964948e-01 1.281078187364854959e-01
1.600771092375747606e-01 1.106890401825487008e-01
1.413329737579770984e-01 1.085776117994966539e-01
1.283607555717969917e-01 1.385772108080011999e-01
1.218039033903929452e-01 1.382472713955218979e-01
2.241660349720355494e-01 1.212110654460551440e-01
2.105830277306259268e-01 1.274782762860785790e-01
2.133192182868828279e-01 1.385542621345800252e-01
1.217936909800066830e-01 1.410161717506755452e-01
1.684733820006788785e-01 1.570600356100557426e-01
2.962055729060420958e-02 1.914452882376303233e-01
1.598939209923481708e-01 1.518643757190722421e-01
1.796546175189058792e-01 9.496673353628819203e-02
2.839045490960996621e-02 1.735894318905661926e-01
5.485549021208628584e-02 1.417100808007510371e-01
1.791902578815019603e-02 1.759197167410449791e-01
-1.131423837424691686e-01 2.081852340003597368e-01
-1.036722534630038633e-01 1.790968293692980218e-01
-1.024927785632862021e-01 1.541519222170834591e-01
-1.039828879098593645e-01 5.487930802681693226e-02
-1.461583293083588420e-01 -5.684921262616505350e-02
-1.396084553288144681e-01 -5.490923072353380563e-02
-1.112066138323376530e-01 6.077062360762286453e-02
-7.093401525974556143e-02 1.168577371979949708e-01
-7.772839373247400485e-02 6.922137230943636865e-02
3.898696307619953921e-02 1.533757121707035875e-01
-1.997013033219188424e-03 2.212466561705520585e-01
-3.196954121492854434e-02 2.347791529304767699e-01
1.554327189363780871e-02 1.500725573383215605e-01
1.107617806244489030e-02 1.208260525602162100e-01
-1.804442449342506805e-02 9.134878240731877930e-02
-1.323056709756863791e-01 1.446458562873227938e-01
-1.357774141507215038e-01 1.794235596446346614e-01
-3.422410839666580051e-02 1.543325866096613985e-01
-8.724290036149009997e-02 1.488053158806034726e-01
-5.209203452580878774e-02 2.212148489414766939e-01
1.885417378365327606e-02 1.422348248663431181e-01
4.627651809574214598e-02 8.545360583338808269e-02
8.570716109616979828e-02 4.468180257829756225e-02
4.608442950922145981e-02 3.423510637708177679e-02
-9.383650719173113747e-03 9.434233907671427111e-02
1.011819212546630903e-02 1.620071545150429393e-01
1.724777500129871452e-02 1.380456306117250342e-01
9.450892170865322559e-03 1.583784059767289754e-01
2.508137905205718235e-02 1.050443601625606210e-01
5.412180541141059509e-02 1.229338288783428795e-01
-3.103908365750181197e-02 1.609270625812119215e-01
-3.173008442704178950e-02 1.501110001270096195e-01
-1.418117703339589510e-02 1.900668134065561232e-01
1.810293483566469824e-02 1.801028604350086992e-01
5.048379717529957733e-02 2.184512804339715231e-01
-1.425939640839694045e-01 -1.651063118535389673e-01
-1.473035232691203011e-01 1.118269216563314711e-01
-6.421899607427405954e-02 8.524853862712118702e-02
-5.392116748297080125e-02 7.494796889784191563e-02
1.375524764898809760e-02 -4.235111658567594639e-02
-6.570204782627177276e-02 -8.790469296875512428e-02
-3.947135057079712017e-02 -1.946571080183662900e-02
-5.847493308839935705e-02 -1.987683762331753090e-02
-7.174606067088508399e-02 3.544984626757475416e-02
-8.389934717247370111e-02 -1.932570174757830203e-02
-5.715551808072916878e-02 2.561217367830364092e-02
-8.390699394457143412e-02 3.338984973936695577e-02
2.668704575000107604e-01 1.154247341961615230e-03
2.504521608788088383e-01 -2.696900563720287802e-03
2.264758950017418115e-01 -5.628155888698192430e-03
2.749505466832835032e-01 2.549386599611612458e-02
2.704230057454425906e-01 2.095291604643825453e-02
2.433174634406553016e-01 3.840830717803644240e-02
2.194826168831925106e-01 4.253618518469707427e-02
1.817545966366312382e-01 8.079820083751948490e-02
1.743414564085845053e-01 8.012245182653510156e-02
1.967978615634849437e-01 -5.521606685572437445e-02
2.144680559554416888e-01 -2.255670531558241418e-02
2.517613885474766500e-01 -2.492283597723082052e-03
2.143713639847632246e-01 1.833315699713834734e-02
2.214820096086027867e-01 1.143468213834501453e-03
2.323012644856917719e-01 -2.188265489085908233e-02
2.556768367181238566e-01 -4.267912132302887729e-04
2.363462314257058217e-01 -3.636213960734637624e-02
2.438385637984499810e-01 -3.656907045315184457e-02
2.467382364921668625e-01 -3.210062276722686764e-02
2.705169900066569655e-01 -2.291706258461114268e-02
2.501542292664762912e-01 -3.171964219563619403e-02
2.264192838168346544e-01 -2.747753896380415381e-02
1.411885960150694730e-01 8.795495273640077660e-02
2.089795455859348727e-01 6.073717420290026398e-02
1.851716256948096884e-01 7.122753430850690959e-02
1.988524447620465263e-01 -1.971855153017642096e-02
1.968060849774130039e-01 3.760034840247702265e-02
2.100521495330997246e-01 -1.214845775304427417e-01
2.206336608335369709e-01 2.349187838246941801e-02
3.899446359855770062e-04 5.719076844653052383e-02
3.125230950995495222e-02 -1.680244454429540707e-02
6.959428407396653360e-02 -5.019341204952910973e-02
-3.307530415661883577e-02 -7.121429661779345166e-02
1.178481905771590066e-01 -7.584689501141646251e-02
1.271565268590154341e-01 -6.138745486637880999e-02
4.003465024630493280e-02 2.136651030995397049e-02
2.975981629262672290e-02 -8.049167809762799650e-03
1.197181648187381070e-01 -2.840807591394665932e-02
1.162382149440308599e-01 1.844412127097364851e-01
2.162679807503287421e-01 7.581698485039155277e-02
1.911409383510125348e-01 6.300947729948387643e-02
1.565141145821733470e-01 1.152095611328900482e-01
1.908995343523074428e-01 6.022172326361713290e-02
1.627398239246695966e-01 8.887244838833725791e-02
1.227894511354352680e-01 -6.849717284901304937e-02
1.330917090045656281e-01 -6.909707361113129158e-03
1.763504932596786645e-01 -2.280106982687288286e-02
1.629262213070388488e-01 -5.036975789622563475e-03
5.087089098600446058e-02 -1.582682757442656352e-01
6.337161672605341745e-02 -1.434341730163869177e-01
5.442452147950915808e-02 -1.743752860626300027e-01
-4.314860805844585034e-02 -1.426414492851271199e-01
3.868701321746091659e-02 -1.658688997813184962e-01
8.980850522150768400e-02 -9.421131602431177809e-02
5.752302696202307025e-02 -1.225417207908525985e-01
-4.435303316373486252e-03 -1.557714500474877972e-01
-1.075192985411702051e-02 -1.026142577755404794e-01
-6.933190368404252082e-03 6.761367817224557542e-02
-2.007588142959596325e-02 -4.394945909666196637e-02
7.488048508943841164e-02 -1.504106700219610682e-01
-1.859703853617499045e-03 -1.341810606361936997e-01
1.388188905919294780e-01 -2.159720047059425496e-01
1.086245454302079971e-01 -2.193770997853717597e-01
-5.083494280001712995e-02 -1.906090238696173389e-01
-2.167626725837203464e-02 -1.825913624323227957e-01
-3.585990546595676370e-02 -2.297758072684692732e-01
7.319115748154031952e-03 -2.229406794397315039e-01
1.210611469272996760e-01 -2.604692484700255051e-01
1.288087979168284214e-01 -2.135111480879719748e-01
1.622899597257394799e-01 -2.354502135926667961e-01
-2.468591975624866500e-02 -1.347230955995674384e-01
1.409041966822115882e-02 -1.828125756098386845e-01
-4.837504725176374094e-03 -1.896833215180087628e-01
8.709863543981016462e-03 -2.362595345800862501e-01
1.976318068284847046e-02 -2.365962098377139278e-01
7.327305838034284258e-02 -1.801835067199738794e-01
1.924212524461665734e-03 -2.133405791059886369e-01
1.122230495223780350e-01 -2.099402308752496005e-01
5.744113128642552857e-02 -2.455285589319451400e-01
5.071958936256901196e-02 -1.833313694003120831e-01
1.139174154338044587e-01 -2.059386708579411529e-01
1.270099846199621019e-01 -1.966970913143543664e-01
1.632077562342831023e-01 -1.872962917685752071e-01
1.369627139686382111e-01 -2.068917678750539779e-01
1.419484428048729818e-01 -1.977922093642856538e-01
1.153880108865544540e-01 -2.256444777679546820e-01
-4.917989613107521564e-03 -2.190380343891430437e-01
-3.724381243021516324e-02 -2.184322596106988978e-01
-1.733367269655560275e-02 -2.432337751611069743e-01
-7.510431404801068411e-02 1.792763362996513399e-02
-8.394613873200945653e-02 6.255130611534595597e-02
-7.981236059299801067e-02 3.277407983586393125e-02
9.614785896878105462e-03 -1.060210159234368371e-01
-2.499640481944160816e-03 -2.497224833209974459e-01
-7.091682255821762405e-03 -2.496330119088899790e-01
8.689948090158605698e-02 -2.186604426329464834e-01
1.279461417386682509e-01 -2.223863845696174568e-01
1.295899553829698847e-01 -2.024906201407170314e-01
1.438303844537132392e-01 -1.950195984443108266e-01
1.553008768854339805e-01 -2.074214760746636022e-01
1.378120488848051661e-01 -1.926026501767243715e-01
1.302484469246845133e-01 -2.102870851147516373e-01
1.289576132946911036e-01 -1.890111242864140340e-01
1.245950671344737554e-01 -1.718869512078754214e-01
7.613947806184453992e-02 -1.345136659724972261e-01
1.311902033191343353e-01 -1.032615424086397449e-01
1.446591106922922032e-01 -1.300261640347877556e-01
8.593263640895326683e-02 -1.251674969722949837e-01
1.026156367016564652e-01 -1.066360838281899120e-01
-3.339221062802008588e-02 -1.054291975487120642e-01
-1.004536142658397496e-01 -1.581433533952854020e-01
-8.590327781837475696e-02 -1.107206134120407581e-01
-9.051147339830881156e-02 -1.786949309063842403e-02
-6.578052543652726514e-02 -1.052011315262561392e-01
-5.195332291566868294e-02 -1.942803603320953088e-01
8.078292400757997038e-02 -1.400248492302020309e-01
9.735067950549872173e-02 -1.088520598822175361e-01
5.413198439328495426e-02 -2.477268680174321835e-01
5.207167238349607458e-02 -1.022155391998214452e-01
7.784148656680470700e-03 -1.000827667119195546e-01
4.120038184906660295e-02 -1.182172476164104064e-02
4.880296981119373878e-02 1.052794545296440870e-01
1.309106239598364085e-01 9.144966965624101718e-02
-1.102854911868597354e-01 1.018860510722528409e-02
-9.967836528917707606e-02 -4.773000650752594332e-02
-6.646314818527163104e-02 7.078396302694248132e-02
1.115301558633515801e-02 7.226689360058455303e-02
-6.800262726536104863e-02 1.273398321040336845e-01
-2.931726040211133852e-02 1.579793698301468763e-01
-9.690366508720832384e-02 1.168618238335750736e-01
-8.502547852432268405e-02 1.472285598311785793e-01
-4.618875153774169851e-02 1.941639789679061867e-01
3.723815047601165135e-02 2.411925466530505380e-01
2.855255603167197037e-02 2.404411572767584104e-01
3.879346631361495212e-02 2.279506272328397642e-01
2.378861492550139387e-02 2.259239902702288305e-01
-1.192840036632742762e-03 2.201029497785702560e-01
-3.468195574209466305e-03 2.050204899215106735e-01
-1.121940147705085752e-02 1.923339183695388643e-01
2.706160888301924194e-02 1.423831638879111960e-01
-3.963994727057820397e-03 1.099220564054539662e-01
-1.842860793431241873e-02 1.262920488269565766e-01
-3.109851328381876487e-02 1.327462336911795771e-01
-8.340825726123964057e-02 1.056271779104556024e-01
7.065916603488185677e-02 2.145722693412982496e-01
5.225505284266612066e-02 2.008267159607619312e-01
5.881303741491087506e-02 2.018563642701318439e-01
5.680027746330353761e-02 2.064635820660927490e-01
-3.010114020269087295e-02 2.168841016532067623e-01
6.337283686673786387e-02 2.380534756713427458e-01
-4.187977038928439311e-02 1.805610984761704119e-01
-1.456712173900411847e-03 1.605842197631381918e-01
-6.827732606192118969e-02 1.234707158508835945e-01
-7.432624036209224683e-02 1.123473785152720172e-01
-8.640118714603696459e-02 1.248168068110521167e-01
-9.320592010032724417e-02 1.167405535495201763e-01
-1.246476251123127266e-01 1.374330698453646582e-01
-9.562092115709536211e-02 1.610588544893881702e-01
-4.881332429275558882e-02 1.850207962491048908e-01
1.627634662397127452e-02 2.247302079674168285e-01
-1.517855533772877359e-02 1.985344058998045613e-01
4.772587599702397126e-03 2.028043634391794858e-01
-3.300231300087937136e-02 2.026859763642762102e-01
-1.481133791127302052e-04 1.425056626697785156e-01
2.725863653217354410e-02 1.238570575200706597e-01
4.730878218616844239e-03 1.486646152740051519e-01
5.843694994174995078e-02 1.573304054143244979e-01
2.287112763069289179e-02 4.298965966291266871e-02
3.184230812006302175e-02 4.762092927318754831e-02
3.194219251362818285e-02 1.206291753393654714e-01
4.701041600318121155e-02 1.680251725130879614e-01
2.686347809297215047e-02 1.689038910912173397e-01
7.079573822026019592e-02 1.543677534041830168e-01
3.432599223309914377e-02 2.044910324357403220e-01
-1.014885442800902843e-01 9.683857141740585817e-02
-1.153325111996680447e-01 7.512667772247356990e-02
-1.006771340106769053e-01 5.674095856893226347e-02
-1.040673366880534717e-01 6.218181659472182127e-02
-1.165851443976846924e-01 6.016080397923851547e-02
-1.482838979519457145e-01 7.428943557048740820e-02
-1.331492060450382153e-01 1.016886473523396367e-01
-8.259631213563582708e-02 1.961628535513819382e-01
-5.222496195874873695e-03 2.348257021333012284e-01
8.322078180936151592e-02 1.424525614786211203e-01
8.115784148282430277e-02 1.459969197386368212e-01
1.258699971499294690e-01 9.403035913225468723e-02
8.623071844958932197e-02 8.826547018346463103e-02
1.551108023667554289e-03 1.344948290060400953e-01
-6.037276163752134522e-02 -1.992122024071429909e-01
3.968660093750236463e-03 -2.332275184077467478e-01
2.883020698368951584e-02 -1.112101238260874286e-01
1.320551827788717381e-01 -3.574249199646264280e-02
1.104978290944654551e-01 -1.851446906713441129e-02
1.644610078597699421e-01 -9.790093788280050668e-02
1.791949253374763851e-01 -1.076984419364565848e-01
2.164430291529070571e-01 -8.710666246123079104e-02
2.067369771506887000e-01 -8.153173103132761723e-02
1.982696520855354583e-01 -7.970614149642729629e-02
8.965741670483562409e-02 -1.481756731446608188e-01
1.357800633602898044e-01 -4.074244048594802096e-03
1.677258870460233975e-01 3.386475398299415161e-04
1.668332287784305978e-01 -1.023390157656619143e-01
1.344592944978875437e-01 -1.205171731102355898e-01
1.352537565117662710e-01 -1.540143638906039947e-01
7.832292817379087058e-02 -1.937171901920711203e-01
3.739007888404527469e-02 -1.615460249076016430e-01
3.829054688773132764e-02 -1.956860292576023397e-01
1.874979659808839738e-01 -1.139446429567491786e-01
8.346353130567069067e-02 -1.340619214197726061e-01
2.170506257852498899e-01 -1.645990508996719726e-01
1.857558056545647041e-01 -1.337623768817408076e-01
1.962117260357836290e-01 -1.342052294502993348e-01
1.751989645959116382e-01 -1.651552344807085126e-01
1.395318956794293908e-01 -1.833109278652836072e-01
1.200549905046693483e-01 -1.867843508230418448e-01
9.038902475920936042e-02 -1.874642700408860885e-01
1.052012652403037513e-01 -2.037229120892408984e-01
1.175147913136977834e-01 -1.535645164059298295e-01
8.895508366976064007e-02 -1.407933707188442907e-01
1.010131323409385606e-01 -1.331856264087561692e-01
-1.625110391892077523e-03 -1.185065985475938916e-01
1.362009032537604136e-01 -1.565924375855612671e-01
6.219853502923713973e-02 -1.351024256383829281e-01
-7.729543600343867504e-02 -7.876210360604009308e-02
-2.041876603330956830e-02 -1.619787235656697244e-01
2.436020069339707786e-02 -1.550719918644364315e-01
2.996022022148319558e-02 -1.568990606109884611e-01
1.077000214336439922e-02 -1.375813085813970271e-01
1.263277839061805186e-01 -9.687918705936759967e-02
9.536489218443285065e-02 -8.650207439495920247e-02
8.262047259261347254e-02 -1.742866336490641321e-01
6.245804892426549959e-02 -2.239140675635692135e-01
-4.418167025459382620e-03 -1.311911476745955818e-01
-4.108122591838955784e-02 -8.286595486977069158e-02
-4.957088122949376841e-02 -1.420639383134967015e-01
-6.343489272052117711e-02 -1.359845789961103002e-01
-1.146700667364209253e-01 -7.250452017744464517e-02
-1.265469579444703230e-01 -9.769556146279852193e-02
-1.352616874262151936e-01 -1.232053770376562024e-01
-1.251941060677695117e-01 -1.400679636534284955e-01
-1.295211344340902737e-01 -1.152175589043627629e-01
-1.863355061937247703e-01 -1.055823837045060248e-01
-1.865411751132059204e-01 -1.191977581025654015e-01
-1.849195245722957681e-01 -1.005642542831095831e-01
-1.797638451815478378e-01 -1.174293480372745752e-01
-1.108488953264672450e-01 -1.433067101005020549e-01
1.098857133451697915e-02 -2.091031809372068950e-01
-1.445084149606349899e-01 -2.282354214399945069e-01
-1.182732758916412719e-01 -1.395937551407052668e-01
-1.249614603391829143e-01 -1.127495903704848756e-01
-1.140263338827113143e-01 -1.127278451234921958e-01
-1.493077464145005084e-01 -1.495876099161496109e-01
-1.383195939810233088e-01 -1.222677657786822858e-01
-1.481594436021320960e-01 -1.551119723646720294e-01
-1.298007555790280654e-01 -2.146067341370699044e-01
-1.653945491974196935e-01 -1.518869232503505806e-01
-1.760325713972283879e-01 -9.821315182684342560e-02
-1.666793740523986045e-01 -1.063366813613337014e-01
-1.520035553283789753e-01 -1.784109431620791442e-01
-1.610407529501928781e-01 -9.077967034930389811e-02
-1.073925877668031603e-01 -9.108607608940370859e-02
-1.337326672917873160e-01 -7.186170660781235342e-02
-1.202911629412616729e-01 -6.904155198678395278e-02
-1.544348778560835633e-01 -8.191737905889270865e-02
-1.471547663911534631e-01 -5.925172813373751762e-02
-1.524143917396627301e-01 -8.966308283760311693e-02
-1.274510821916457481e-01 -9.196819601861919158e-02
-1.437677728509195452e-01 -1.490164503617806835e-01
-1.422545309741097275e-01 -1.716133722664640038e-01
-1.733217363672496791e-01 -1.910564645014344864e-01
-1.728287493879651360e-01 -2.271756874699121798e-01
-1.584959740530906547e-01 -2.217607198265912349e-01
-1.587726451318530463e-01 -1.889289068613894118e-01
-1.694837587729369210e-01 -1.834408477767932866e-01
-1.723125463071641938e-01 -1.128961994665619861e-01
-1.828308944343613462e-01 -1.024136282042286683e-01
-1.839808018153010760e-01 -1.690872297647475209e-01
-1.741314584968119694e-01 -1.442116700604750279e-01
-1.641254357430350364e-01 -1.412417640632506743e-01
-1.392087756833782219e-01 -6.345521725575799243e-02
-1.310035886514377135e-01 -7.228168571710148760e-02
-1.280484162708344642e-01 -9.291777468485426517e-02
-1.180301837530850911e-01 -7.750967097909487735e-02
-1.093059522168319114e-01 -8.824490329151651880e-02
-1.079210591114723727e-01 -8.568432942254027018e-02
-1.228024130409255260e-01 -1.159432333978737822e-01
-1.259306197562649610e-01 -1.355965742584560874e-01
-1.043664382983025551e-01 -1.813302216780269260e-01
-1.162739165947429126e-01 -5.011640947236132432e-02
-1.105577831305628866e-01 -1.322694511830398434e-01
-1.890672841864105003e-01 -1.312261807550695880e-01
-1.305485430331627117e-01 -1.153810076133108403e-01
-1.440379922268847368e-01 -9.260305360241864736e-02
-1.396431290527855029e-01 -9.827686657052990549e-02
-1.294411149337232614e-01 -7.398246154568524635e-02
-1.787631459634856090e-01 -2.951475605043227951e-02
-1.422461404176221800e-01 -3.405222943487227344e-02
-1.328156730675293662e-01 -3.424117991983809117e-02
-1.331395869907382179e-01 -3.944605354441477890e-02
-1.712692090221701324e-01 3.270177605390046233e-02
-8.783281331103641454e-02 2.654568994456946857e-02
-8.571827607637742819e-02 8.490009653330377049e-02
-5.063149269801352909e-02 1.231102645641651422e-01
-4.395366273203372975e-02 8.378470409090352233e-02
-5.637788732259343960e-02 3.521238683327417712e-02
-8.140898153562103889e-02 3.142211172544652487e-02
-1.639757094382230176e-02 2.602974593473577139e-02
-1.450108789230439288e-02 -8.283891329292343217e-03
-3.706899384865619540e-02 -1.249038713703025938e-01
-4.171634257315625510e-02 -1.612429453044361416e-01
-5.144723195971829394e-02 -1.943977779801533967e-01
-6.555869383154118435e-02 -7.983652104997565613e-02
-3.253444963757166908e-02 -4.973349004708028931e-02
-3.406112977616635590e-02 -3.606858295150914412e-02
-3.214865118170302100e-02 -6.136486137089659093e-02
-6.900085277354246760e-02 -1.371919750603946553e-01
-9.690699958127060865e-02 -1.200341478274980361e-01
-1.075508466992783491e-01 -9.777177846993659327e-02
2.221750829458807395e-03 1.275827320286464228e-01
2.983919229413959859e-02 1.098605563006810337e-01
-3.473832457029053106e-02 9.379077698744829605e-02
4.757553335402373018e-02 5.232398661277339741e-02
7.435054289024548013e-02 7.952294489407271683e-02
1.892599828432734166e-01 1.218472768845866583e-01
1.947188254084666059e-01 1.276322312976462814e-01
5.821360151803629118e-02 1.243629311906936791e-01
5.341570331161858698e-02 1.356184908265722563e-02
4.223379922315354668e-02 1.517989895497906250e-01
1.067826177101152407e-01 1.402577456726278871e-01
1.356683536306390603e-01 1.523107132099966177e-01
9.099565196470700557e-02 1.473634605909617812e-01
1.943413506520617062e-01 6.756873771655642902e-02
2.375936163473537366e-01 7.566176791249951128e-02
2.170432046556075023e-01 6.401720486217361838e-02
2.369591431914411794e-01 6.843011525413630891e-02
2.216237464990700734e-01 6.143174346608584746e-02
2.255602212037040311e-01 7.529230764182329172e-02
1.766293037632028495e-01 6.438605506250762167e-02
2.597536610299811533e-01 9.750686587023595087e-02
1.829701241864359340e-01 1.018609128313020390e-01
1.856747582274567154e-01 8.285286760736079725e-02
1.431028630349195918e-01 7.146812766579836718e-02
1.288876724906627413e-01 8.289473681851888820e-02
2.358474780281180627e-01 6.609692212312200110e-02
2.329818188452621452e-01 8.582984373485257057e-02
2.221271297455563454e-01 6.329192733224145440e-02
-6.575421301909588345e-02 -6.288824044394088209e-02
2.529108947862735990e-01 6.123734831224388053e-02
2.138261950983986193e-01 2.830594345295604428e-02
2.089384452305505513e-01 4.236525266764679110e-02
2.438635014683293578e-01 4.057798056451488583e-02
2.743384706303457210e-01 7.184501742324495011e-02
4.513443298658761232e-02 -4.858029413628211363e-02
1.729579673007248797e-01 7.868278610442304422e-02
-9.815843770998673723e-02 -3.965296767596429572e-02
-1.394817361973194336e-01 -4.542153376106364965e-02
1.341282519445154697e-01 1.302176425509662117e-01
1.738132859205223923e-01 1.021003445478048666e-01
1.975385371017122915e-01 1.416172498231973442e-01
2.345418104959678396e-01 1.484083523017593331e-01
2.030033633705360663e-01 1.562352706501372590e-01
2.327404148465570810e-01 1.553005593145709018e-01
2.128741176508988364e-01 1.000395520031573948e-01
2.056194118550147554e-01 9.603807555712870481e-02
2.612369843886380716e-01 7.805872592996815351e-02
2.380066757546790146e-01 6.549484537380709237e-02
2.417938252966437551e-01 6.038486275883010734e-02
2.113282328322160786e-01 3.796934903111458259e-02
9.239421733143472759e-02 4.030115487888493581e-02
1.409155519298485315e-01 4.936970008773555740e-02
6.605640258813197385e-02 3.385474214367930473e-02
8.880054365923461743e-03 -7.399503066616064384e-02
1.333975213885791808e-02 -8.373946695717124356e-02
3.421012065371652894e-02 -7.613133821919623734e-02
-4.718441976476255711e-02 -1.057882281236746658e-01
8.265794595445635773e-02 7.125616582895154261e-02
-9.927748221731234890e-02 2.380265490050051391e-02
1.978967236067493418e-01 1.237055511469998224e-03
1.165771633404679292e-01 1.133047502033443857e-02
6.003444838281042639e-02 8.825561712958130897e-03
7.889982907507907262e-02 -1.346224674216124281e-02
4.587164031670504932e-02 -1.107543845661904287e-02
4.809741928184812360e-02 -2.220892552415706239e-02
3.043468780517366232e-02 -1.962856197613444681e-02
7.627767988717813058e-03 9.475854912128637078e-04
1.248298021450542777e-01 -1.111706113250184730e-02
8.413759217680399916e-02 6.162805240223424852e-03
1.303610257956447083e-01 1.021068463933699419e-02
-6.652741867796849347e-03 1.318426359430666106e-01
3.733005381236004921e-02 8.755605866099426537e-02
3.960835732683019167e-02 9.847302507837472907e-02
9.260683938139162297e-02 1.768821904557464908e-01
8.941834434483574012e-02 1.018985115500645605e-01
8.817575641464585334e-02 1.096006997634056818e-01
9.671055693107460938e-02 5.547627021381072721e-02
8.007388855586849985e-02 1.222317381999791924e-01
5.382166751729252491e-02 1.661811889395131969e-01
-2.925879184551158363e-02 1.971705560426877668e-01
-1.378977428750676471e-01 1.551169699272014757e-01
-1.489036959911330116e-01 1.444855832870054757e-01
-1.555618031350902430e-01 1.750134864976197191e-01
-7.015076015448221125e-02 2.133553043654817516e-01
-8.244731290095767828e-02 1.773895851236610977e-01
-1.162296154593439046e-01 2.179247980857605127e-01
-1.000765155801937589e-01 2.226856031796582147e-01
-5.657279226124192067e-02 2.083089696371674404e-01
-9.126409962954135091e-02 1.899295726509397375e-01
-1.599923178171336613e-01 2.028504446428373298e-01
-1.801405343679229887e-01 1.743483092535245416e-01
-6.545572565775299723e-02 1.270681251592888361e-01
-1.280939876896857732e-01 1.324339528901128382e-01
-2.161416878323604851e-01 9.446731156846238653e-02
-1.181963067429853825e-01 4.958362167109266888e-02
-1.279782331100948189e-01 4.808442394784596258e-02
-9.064018988339002381e-02 2.636547683690220606e-02
-1.143742327632103206e-01 6.095983316355593762e-02
-1.109657948325908500e-01 1.105047070107894325e-01
-6.338395184694549378e-02 6.797200256989421874e-02
-1.031904232495668289e-01 5.305595820221407910e-02
-7.433643605822255751e-02 1.385452782220061851e-01
-1.252559655290453877e-01 1.196793376021631633e-01
-1.734343570238497390e-01 7.483546524103350250e-02
-1.538432934809421115e-01 8.310125816505353757e-02
-1.788447616752959768e-01 4.689120575117232403e-02
-2.005733278405397169e-01 7.437129363900905898e-02
-1.972880071192577855e-01 6.667173792098027296e-02
-2.032761901704296659e-01 9.288005060917210731e-02
-2.151262800690610932e-01 2.398672064416456154e-02
-1.821329572486015680e-01 1.309866153245191345e-01
-1.711134321567037153e-01 1.876529071335528154e-01
-1.749661015819976850e-01 2.161253245757841224e-01
-1.308521324211347203e-01 1.961053899394212541e-01
-1.688348612141383487e-01 5.952508561125757075e-02
-1.565164712922624823e-01 6.307121140384011615e-02
-2.148411682910432718e-01 1.152107311308066401e-01
-1.642817474646919018e-01 1.641567081159199804e-01
-7.809517136507003465e-02 8.316198105692473863e-02
-2.265987113544722098e-01 1.211444257075771844e-02
-3.979623392085113870e-02 5.825890550879237600e-02
-3.692209225309993348e-02 1.002271778833390692e-01
-5.802603831631442804e-02 1.065228029584797537e-01
-9.667614227807080907e-02 1.253339626044422672e-01
-6.356001981913683707e-02 1.174646067602039129e-01
-4.160913733548441198e-03 4.937966178428255387e-02
3.233539956344725643e-04 4.981189244318399989e-02
1.578494332043812206e-04 -2.309709601402692904e-03
-3.210139998012860704e-04 -4.343399980025085781e-03
-1.661410412967180908e-02 7.746589634275833150e-03
-9.076044059783187901e-02 6.598278464779433472e-02
-1.436769977268478604e-01 9.261317408439717624e-02
-1.168288967493509439e-01 8.532100328379818577e-02
-6.647866319335846153e-02 3.642576242262512282e-02
-3.243785795242892095e-02 2.037790385607254895e-02
-7.470831989601171841e-02 8.395446243147322574e-02
-5.802828638373987852e-02 1.013873812459448465e-01
-1.060091320874554377e-01 8.826066483487861325e-02
-4.177296211519139491e-02 1.542900989710331294e-01
-7.793397908067539216e-03 6.258389055732307971e-02
-3.297166114474661680e-02 2.467819776999915019e-02
