-2.777820430494407078e-02 7.778962895262581112e-02
-3.082421925731583870e-02 7.237883962042479524e-02
-3.446153940706356278e-02 4.831529432392502738e-02
-1.851668835457171564e-02 1.176717140076771057e-02
-1.926671321780750248e-02 6.544948102996209736e-03
-1.895673022159460180e-02 1.567277729523934571e-02
-9.355125309509331952e-03 -1.414386944770234210e-02
1.660856519302759612e-02 -7.286994202011859260e-03
-1.009126699360796998e-02 -2.488249031424282984e-02
1.125889840286572324e-02 3.023299816611045403e-03
-1.271147828317940875e-02 -6.537652863154629068e-02
-1.048544350141932154e-03 -1.187653141951387908e-01
-6.717442580427258891e-03 -1.188794527383147115e-01
5.467404430467869003e-02 3.946031201873314437e-02
4.706240351909941888e-02 1.067892246840887287e-02
8.992110299638711446e-02 4.632963497766875299e-02
6.293497178768735212e-02 7.519859926939123813e-03
1.725098753299696488e-02 -3.920574851922385001e-02
3.217967753715785667e-02 -4.380442807746738609e-02
4.173857026271498433e-02 -3.511994191944221855e-02
9.098136479177389765e-04 -3.105292334422598763e-02
6.645539083004102510e-02 2.966171347218409665e-02
7.023026338691172599e-02 -1.025936449748692941e-01
1.268038973116738730e-02 -8.986226102551164718e-02
4.979014131289848794e-02 -5.135843672708638452e-02
7.256101358589059358e-02 -2.783052804759996238e-02
5.181527556682894581e-02 -1.221441954918253275e-01
6.902651646452372114e-02 -1.243546350486491592e-01
1.277830225312773238e-02 -1.134335005571078525e-01
7.251073750500293402e-02 -9.596353613931302151e-02
4.542001703834024073e-02 -1.024108499176823311e-01
7.217779999392844037e-02 -1.072790444646812558e-01
8.257050188545143887e-02 -1.246472468857855731e-01
8.223038300135090961e-02 -1.200166975585994777e-01
8.782839266925224209e-02 -1.270677189596518541e-01
5.277504342778926300e-02 -6.746630818212190350e-02
9.527104474902971243e-02 -1.365656347115419833e-01
9.758025082893050095e-02 -1.452560277106237085e-01
1.161930110742680489e-01 -1.150752141885024310e-01
1.420149252607501578e-01 -7.724995847427756912e-02
1.844010968626302871e-01 -6.545824748081820188e-02
1.167692030397621955e-01 -1.187776325142753386e-01
9.855760334924644483e-02 -1.368153006440416541e-01
5.650822520287638456e-02 -9.346877890771258801e-02
1.503340736229130947e-01 -8.053924082047984878e-02
1.250172363998511282e-01 -5.130571509754661835e-02
1.500999349834427066e-01 -6.566710898117804340e-02
1.132845679381355303e-01 -8.495850250777028934e-02
1.380333779639545677e-01 -8.428418452003663686e-02
1.385357505905054354e-01 -7.830895220740029250e-02
1.306786556506606967e-01 -8.981040633649935157e-02
1.076742593602139503e-01 -7.349287760733624886e-02
1.449989086774700064e-01 -6.803716911034266013e-02
1.724450941695104822e-01 -6.295324223581844070e-02
1.526642803666359571e-01 -8.063500540023781082e-02
1.354878723629701631e-01 -6.024584519588770809e-02
1.502309465183770953e-01 -4.539122037947639077e-02
1.891326382915608784e-01 -6.084024938216409106e-02
1.947274842735075007e-01 -5.927813253666075477e-02
1.996845984519206585e-01 -4.517145095576349106e-02
1.997740227203583241e-01 -4.833691284461556076e-02
1.955557489019208173e-01 -6.534341020945595713e-02
1.781765673907037273e-01 -6.334031824192162818e-02
1.680932597521996308e-01 -7.231629697804402290e-02
1.757829704731889153e-01 -7.706039610521200900e-02
1.817291861569768630e-01 -4.825982306957799645e-02
1.877597797389679579e-01 -3.028021731118297685e-02
1.857963535354179296e-01 -2.384263235235231995e-02
1.877340691295936725e-01 -2.735892534006874668e-02
2.005662769683546343e-01 -5.398776383160708986e-02
2.014899826912545100e-01 -6.961664417551162443e-02
1.849669372994382777e-01 -6.627555889794047028e-02
2.058741009386553800e-01 -8.064009058870490187e-02
1.136894938615169298e-01 -7.754878122862569889e-02
1.297677728839208566e-01 -6.150187380784630925e-02
1.640746669221183895e-01 -7.722070893603370789e-02
1.596337058428195788e-01 -7.502899270672098997e-02
1.561780291426924927e-01 -4.440957844446110497e-02
5.595125473221138068e-02 -3.801140854852941287e-02
1.520993845068205896e-01 -4.710451159688314876e-02
1.691399545753020928e-01 -8.761297735729295377e-02
1.855026806665912020e-01 -8.067653443938566094e-02
1.861150512248435085e-01 -9.027236918294156975e-02
1.797770431196947793e-01 -8.728616018755416817e-02
1.808449844554256003e-01 -8.734961505840041496e-02
1.660980931738156308e-01 -9.712172986577642664e-02
1.757103027418119856e-01 -7.292545856240363611e-02
1.809770829008720272e-01 -8.816457797245201566e-02
1.673264961435930176e-01 -8.893039700406600578e-02
1.683824814636913081e-01 -9.080366139275942994e-02
1.736066133245643406e-01 -8.748273571730461051e-02
1.595319891340670759e-01 -7.704539932802792479e-02
1.631204241895943263e-01 -9.913092276553017723e-02
1.685594926042248975e-01 -1.016739569390407716e-01
1.846701072143622502e-01 -9.953687090236934543e-02
1.624835463871774910e-01 -9.386062308671683230e-02
1.771577569979996547e-01 -9.374546879978858105e-02
1.720335562071808044e-01 -7.065098186124496582e-02
1.786521424973682715e-01 -7.265138243132089613e-02
1.928925593591854781e-01 -1.052151178569993711e-01
2.064432926828754788e-01 -1.097843020281927401e-01
1.980171353929192080e-01 -9.222415638642506019e-02
1.825127968785202059e-01 -1.266291893862729612e-01
1.644338908463503501e-01 -9.752371207318770441e-02
1.707025695881234373e-01 -9.994815007648187588e-02
1.640986436504377477e-01 -1.064219831774040753e-01
1.486939774178757390e-01 -1.068073705903903325e-01
1.847282569267568175e-01 -1.548758327127935375e-01
1.610266463610636745e-01 -1.654345084273884658e-01
1.669490794076951279e-01 -1.873169025235408569e-01
1.590173887642556405e-01 -1.713309461976067483e-01
1.276598652187335703e-01 -1.478052857407568532e-01
1.449909768186142256e-01 -1.417148603229596848e-01
1.234893119475393153e-01 -1.624149286913990076e-01
1.121379549843897760e-01 -1.203326132746906363e-01
1.248488040887162365e-01 -1.577766027782874225e-01
1.160780961664406585e-01 -1.021912551760160159e-01
1.170357549034311689e-01 -1.348244558288841377e-01
1.226234195123517418e-01 -8.813351691668806775e-02
9.845219243869406112e-02 -1.790187160069673933e-01
1.054072098808876146e-01 -1.719974811297094730e-01
1.079443954406905104e-01 -1.909191180516315867e-01
5.957069261615374062e-02 -1.869239455552028362e-01
3.071020363854306406e-02 -1.931299716696028568e-01
1.998948929920330020e-02 -1.985924862967076154e-01
9.254062849718310002e-03 -1.717106661486373365e-01
9.857681513951744093e-03 -1.928670687197957812e-01
-2.928232671098311701e-02 -1.725578352563137685e-01
-1.044148670530929864e-02 -1.833218335423989764e-01
6.493323088526632703e-02 -1.769710542387336605e-01
5.272045205338055096e-02 -1.730005442593997300e-01
-6.506580323663542671e-03 -1.926815305075069706e-01
1.171564343187956637e-02 -1.670418938017775301e-01
-2.311100409650349019e-02 -1.883677250187069385e-01
8.119141300653051618e-02 -1.583172631215662984e-01
3.112652271318468514e-02 -1.247257761702810636e-01
1.396807946406846898e-02 -1.216065370918654742e-01
7.238857167481615833e-03 -1.276135033096303661e-01
-2.095861073678738536e-03 -1.425771944201613961e-01
-2.002657203329515773e-02 -1.617489113357306052e-01
-2.707259882175646476e-02 -1.790328458436240278e-01
-5.828626199736244851e-02 -1.642195753843139761e-01
-5.959217203817755021e-02 -1.807659246550849530e-01
-3.627319926066339961e-02 -1.880781539431220784e-01
-3.056139070912117228e-02 -1.897940621563748154e-01
-8.963246355838402901e-02 -1.690074550081190619e-01
-8.405419296174614086e-02 -1.744727257297364886e-01
-5.316492081634313638e-02 -1.696181434429598900e-01
-4.988424964806666834e-02 -1.529938601005928767e-01
-3.363110742733156633e-02 -1.696285855475220539e-01
-8.698195463828924112e-02 -1.428754349010209201e-01
-1.060930892322226177e-01 -1.392462148224701268e-01
-1.263892150725057506e-01 -1.270013009637191992e-01
-1.433083617094983997e-01 -1.033745901777759629e-01
-6.139828088451942945e-02 -1.581528290883864318e-01
-3.924591245052620053e-02 -1.714960918983838012e-01
-7.167904393271230801e-02 -1.042329454061389216e-01
-8.369856619373264306e-02 -8.692049243671508274e-02
-1.069559667846803480e-01 -9.338480213124600304e-02
-1.097216364614088113e-01 -9.100946272245143132e-02
-1.254565940955249259e-01 -8.597178130233268378e-02
-1.478042764667099607e-01 -6.442090138206044148e-02
-1.459902357615122936e-01 -5.974635805795810994e-02
-1.785433867491091620e-01 -4.332142898382323332e-02
-1.910608822369887494e-01 -2.757306288520582072e-02
-1.806033538970685803e-01 -4.136532325196598525e-02
-1.852593421060009515e-01 -3.464561870077816075e-02
-1.687518628254465747e-01 -2.952015308254795842e-02
-1.694358012651529244e-01 -3.241046810406881390e-02
-1.838303782679289733e-01 -2.679826551988293351e-02
-1.814672536629840793e-01 -2.793564782140805711e-02
-2.023100696120057607e-01 -3.787940067895897989e-02
-1.781358341253236333e-01 -4.074515669867188883e-02
-1.771622469735672778e-01 -3.125619501909529530e-02
-1.628966629576318326e-01 -2.092873363711691623e-02
-1.738253928833466133e-01 -9.104818876172222214e-03
-1.630591172609504591e-01 -2.420866725897449605e-03
-1.526470709501951961e-01 1.743944196500783056e-02
-1.798480287276602030e-01 6.743500532111754327e-03
-1.644466361660451847e-01 -8.136827210898650445e-05
-1.655776441902965523e-01 2.514069625790857701e-02
-1.500047009195299152e-01 -1.352730652033211876e-02
-1.786562831088427394e-01 5.125179333764979736e-03
-1.808700092760244238e-01 -7.090845672819724981e-04
-1.758045145922670360e-01 -7.567054001903111490e-03
-1.816667276207666604e-01 -6.851223957998374891e-04
-1.968985492030912721e-01 3.513104069910542165e-02
-1.881090403168394487e-01 5.660617007336387480e-02
-1.758345728436895017e-01 5.694675477625527754e-02
-1.722910634226602344e-01 4.129943253702577505e-02
-1.785618124701705556e-01 2.617518274686677845e-02
-1.781382926133866229e-01 1.789624360394417510e-02
-1.775184430756585330e-01 3.085749295233645648e-02
-1.429217062342481026e-01 6.669957692204243893e-02
-1.669922194034947627e-01 6.602940601548869248e-02
-1.712057315187366369e-01 8.131820629352527752e-02
-1.679080838434148237e-01 8.104044890005353274e-02
-1.862293191621280097e-01 7.035200383396654489e-02
-1.821730855858617049e-01 7.932649453784031135e-02
-1.644231899535710251e-01 6.885744365255136445e-02
-1.724885058929381265e-01 6.584461828902964109e-02
-1.793905299779638973e-01 7.664079042021253174e-02
-1.892751529627477725e-01 7.304749661590818899e-02
-1.710842304507826650e-01 8.003297343126081209e-02
-1.799924325528323432e-01 6.452408671394531392e-02
-1.769333487954942719e-01 8.190941444531980864e-02
-1.767297859838806717e-01 5.669670713113532379e-02
-1.493885002956636954e-01 7.619304798630294195e-02
-1.655560483135750105e-01 8.051523174363335589e-02
-1.714757382051046164e-01 7.009311210152534277e-02
-1.830762952819629252e-01 8.211135983057619991e-02
-1.956995833930152140e-01 7.271899085305247312e-02
-2.080981398162906615e-01 8.717094767327705773e-02
-1.687207306029228915e-01 9.164029781999771807e-02
-1.869612239978839241e-01 8.013093771086458872e-02
-1.828203925534298557e-01 6.669719607044462262e-02
-1.858765261250923673e-01 8.649787833869118647e-02
-1.874177005341224889e-01 7.120770648310367767e-02
-1.842687008107341262e-01 8.487282419877591189e-02
-1.888975938933304399e-01 8.183251552659238925e-02
-1.904655140646034639e-01 8.176481005927939416e-02
-1.890343505266856572e-01 8.546757774914545691e-02
-1.941665737522363100e-01 6.668732976966561254e-02
-1.921212669567786691e-01 7.213618684861003438e-02
-1.860383593366898292e-01 8.622859625933122774e-02
-1.793395875174170762e-01 8.832557659204916256e-02
-1.734077475190920758e-01 -2.468787025295826262e-03
-1.888928580689565317e-01 5.889348913979882555e-02
-1.372703020874424251e-01 1.659907737001617423e-02
-1.586979017707677575e-01 7.051226814199752606e-03
-1.266062089925896750e-01 3.117123484740352488e-02
-1.487552067100544606e-01 1.917715470298217081e-02
-1.513826964182333479e-01 4.438181046876044089e-02
-1.714182225238420620e-01 3.296869369758701623e-02
-1.781739795085321987e-01 1.345575804799437275e-03
-1.596730934094704735e-01 1.075342031770900111e-02
-1.587669982247479628e-01 -3.614928499258447409e-03
-1.416772325161854418e-01 -2.259002621456557974e-02
-1.243402723025970880e-01 -9.971595234864014286e-04
-1.130355619155896246e-01 -1.778247059912498387e-02
-1.264730883336854794e-01 -6.088497445579378609e-02
-1.233925122149127362e-01 -5.569359224380165951e-02
-1.364483777703493494e-01 -3.811125551241298370e-02
-1.182412162977578146e-01 -3.368881719975698463e-02
-1.289369333127468320e-01 -4.213794841369113836e-02
-1.288577441182975902e-01 -1.268682320624584248e-01
-1.301629554309263748e-01 -9.207068850394710402e-02
-1.446941726123599226e-01 -6.116176786315664915e-02
-1.332621384225124994e-01 -1.194213293862141922e-01
-1.404434338120803816e-01 -1.186387149993068796e-01
-1.482173154006991567e-01 -3.214614181906736562e-02
-1.635684901087753607e-01 -7.123643844491323908e-03
-1.392290183454402142e-01 -8.816976667620596286e-02
-1.545335464773743561e-01 -9.469192200697630624e-02
-9.839034852449959900e-02 -1.142397034900087816e-01
-8.605212857405368510e-02 -8.105055457993340373e-02
-8.452723841358800172e-02 -8.378915500914752013e-02
-9.294552207203735095e-02 -1.322722346736645849e-01
-1.017271573267822665e-01 -1.148108620246792722e-01
-8.310796619424842824e-02 -1.196990609008642403e-01
-7.328420372843383324e-02 -9.711967249945005487e-02
-6.890986767564140358e-02 -1.419039956914669443e-01
-7.163175685573278106e-02 -1.305044394228724036e-01
-3.964640339083612408e-02 -8.814921242205847607e-02
-4.056582293388935612e-02 -8.121267892827517543e-02
4.305759197029484890e-03 -1.359685067792800739e-01
6.135483276899875160e-03 -1.429686245380182019e-01
-1.690100558297014458e-02 -1.520624813070543813e-01
-3.598367347301655028e-02 -1.278274952863953096e-01
-3.922978670974477250e-02 -1.466596432428254326e-01
-3.214621622067979911e-02 -1.267698925399397825e-01
-5.004123058059248980e-02 -1.084209345334639363e-01
-3.703072736477031057e-02 -9.638834993718273236e-02
1.950168483185186347e-02 -3.453594748920086471e-02
-2.440705673238455047e-03 -4.255756056839604499e-03
-3.099951592591075958e-02 -4.791139061400138954e-02
-3.114384211461773688e-02 5.813153252232586277e-02
-3.467849450891490742e-02 9.727988990211666048e-03
-3.984651461460343019e-02 -6.547344320144423205e-03
-3.961680772335180595e-02 -4.456910197122047196e-02
-2.290995153059628003e-02 -4.550716397046696698e-02
-8.923535303916067460e-03 -6.429103498498696390e-02
-2.678544094629657646e-02 -3.577343392540036082e-02
-7.278319944458117724e-03 -6.513428345117353024e-02
-1.278963717703909299e-02 1.160299534709181672e-02
6.878516410350014702e-03 -6.915199640131643351e-03
3.137515672766843372e-02 -6.563956097546196078e-02
2.005884130654794761e-02 -1.727372693015304453e-02
1.419512083668340342e-02 -5.122002061428867353e-02
2.596908542815141649e-02 -6.657837993024362522e-02
-6.221015127937603445e-02 -5.665110864727272710e-02
-1.274220647259904360e-01 -3.917066977638858187e-03
-3.149869251797977193e-02 -1.525634694166434768e-01
-1.373894999402637020e-02 -1.223276245801443313e-01
-1.478517899833795002e-02 -1.287349620486687163e-01
-8.467681800310321305e-02 -1.636790703139654191e-01
-5.512643198708620101e-02 -1.389083150473316985e-01
-1.688566591139832249e-02 -1.562691484739525405e-01
1.309530730587048046e-02 -2.242075640006291060e-01
3.075540423552178271e-02 -1.943007683822416953e-01
2.579968589605489623e-02 -1.879998446286111624e-01
4.660190282608412185e-03 -2.143413020398523272e-01
-3.195108667009270709e-02 -2.183031814321441666e-01
7.366919325453621069e-03 -1.624645772108600783e-01
2.016370229213888809e-02 -1.827110804105038511e-01
2.458886273335408185e-02 -1.997121335182258650e-01
2.628179378777622394e-02 -2.069812357498742317e-01
2.751098929646863742e-02 -1.771471725599180480e-01
3.142968017017013643e-02 -1.852795793445824457e-01
3.380805710566355676e-02 -1.611672977570870746e-01
3.601629372778885479e-02 -1.371753526905684917e-01
5.028406450415927320e-02 -1.866265849542816380e-01
5.581261541457636921e-02 -1.865590282901934960e-01
6.812791319868784223e-02 -1.952837107280481765e-01
6.036107711928110492e-02 -2.146689796804131523e-01
6.362944290783188739e-02 -1.950062768198478624e-01
4.998252123867831520e-02 -2.124032370815834569e-01
5.833765086758387064e-02 -2.029353278234723723e-01
6.730368566646210970e-02 -1.823924732969542939e-01
6.615110117460552830e-02 -2.004925611446982392e-01
6.903995404269945568e-02 -1.880454560518846352e-01
7.354495226633313287e-02 -1.846254921257248216e-01
8.647953672380036261e-02 -1.726011305250436945e-01
8.866348283689301502e-02 -1.623802640097112004e-01
1.107222540424469409e-01 -1.514592977305110333e-01
1.264504184858627478e-01 -1.497231652180877060e-01
1.300856165722298063e-01 -1.343816821287439067e-01
1.291053656238817238e-01 -1.359467426902173925e-01
1.256781426882307429e-01 -1.495327100296729717e-01
1.085356359410121763e-01 -1.434930976783140300e-01
1.117995117539953287e-01 -1.493590760753732427e-01
1.170147671790199434e-01 -1.444932753193829966e-01
1.208615505117324046e-01 -1.447819018179752337e-01
1.082133799136007352e-01 -1.409747001430765589e-01
1.297616913608177214e-01 -1.005092935071485033e-01
1.379154352339864720e-01 -9.939899500997494142e-02
1.465719140372101215e-01 -9.629073502167212473e-02
9.712392956562224122e-02 -9.169190019049829055e-02
1.100795793839658421e-01 -9.078268660775908050e-02
7.917846767762802551e-02 -6.902510606874022459e-02
9.942781754766050195e-02 -7.228630989338126478e-02
1.262177419998192773e-01 -8.747635658775175516e-02
1.428917514981124792e-01 -1.030536604399774347e-01
1.417345670456959805e-01 -7.491413602624247270e-02
1.498338230597429099e-01 -6.078734660087231623e-02
1.610479575707463584e-01 -2.568178360174573627e-02
1.597216938366520511e-01 -4.565977138212287678e-02
1.611775716493080990e-01 -5.132454841005002627e-02
1.616363772795010312e-01 -1.765311854363309924e-02
1.462718361600088002e-01 -8.739657218040307318e-02
1.470679463524407204e-01 -1.065117179917023510e-01
1.441632038878135069e-01 -1.119114764761471592e-01
1.211369917506606303e-01 -1.455412899623929335e-01
1.183857236382167971e-01 -1.430959354014472718e-01
1.553223847209042330e-01 -1.125792147734596543e-01
1.512830500152180790e-01 -1.000049411507363956e-01
1.722307269498306870e-01 -8.056918908691003411e-02
1.597587652487594267e-01 -7.341795194876463149e-02
1.545924466755986826e-01 -8.108505751898550939e-02
1.304490716838122288e-01 -4.221808865483840656e-02
6.912048893587789677e-02 -1.056520300040210414e-01
9.310740704127826173e-02 -9.417811741093264077e-02
7.500849667992237624e-02 -1.213475289047265399e-01
5.939368794532559614e-02 -1.603411810708761098e-01
5.179708275516299587e-02 -1.824440497886331558e-01
1.064024123184817844e-01 -1.759135420681541551e-01
6.805641001428809622e-02 -1.440782954737651611e-01
5.214802545644599968e-02 -1.594092717614924715e-01
5.192320642764588351e-02 -1.883263059645513826e-01
5.085387410524784546e-02 -1.769861674706154631e-01
6.189710164278985211e-02 -1.803718160791805969e-01
5.620226636344023696e-02 -1.675413550608854107e-01
4.660261125882858568e-02 -1.669422215199405368e-01
4.564394324779117579e-02 -1.810120710678312927e-01
5.621482406167764567e-02 -1.529355162970354176e-01
8.823667636975121575e-02 -1.407728323942853133e-01
9.413066212161196045e-02 -1.744999631895919889e-01
-2.791190723733686166e-02 -1.158978501731926652e-01
2.524673958216663849e-02 -1.251041763014041353e-01
6.593963885266328206e-02 -1.640122989617842086e-01
8.264049762848625635e-02 -1.555242007120520298e-01
5.205496521355729850e-02 -1.710104887483045455e-01
6.666030581008926259e-02 -1.530468340486443590e-01
3.973517098417277821e-02 -1.607481643605838950e-01
7.795361819355744494e-03 -1.582675757838726549e-01
-1.990734183194672532e-02 -1.741405322347863160e-01
-1.699038132861711153e-02 -1.730767444499408114e-01
-1.580123491395568971e-02 -1.561169163052114894e-01
-2.208259751322205755e-02 -1.594325627010363677e-01
1.747003234970182992e-02 -1.501257232292821375e-01
3.036858378278304432e-02 -1.597051702089867520e-01
2.744990557266207068e-02 -1.625841761854179557e-01
-2.575132646540053555e-02 -1.439927012709413534e-01
4.653090104385511350e-02 -1.379046955229745741e-01
-3.752620005048130231e-02 -1.167985496235874887e-01
-6.270904320440617852e-02 -1.509785209806817075e-01
-3.572361072389272445e-04 -1.808480640352097546e-01
-8.507443962905543444e-02 -1.137107015559127299e-01
-8.284457801653417885e-02 -1.238861766179563673e-01
-3.947867627759295978e-02 -8.894523850831981271e-02
5.751934311582555109e-02 -7.855417345227032333e-02
-7.509075736702394872e-03 -7.171469847933074904e-02
-3.803346377433639014e-02 -8.758597280683290409e-02
2.601425529402934950e-02 -8.930166105010105271e-02
2.975296543240543365e-02 -5.085363149129426552e-02
-4.229632680258959415e-02 -1.306147479004344247e-01
-7.614757566169621378e-03 -7.340013438001355417e-02
3.462192340464496920e-02 -7.060251729787737907e-02
2.108892354353545523e-02 -7.583719477859943159e-02
-1.652631259305780212e-02 -8.635523427339571179e-02
9.648232887824233911e-03 -4.252279884112678682e-02
-1.396870864292142599e-02 -7.898192449640473178e-02
1.287664501049909718e-02 -6.353525046649313723e-02
4.765992610339251506e-02 -1.251579136746962251e-01
-1.411169560260462814e-02 -1.301799707562042718e-01
4.776456711899887408e-02 -1.240942941021918877e-01
6.817270296937182061e-02 -9.715634925952625067e-02
-1.915401580151586056e-02 -1.125664565143539436e-01
-4.208790524219891555e-02 -1.066382524904799650e-01
-4.139065538357268592e-02 -1.229923868129595560e-01
-7.904743673357735034e-02 -1.362487614790473534e-01
-5.943586395501632841e-02 -1.114076028779367872e-01
-5.424931137812683685e-02 -9.245214880573802974e-02
5.510096075681278349e-02 -1.202296543824957903e-01
2.858342060776709534e-02 -1.095102064879937137e-01
7.762708407343116290e-02 -9.030949235269235265e-02
1.005504925913194708e-01 -4.217234783745638094e-02
9.497360004193794447e-02 -4.491645075113774588e-02
7.655153436411600565e-02 -1.207446558740437881e-01
1.207168749589322687e-01 -8.871599096615363778e-02
4.272211105627363864e-02 -1.284137411741258783e-01
7.309272632656134416e-02 -9.709510702793668069e-02
4.890372697209057623e-02 -1.011493673440471974e-01
-1.932091964474319523e-02 -1.783974043158123857e-01
2.432858648395110068e-02 -1.748739251027908725e-01
6.283819793388248365e-02 -1.417088823151434196e-01
1.565795520010183212e-02 -2.043843477483738291e-01
5.700425104840154550e-02 -1.500831396281493979e-01
4.598308197151922821e-02 -1.230498248577569509e-01
7.870321605623492589e-02 3.495260298852478908e-02
5.768238616233821447e-02 -2.339088678820862646e-02
7.947498721684347067e-02 4.020434755216817369e-02
4.901349199439659216e-02 1.149776639700461067e-01
6.518582759432525742e-02 1.153945459090600367e-01
8.896354130497804991e-02 9.791288426384983645e-02
8.881385820017596855e-02 1.083837984243022912e-01
9.198035200704395009e-02 1.778552041826414742e-01
8.072615061031956918e-02 1.269641777939684024e-01
5.902108467026677407e-02 1.050689025143071581e-01
1.861953564434792180e-02 1.767527663775639857e-01
-2.704077272332555334e-02 1.397918180206966232e-01
5.336836555583267076e-03 1.656803184154525266e-01
-7.409300748291716525e-03 1.355760026903220783e-01
1.352768580681288670e-02 1.511464098365605802e-01
1.531180816796796733e-02 1.598218060584582212e-01
2.200608839424673252e-02 2.249213795400059335e-01
2.975759127178706845e-02 2.104463452805165891e-01
1.337110923087636571e-02 2.162047324762939038e-01
5.309238005293524278e-03 2.067520917229949129e-01
-2.796914714740550770e-03 2.254253954717357344e-01
1.280006795961676977e-02 2.188255713272919400e-01
2.698860910587902451e-02 2.103727329721470363e-01
6.594724399139490281e-03 2.259347941983823327e-01
4.504037876734071424e-03 1.855499612738652770e-01
2.677034550610469382e-02 2.065763227659036805e-01
-2.475919875531142848e-03 1.811626469919825622e-01
5.018996587354923600e-02 1.671898947831680915e-01
5.455969226122361210e-02 1.502266506339723362e-01
3.236951486870413841e-02 1.637546364733744875e-01
5.632161301948639121e-02 1.661833897701897045e-01
-3.999503964213373813e-03 1.886843653418061317e-01
1.183308475967692272e-02 1.758832379679253766e-01
1.811793129531672972e-02 1.665495492186414017e-01
2.021898430760212667e-02 1.792030896722790201e-01
2.089891476479530455e-02 1.905592471568567647e-01
2.956303429013043202e-02 1.886030023263327859e-01
-2.159247850875344737e-02 1.630243620033866303e-01
-2.763699004454837210e-02 1.659725679490849370e-01
2.140469045640175372e-02 1.258505732773206875e-01
2.500033599862949013e-02 1.317977852957446516e-01
4.243845005659804825e-02 1.304421232201816439e-01
4.019496324444361141e-02 1.244861770994287048e-01
3.181319136858201668e-02 1.690964263971767301e-01
3.710764892746672844e-02 1.614041407334267375e-01
9.698481795949093209e-02 -6.467972194774193606e-02
1.166538999496090773e-01 -5.609842759130705125e-02
9.647332951799079959e-02 -8.069221700534520703e-02
1.461861125630764258e-01 -4.572221697892222408e-02
1.176478925522880525e-01 -4.192781885106723616e-02
1.447605388506491564e-01 -2.279814531622745971e-02
-1.280497296678765884e-01 -7.515526841728145668e-02
-1.271814046234477635e-01 -7.978681407910359624e-02
-1.645260582698898633e-01 -1.084554180633997555e-01
-9.197505978800314674e-02 -7.669745210035848471e-02
-7.864682610371699634e-02 -9.482356110333728383e-02
-1.714190377067260906e-01 -5.999843719058272490e-02
-1.429517774250814444e-01 -6.304109436583692216e-02
-1.533506255367618476e-01 -4.787982492121398842e-02
-2.078647257838283080e-01 -5.090334470780961268e-02
-2.136134213608731625e-01 -3.271921215169208697e-02
-2.023005850238470404e-01 -4.252811046928388350e-02
-2.073087451780939172e-01 -4.872551246634723721e-02
-2.064440043504726652e-01 -2.978709959824809086e-02
-2.481409711724273659e-01 -2.013022641882361574e-02
-2.392002782097139846e-01 -1.536223143465413436e-02
-2.029942668399292716e-01 -1.076406945284490331e-02
-1.270750944238407676e-01 -8.060746709907987140e-03
-1.683947221463627242e-01 5.045432127222511474e-04
-2.088361391145605594e-01 -1.674909366464783292e-02
-2.252839418322391540e-01 -1.278174494512906295e-02
-2.166560332481893558e-01 -2.033340266553784748e-02
-2.126198945769850746e-01 -2.174013821318264428e-02
-1.979795852226101105e-01 -2.142725517151125580e-02
-1.873269952640098657e-01 -1.399517459040452820e-02
-1.587355683957745733e-01 1.642922819339234786e-02
-1.826203751403912556e-01 8.259837337643896257e-03
-1.882197110979055010e-01 1.535227779285183378e-02
-1.804654585955579038e-01 2.385767603490077104e-02
-1.656653604565010152e-01 3.741255320491797265e-02
-1.723779774453915170e-01 4.559812479394400458e-02
-1.851167109801163391e-01 3.778387871315459778e-02
-1.412970855645965806e-01 4.711090690069957149e-02
-9.676539143016575639e-02 5.264592104684009954e-02
-7.895541164355726615e-02 4.639420910755419347e-02
-4.500781269635137360e-02 5.906228375443774853e-02
-3.830119959409884062e-02 4.403840173944934683e-02
-1.205146966642804407e-01 2.859989247778896987e-02
-1.268500133719707712e-01 1.710799410360833162e-02
-2.653817527451103261e-02 5.353483269394355287e-02
-2.524913822545438863e-02 5.792485131269554943e-02
5.974320084170882698e-04 4.235651123734154866e-02
7.438537347124728541e-03 4.501360308271019905e-02
-9.871884134794445612e-03 5.888019389514251994e-02
-6.861967550833537877e-02 9.314477605983534358e-02
-2.427860477466045434e-03 6.042044313629631180e-02
-7.508612020565781642e-02 3.603517556308297870e-02
-1.112691770605809261e-01 1.081336052108101964e-02
-7.208873155928935406e-02 -2.814397557107001929e-02
-6.456056938285864577e-02 -4.277408866968908374e-02
-1.038761993790862231e-01 -3.541925637140293237e-02
-3.958737703335592911e-02 -2.042938559785403840e-02
-1.411715603398658488e-02 8.983721356094383215e-03
-4.688988558898619062e-03 -3.375712354096169383e-03
-1.986851065996271537e-02 -1.399868440559968487e-02
-2.081045448246652261e-04 4.122886099020778641e-03
-5.586438599741809508e-02 2.222736687675091333e-02
8.897138905766325515e-05 3.017381330084725408e-02
1.846920395157660572e-02 4.124110167287918516e-02
1.018752424143434115e-01 -4.467312189510565940e-02
1.029830241961051523e-01 -5.481571791415983802e-02
1.843142863551858746e-01 -1.425185691844177774e-02
1.712886084452802937e-01 1.163998669659449363e-02
1.946500030812914894e-01 -2.865976798410669723e-03
1.818916275208846411e-01 1.736106957086899424e-02
2.090460551769053044e-01 1.091575816632992142e-02
1.415232147087460424e-01 3.382560618163933663e-02
1.413811529169391457e-01 6.298039558950337125e-02
1.818681683689995776e-01 8.611139107578202889e-02
1.544538267670799436e-01 9.922839534752136981e-02
1.547745947622427565e-01 1.001481027924661787e-01
1.495091732413227625e-01 1.068688069131427665e-01
1.577505428048199820e-01 1.232020958447305747e-01
1.669581111164738230e-01 1.069875065986460316e-01
1.952446854649013130e-01 7.647818084396360017e-02
1.685417526719389658e-01 1.147859277799564565e-01
1.625456943775271113e-01 1.150056907339639251e-01
1.696050616985827209e-01 1.211557668358151790e-01
1.781594226713172635e-01 1.261580266187109223e-01
1.735611830530428834e-01 1.385374715321495143e-01
1.901868120941390961e-01 1.282233636221762896e-01
1.491014653446069704e-01 8.790172031058292312e-02
1.420999242506744975e-01 1.077728253224226052e-01
1.452644771459138118e-01 1.035590544189635837e-01
1.094642457006271136e-01 1.559529222120007719e-01
5.362004518414704990e-02 1.521449571118614896e-01
9.899378441955467012e-02 1.616492390538936119e-01
1.037335359046744621e-01 1.472806185092981335e-01
9.415445122847387882e-02 1.557977398575841887e-01
1.204553047684435163e-01 1.457556960003053292e-01
8.431448862026541535e-02 1.714997666910673957e-01
9.994747722711727622e-02 1.585467047548953234e-01
1.134558210408374151e-01 1.493473917873687495e-01
7.868763700556223595e-02 1.671817429543277500e-01
7.884242470794768087e-02 1.704850063339617694e-01
8.444572012518437865e-02 1.397651757737405631e-01
6.999618944449562119e-02 1.408774475310699548e-01
8.903344647213685958e-02 1.594151333146110183e-01
6.321994290271228112e-02 1.596174021851388403e-01
6.267141539763193547e-02 1.618358641766944606e-01
4.511920161472002949e-02 1.569723666358368852e-01
6.345137720531340841e-02 1.708714418392275058e-01
5.709601735020447544e-02 1.687195660559457078e-01
3.700811574429645201e-02 1.530150936738103873e-01
5.943076582713838901e-02 1.825039204426718020e-01
5.091515192021728309e-02 1.445717528462350521e-01
6.675123105018644643e-02 1.372325060683270148e-01
1.010660504775343499e-01 1.609290573243747913e-01
3.598860338855334323e-02 3.942479980563414615e-02
-9.249293059390884149e-04 1.917879477330838855e-03
4.286352587753762544e-02 6.853043886135512519e-02
6.004936671171869772e-02 9.390061233597260526e-02
4.308976824153210039e-02 2.762899348863830443e-02
3.586953492984062963e-02 2.202409358445524615e-02
2.337026460215413728e-02 3.769606863622141507e-02
-6.501956910421444538e-03 7.520256196396641474e-03
-1.892998769420441499e-02 4.029203146984549288e-04
1.406636884637004663e-03 -2.688822515644485531e-02
2.373152648359617197e-03 -3.078032877568646214e-02
5.191708285145746338e-02 1.947841330142425706e-02
5.833189929945761798e-03 3.414550723627467893e-02
3.890078601442374141e-03 -2.554362304231246050e-02
3.851286247690938278e-03 -1.403589653380012212e-03
7.050911416060095215e-03 -1.066880951011038928e-02
4.728761073022527683e-02 1.113925672825201302e-01
5.109863600103242698e-02 1.723147943021732797e-01
4.977526746011754627e-02 1.259346535690741287e-01
3.247554040127227648e-02 1.031891101928360116e-01
8.806379290128125981e-02 1.759694532624703489e-01
9.888555271743529329e-02 1.417995228882017178e-01
1.268297502545675803e-01 1.759935593848982738e-01
1.131270435503536759e-01 1.800569484553689037e-01
5.852808664688232548e-02 1.468202989680348625e-01
1.958823493365277613e-02 1.563052494302455686e-01
6.881053828819212737e-02 1.280110796476445767e-01
1.018343926942655991e-01 1.337489966954449883e-01
1.339285051422740846e-01 1.320507507780130374e-01
1.567951355253187351e-01 1.061051746419637287e-01
1.694153052383542968e-01 1.004557890432518363e-01
1.561319777794498709e-01 3.520968320344591146e-02
1.556794477635229379e-01 9.003889692313034321e-02
1.696146368626174350e-01 6.571500421046788665e-02
1.530155983108338336e-01 4.908228437222164620e-02
1.794171204672765085e-01 2.962595541027879600e-02
1.829211517457788871e-01 3.125570655633541639e-02
1.763237213923437852e-01 4.152169603218149735e-02
1.976546507371511330e-01 4.522943569066963793e-02
1.786256684627533786e-01 6.688367239002060427e-02
1.778158683736340284e-01 6.625444177942067803e-02
1.742553048090942636e-01 7.107444996038547735e-02
1.979848256840074927e-01 6.867975319294775116e-02
2.011582808939169076e-01 5.230007647343503513e-02
1.762217717741958456e-01 4.032571275630812691e-02
1.821486300993405971e-01 2.638740364177055361e-02
1.947590046783568840e-01 -9.699621758045657779e-03
1.644341237557457869e-01 9.340676031147155181e-03
1.742889213985026053e-01 1.034938883110314047e-02
1.895674413146127557e-01 4.046590156839335178e-02
1.669631574867083135e-01 1.282924147882185013e-02
1.637660749125726956e-01 -9.926860456676171729e-03
1.530372718240205210e-01 -1.545126752076608594e-02
1.596285041996547693e-01 -9.187777482746939048e-03
1.834556011718460611e-01 -1.896073011697599342e-02
1.921856405257958145e-01 -1.457616141633463758e-03
1.820707995430314308e-01 1.760775943887137041e-02
1.926738703762791993e-01 1.328414911149389775e-02
1.650186745806540289e-01 2.489802084212480379e-02
1.776659264806147998e-01 1.257076704238080725e-02
1.797422361044875294e-01 -3.406322552263045880e-03
1.708782350299277997e-01 -1.203114832167599853e-02
1.782373826217349966e-01 -2.804321637872097400e-02
1.947811569497452933e-01 -4.704033211902886730e-02
1.831448870989196842e-01 -5.377902849050310990e-02
1.260783845448816554e-01 -7.880838111798102452e-02
8.118513739226451698e-02 -8.552531987009800996e-02
9.663656665566631998e-02 -7.862369690680882928e-02
5.352644795570775382e-02 -6.941534576079812224e-02
1.183553677803445975e-01 -7.230165603465851798e-02
4.610916359091682404e-02 -5.060005785671558426e-02
6.319082275857698661e-02 -9.696783498274016977e-02
1.032416118523912102e-01 -5.313412178364905480e-02
1.439031476083950933e-01 -8.664295501322791249e-02
1.267526831234990214e-01 -7.690678588921462389e-02
1.318292798217723383e-01 -7.510781312796077636e-02
1.162274169677387226e-01 -6.162501818097920747e-02
7.536203373308235365e-02 -4.861522986760691278e-02
6.206315310232694143e-02 -6.955173362094388412e-02
6.346420016147341636e-02 -8.011216262571003999e-02
4.667456085290291878e-02 -7.895962989149687972e-02
3.119220316269845708e-02 -5.549030115981606198e-02
4.133307500525584127e-02 -1.022206470477793200e-01
7.339693187582627121e-02 -1.291298211104028038e-01
3.663877643562648417e-02 -8.597573429234972586e-02
2.773496079385757984e-02 -2.468752250629146355e-02
6.174359494207933008e-02 -1.616297393617310146e-02
2.461016423847860179e-02 -2.180730669494505489e-02
4.010358512496641631e-02 -1.898491064101635525e-02
-1.943999619058769598e-02 -3.344399060691811282e-02
-1.537114021902967129e-02 -3.019636022426682581e-02
7.944151296095455653e-04 -3.231360367438794456e-02
7.382978751754405711e-02 -3.041712598261576972e-02
1.086948812704380957e-01 -4.530500831978413745e-02
1.457145616131886312e-01 -6.341646667481928845e-02
8.135869371009908646e-02 -7.470918869766708659e-02
7.937487499503731447e-02 -9.241312354259115236e-02
7.215002554852235905e-02 -8.097708460508327988e-02
5.773184059063640738e-02 1.672770287758839625e-01
-1.379173470319407062e-02 1.594496427233685620e-01
6.134566277026651943e-02 1.529166118177723022e-01
6.347917105983579000e-02 1.525211316643170223e-01
-2.322228464730621486e-02 1.592646867845683434e-01
3.548607548907218440e-02 1.417304911312758098e-01
4.540087964968167467e-02 1.143779999132560621e-01
4.688906393639672571e-02 1.277067317648602207e-01
6.391957037808361497e-02 1.124782873687694557e-01
2.943162001603309968e-04 1.192940961592502541e-01
-4.108251948825972222e-02 1.448669784443647190e-01
-4.270892903146233932e-02 1.733220109827488531e-01
-5.045714853349752421e-02 1.685891756127324836e-01
-7.025061061048548661e-02 1.897409329353930141e-01
-8.414443241306786281e-02 1.807492069362567899e-01
-1.223281550959895020e-01 1.424209380946435954e-01
-1.208674508830835242e-01 1.502230664171647356e-01
-1.742312245654880631e-01 1.304007041660260879e-01
-1.470366070993433250e-01 1.391186581102347442e-01
-1.478295341967042209e-01 1.355844521256121538e-01
-1.569347258896517938e-01 1.552102647258221113e-01
-1.537071839423571062e-01 1.561395085165690477e-01
-1.607642868665126179e-01 1.473561329110637808e-01
-1.568268629607418585e-01 1.312281924297879487e-01
-1.652447649065709179e-01 1.202053024112615665e-01
-1.652097896790225007e-01 9.776256712791572823e-02
-1.604496003944529403e-01 1.115134472587529235e-01
-1.582892363576484662e-01 8.074367057262092640e-02
-1.492508637823701800e-01 7.640239471456995723e-02
-1.630106462278774482e-01 2.206020909758549253e-02
-1.665089841656024472e-01 4.027678237414967360e-02
-1.584207395901954529e-01 5.417110234405007885e-02
-1.617097437390642989e-01 6.591985449346182691e-02
-1.669672463405393603e-01 3.962682606220839510e-02
-1.506149494144015666e-01 4.441522002759507037e-02
-1.373759394376848075e-01 3.079682652453005071e-02
-1.206225207749577893e-01 1.621569556571287110e-02
-1.307457076777253924e-01 -4.899110034390731505e-03
-1.419378710690924472e-01 -4.748407950983613533e-03
-1.479061743272144791e-01 1.657826594507789270e-02
-1.253603119393326415e-01 -1.290896604139531688e-02
-1.735671351820374242e-01 3.272394797606601596e-02
-1.366061221281157922e-01 6.504649601820935989e-02
-1.239709426984852703e-01 4.403537715216135351e-02
-2.367448956053535766e-02 -9.269968620515158311e-03
-5.847054508679805362e-02 -4.613542089039984577e-03
-9.927356683082565192e-02 3.070582041311501267e-02
-1.309006571227465665e-01 1.758580611092489671e-02
-1.740353477639239310e-01 6.193577107213814326e-02
-1.154431463362416282e-01 -2.747966621763481970e-02
-8.196517036670571132e-02 -2.969183318580814746e-02
-4.720259556603735585e-02 -4.998160254050741658e-02
-1.077429805712792725e-02 -2.027647734489567734e-03
-2.445790619091584364e-02 -5.886765560602139763e-03
-3.622279378566716640e-02 9.771461367127703621e-03
-2.646200096279165224e-03 -1.490712809339286328e-02
-2.561289094348653470e-02 -3.264277905175555494e-02
-2.637014408511271710e-02 -3.110394991094339590e-02
