2.260658502578735352e+00 8.186329841613769531e+00
2.393293142318725586e+00 8.269790649414062500e+00
2.300619363784790039e+00 8.158823966979980469e+00
2.047233343124389648e+00 8.143293380737304688e+00
1.945204257965087891e+00 8.069659233093261719e+00
1.828039050102233887e+00 8.152366638183593750e+00
1.425915002822875977e+00 8.311222076416015625e+00
1.490242123603820801e+00 8.451405525207519531e+00
1.848378062248229980e+00 8.736449241638183594e+00
1.792489528656005859e+00 8.773161888122558594e+00
2.049046516418457031e+00 8.954828262329101562e+00
2.150569915771484375e+00 9.118680953979492188e+00
2.284922599792480469e+00 9.180507659912109375e+00
2.396237373352050781e+00 9.064284324645996094e+00
2.130366563796997070e+00 9.325807571411132812e+00
1.689612030982971191e+00 9.390777587890625000e+00
1.750783920288085938e+00 9.714985847473144531e+00
1.625929594039916992e+00 9.711955070495605469e+00
1.439786434173583984e+00 1.002523994445800781e+01
1.278271794319152832e+00 1.023346233367919922e+01
1.697164416313171387e+00 1.041180610656738281e+01
1.463490724563598633e+00 1.027795314788818359e+01
1.564070224761962891e+00 1.071786880493164062e+01
2.005509138107299805e+00 1.073837471008300781e+01
1.912659049034118652e+00 1.055446243286132812e+01
1.713648200035095215e+00 1.083608436584472656e+01
2.172905206680297852e+00 1.089626407623291016e+01
2.258794069290161133e+00 1.057590007781982422e+01
2.372698783874511719e+00 1.081495571136474609e+01
2.546155691146850586e+00 1.060752391815185547e+01
2.570544242858886719e+00 1.120490074157714844e+01
2.857838392257690430e+00 1.156315803527832031e+01
3.099444627761840820e+00 1.145013904571533203e+01
2.770388126373291016e+00 1.175387382507324219e+01
3.116610288619995117e+00 1.207494258880615234e+01
2.987970590591430664e+00 1.177752590179443359e+01
3.485702753067016602e+00 1.208558082580566406e+01
3.383307695388793945e+00 1.186962223052978516e+01
3.369896173477172852e+00 1.214189434051513672e+01
3.808434963226318359e+00 1.190219211578369141e+01
3.794753313064575195e+00 1.187433624267578125e+01
4.468867301940917969e+00 1.168859195709228516e+01
4.699679374694824219e+00 1.161565685272216797e+01
4.879482746124267578e+00 1.183621406555175781e+01
4.806895256042480469e+00 1.142162513732910156e+01
4.494596481323242188e+00 1.153240776062011719e+01
4.402328014373779297e+00 1.134262275695800781e+01
4.109296321868896484e+00 1.163361835479736328e+01
3.905462265014648438e+00 1.133810234069824219e+01
4.300208568572998047e+00 1.141251373291015625e+01
4.054353237152099609e+00 1.130925559997558594e+01
3.468973159790039062e+00 1.154526615142822266e+01
3.577546596527099609e+00 1.139911270141601562e+01
3.254113674163818359e+00 1.124071216583251953e+01
3.719730854034423828e+00 1.115384864807128906e+01
3.854948997497558594e+00 1.083700084686279297e+01
3.486650943756103516e+00 1.084121227264404297e+01
3.857285737991333008e+00 1.076008129119873047e+01
3.758882999420166016e+00 1.049206733703613281e+01
4.119653701782226562e+00 1.039341354370117188e+01
3.867719173431396484e+00 1.023166751861572266e+01
4.162580013275146484e+00 1.019904041290283203e+01
4.447430133819580078e+00 1.043547821044921875e+01
4.628044605255126953e+00 1.029660511016845703e+01
4.801458358764648438e+00 1.071948814392089844e+01
5.210111141204833984e+00 1.053914070129394531e+01
5.046718120574951172e+00 1.055943202972412109e+01
5.094263553619384766e+00 1.069977378845214844e+01
5.255800724029541016e+00 1.045058155059814453e+01
5.330336093902587891e+00 1.077958869934082031e+01
5.565140724182128906e+00 1.100554275512695312e+01
5.918017864227294922e+00 1.097116088867187500e+01
5.949000835418701172e+00 1.070600223541259766e+01
6.025542736053466797e+00 1.084343147277832031e+01
5.835827350616455078e+00 1.113299560546875000e+01
5.951226711273193359e+00 1.114978218078613281e+01
5.819624900817871094e+00 1.120162582397460938e+01
5.477763652801513672e+00 1.076890277862548828e+01
6.012433052062988281e+00 1.064613056182861328e+01
6.086219310760498047e+00 1.032960987091064453e+01
5.799452781677246094e+00 1.003852081298828125e+01
5.375397205352783203e+00 1.000066280364990234e+01
5.964544296264648438e+00 1.001593875885009766e+01
5.523538589477539062e+00 1.037634277343750000e+01
5.924717903137207031e+00 1.015501022338867188e+01
6.127251148223876953e+00 1.004599189758300781e+01
5.917689323425292969e+00 9.465218544006347656e+00
5.728614807128906250e+00 9.111997604370117188e+00
5.670443534851074219e+00 8.852937698364257812e+00
5.328541755676269531e+00 8.924966812133789062e+00
5.315876483917236328e+00 9.324934005737304688e+00
5.394253253936767578e+00 9.158097267150878906e+00
5.476435184478759766e+00 9.418871879577636719e+00
5.511447429656982422e+00 8.949302673339843750e+00
5.635089397430419922e+00 9.409278869628906250e+00
5.762195587158203125e+00 9.269970893859863281e+00
6.115796089172363281e+00 9.492728233337402344e+00
6.282180309295654297e+00 9.244137763977050781e+00
6.224917888641357422e+00 9.301106452941894531e+00
6.198935985565185547e+00 9.267357826232910156e+00
6.190812587738037109e+00 8.776017189025878906e+00
6.075879573822021484e+00 8.546253204345703125e+00
5.958526134490966797e+00 8.286256790161132812e+00
6.139611721038818359e+00 7.607627868652343750e+00
5.763776302337646484e+00 7.457450866699218750e+00
5.662057399749755859e+00 7.165518760681152344e+00
5.973137855529785156e+00 7.282564163208007812e+00
6.404044151306152344e+00 7.627232551574707031e+00
6.721212387084960938e+00 7.572773456573486328e+00
6.670053482055664062e+00 7.367003440856933594e+00
6.698398113250732422e+00 7.415693283081054688e+00
6.801496982574462891e+00 7.251386642456054688e+00
6.649489879608154297e+00 7.390575408935546875e+00
6.480690479278564453e+00 7.313799381256103516e+00
6.731774330139160156e+00 6.786170959472656250e+00
6.356401920318603516e+00 6.578915119171142578e+00
6.345548152923583984e+00 6.579724311828613281e+00
6.692354679107666016e+00 6.524920463562011719e+00
6.548227787017822266e+00 6.699750423431396484e+00
6.338761329650878906e+00 6.905631065368652344e+00
6.550316333770751953e+00 6.276273727416992188e+00
5.795118331909179688e+00 6.895253658294677734e+00
5.956439495086669922e+00 7.214537620544433594e+00
5.844568252563476562e+00 6.602515697479248047e+00
5.976993083953857422e+00 6.767549514770507812e+00
6.221545219421386719e+00 6.400619506835937500e+00
5.864006996154785156e+00 6.444170951843261719e+00
6.013195037841796875e+00 6.090983390808105469e+00
5.864631175994873047e+00 5.876959323883056641e+00
5.703315258026123047e+00 5.974810123443603516e+00
5.577085494995117188e+00 5.767841339111328125e+00
6.088433742523193359e+00 5.688469409942626953e+00
5.616633415222167969e+00 5.419883728027343750e+00
5.308680534362792969e+00 5.409984588623046875e+00
5.575498104095458984e+00 5.297714233398437500e+00
5.419893741607666016e+00 4.738132953643798828e+00
5.115396976470947266e+00 4.411460876464843750e+00
4.917369365692138672e+00 4.005149364471435547e+00
4.965555667877197266e+00 3.821757793426513672e+00
4.685243129730224609e+00 3.615725040435791016e+00
4.680133819580078125e+00 3.563021183013916016e+00
4.673657894134521484e+00 3.288195848464965820e+00
4.778203487396240234e+00 2.881964206695556641e+00
4.693741798400878906e+00 2.879134416580200195e+00
4.480873584747314453e+00 2.941091060638427734e+00
4.585114002227783203e+00 2.792561769485473633e+00
4.235834121704101562e+00 2.713685750961303711e+00
4.064227581024169922e+00 3.067986965179443359e+00
4.022543430328369141e+00 3.010288238525390625e+00
3.422344207763671875e+00 2.815477132797241211e+00
3.682085514068603516e+00 2.826004505157470703e+00
3.647791385650634766e+00 2.853396177291870117e+00
3.440201997756958008e+00 2.658782482147216797e+00
3.305220842361450195e+00 2.397193908691406250e+00
3.496059894561767578e+00 2.314632177352905273e+00
3.823196887969970703e+00 2.171173810958862305e+00
3.901157855987548828e+00 2.381170749664306641e+00
4.033611297607421875e+00 2.187524557113647461e+00
4.093393325805664062e+00 2.117767572402954102e+00
3.861197710037231445e+00 1.887689352035522461e+00
4.011184215545654297e+00 1.884566664695739746e+00
3.710459947586059570e+00 1.730567455291748047e+00
3.100778341293334961e+00 1.572184324264526367e+00
3.204313278198242188e+00 1.772425651550292969e+00
2.851899862289428711e+00 1.974653005599975586e+00
3.044303417205810547e+00 2.030211687088012695e+00
2.914025068283081055e+00 1.829849720001220703e+00
2.810008287429809570e+00 2.230360031127929688e+00
2.843234300613403320e+00 2.358770608901977539e+00
2.760195493698120117e+00 2.511871099472045898e+00
2.413977146148681641e+00 2.319996356964111328e+00
2.323334455490112305e+00 2.551405191421508789e+00
2.076572656631469727e+00 1.905224204063415527e+00
2.033678293228149414e+00 2.024044036865234375e+00
1.812853693962097168e+00 2.152591943740844727e+00
1.708450436592102051e+00 2.091300487518310547e+00
1.956826567649841309e+00 1.766990900039672852e+00
2.068691968917846680e+00 1.850280284881591797e+00
2.180218458175659180e+00 1.498529314994812012e+00
2.305161476135253906e+00 1.077668905258178711e+00
2.289249420166015625e+00 1.132464528083801270e+00
2.439938306808471680e+00 8.839067220687866211e-01
2.583342552185058594e+00 6.686018109321594238e-01
2.600420713424682617e+00 5.833532214164733887e-01
2.240140199661254883e+00 4.365647733211517334e-01
2.663791179656982422e+00 7.483479976654052734e-01
2.352368593215942383e+00 7.673717141151428223e-01
1.782811045646667480e+00 4.178936481475830078e-01
1.442333698272705078e+00 4.534395933151245117e-01
1.349913954734802246e+00 7.229549288749694824e-01
1.705829262733459473e+00 6.617548465728759766e-01
1.477109193801879883e+00 5.000933408737182617e-01
1.171922802925109863e+00 8.696761727333068848e-01
1.166975617408752441e+00 1.021139025688171387e+00
1.256287455558776855e+00 1.187457799911499023e+00
1.185950994491577148e+00 1.394991397857666016e+00
8.455795645713806152e-01 1.080102920532226562e+00
5.552176833152770996e-01 1.099493384361267090e+00
8.212921023368835449e-01 1.032411932945251465e+00
5.535478591918945312e-01 8.064768910408020020e-01
5.437756180763244629e-01 6.543763279914855957e-01
4.118444621562957764e-01 1.449672937393188477e+00
2.623377740383148193e-01 1.359796166419982910e+00
-9.057843685150146484e-02 1.515998601913452148e+00
5.999392643570899963e-02 1.933791756629943848e+00
-1.248520836234092712e-01 1.899468302726745605e+00
-1.571852564811706543e-01 1.984660983085632324e+00
-3.785856068134307861e-01 2.103712320327758789e+00
2.412133067846298218e-01 2.334619283676147461e+00
3.823370337486267090e-01 2.352197170257568359e+00
-3.294039145112037659e-02 2.685363531112670898e+00
3.090620636940002441e-01 2.812813997268676758e+00
-5.065939426422119141e-01 2.872753381729125977e+00
-3.595586717128753662e-01 2.601512432098388672e+00
-1.802527755498886108e-01 2.948277235031127930e+00
-7.108961045742034912e-02 2.979194164276123047e+00
-4.170429110527038574e-01 3.346834659576416016e+00
-2.904227375984191895e-01 3.489492177963256836e+00
-2.278483510017395020e-01 3.234631538391113281e+00
-2.601125240325927734e-01 3.558215856552124023e+00
-4.362372457981109619e-01 3.765045404434204102e+00
-5.812761187553405762e-01 3.441804170608520508e+00
-9.941810369491577148e-01 3.078664779663085938e+00
-9.447628855705261230e-01 2.802939176559448242e+00
-1.146898865699768066e+00 2.988733530044555664e+00
-1.210550427436828613e+00 3.394453763961791992e+00
-1.252378344535827637e+00 3.661128997802734375e+00
-1.460649490356445312e+00 3.541962862014770508e+00
-1.068459272384643555e+00 3.733791351318359375e+00
-1.176463484764099121e+00 3.808604240417480469e+00
-1.355677127838134766e+00 3.873546838760375977e+00
-1.622905135154724121e+00 3.824531316757202148e+00
-1.679155945777893066e+00 4.039562702178955078e+00
-1.712138414382934570e+00 4.085854053497314453e+00
-1.635950326919555664e+00 4.437222957611083984e+00
-1.839205145835876465e+00 4.621593952178955078e+00
-1.551513791084289551e+00 4.821310520172119141e+00
-1.498326659202575684e+00 4.685336112976074219e+00
-1.500533103942871094e+00 4.381363391876220703e+00
-1.037601470947265625e+00 4.385738849639892578e+00
-1.135732173919677734e+00 4.636863231658935547e+00
-8.949267864227294922e-01 4.232289791107177734e+00
-6.332492828369140625e-01 4.234399795532226562e+00
-1.020224213600158691e+00 4.338871955871582031e+00
-7.483397126197814941e-01 4.239821434020996094e+00
-7.600065469741821289e-01 4.674114704132080078e+00
-1.175976514816284180e+00 5.072454452514648438e+00
-1.053241014480590820e+00 5.053652763366699219e+00
-5.510119795799255371e-01 4.759509086608886719e+00
-2.244320064783096313e-01 4.773548603057861328e+00
-4.769664406776428223e-01 4.860868930816650391e+00
-4.487189650535583496e-01 5.005638122558593750e+00
-8.493912816047668457e-01 5.132078647613525391e+00
-7.548157572746276855e-01 5.275741577148437500e+00
-8.156358599662780762e-01 5.254665374755859375e+00
-8.669103980064392090e-01 5.701095104217529297e+00
-6.042240858078002930e-01 5.408693790435791016e+00
-4.912480711936950684e-01 5.661790847778320312e+00
-4.468469023704528809e-01 5.577506542205810547e+00
-8.787743747234344482e-02 5.841326713562011719e+00
1.889355629682540894e-01 5.538200378417968750e+00
5.314550921320915222e-02 5.560485363006591797e+00
4.385649412870407104e-02 5.885247707366943359e+00
2.603665292263031006e-01 5.427705287933349609e+00
3.976826071739196777e-01 5.343801975250244141e+00
8.819134831428527832e-01 5.544046401977539062e+00
8.555062413215637207e-01 5.992574691772460938e+00
1.026584744453430176e+00 5.746950626373291016e+00
1.382019400596618652e+00 5.849312305450439453e+00
1.331958174705505371e+00 5.639883041381835938e+00
1.380474567413330078e+00 5.977333068847656250e+00
1.121399164199829102e+00 6.265956878662109375e+00
1.207673072814941406e+00 6.103092670440673828e+00
1.289023280143737793e+00 6.440145015716552734e+00
1.764774084091186523e+00 6.347812652587890625e+00
1.902724385261535645e+00 6.465443134307861328e+00
1.843201875686645508e+00 6.364646911621093750e+00
1.633635878562927246e+00 6.593946933746337891e+00
1.777259230613708496e+00 6.845541477203369141e+00
1.479190826416015625e+00 6.745061397552490234e+00
1.431133985519409180e+00 6.890575408935546875e+00
1.167964220046997070e+00 6.949080944061279297e+00
1.186956524848937988e+00 7.082645416259765625e+00
1.464781880378723145e+00 7.361315727233886719e+00
1.245249032974243164e+00 7.759599685668945312e+00
1.491468787193298340e+00 7.508568286895751953e+00
1.838843941688537598e+00 7.738312721252441406e+00
1.901211738586425781e+00 7.489834308624267578e+00
2.192891120910644531e+00 7.786510467529296875e+00
2.158539056777954102e+00 7.630502223968505859e+00
1.355880355834960938e+01 1.370644760131835938e+01
1.235578250885009766e+01 1.294852161407470703e+01
3.680133104324340820e+00 7.258668899536132812e+00
4.024071216583251953e+00 6.544330596923828125e+00
3.607536792755126953e+00 6.652796268463134766e+00
3.712911128997802734e+00 6.719356060028076172e+00
3.369174480438232422e+00 7.113911628723144531e+00
3.115476369857788086e+00 8.024501800537109375e+00
2.848354101181030273e+00 8.397727012634277344e+00
2.723661661148071289e+00 8.465886116027832031e+00
2.754308700561523438e+00 7.928041934967041016e+00
2.835772514343261719e+00 7.804379463195800781e+00
3.077262401580810547e+00 7.740082740783691406e+00
2.709625005722045898e+00 7.572965621948242188e+00
3.123133659362792969e+00 7.662959575653076172e+00
3.088427305221557617e+00 7.424809932708740234e+00
3.155126810073852539e+00 7.252566814422607422e+00
3.040175199508666992e+00 7.158998966217041016e+00
3.186839580535888672e+00 6.935772895812988281e+00
2.897471666336059570e+00 7.281222343444824219e+00
2.849970817565917969e+00 7.171891689300537109e+00
2.748846769332885742e+00 7.013994216918945312e+00
2.719715356826782227e+00 6.708594322204589844e+00
2.520649909973144531e+00 6.425456047058105469e+00
2.615647554397583008e+00 6.195099353790283203e+00
2.962679862976074219e+00 6.380908489227294922e+00
3.243720531463623047e+00 6.483562469482421875e+00
3.259379148483276367e+00 6.145742416381835938e+00
3.534098625183105469e+00 6.087112426757812500e+00
3.499257326126098633e+00 5.812691688537597656e+00
3.770618200302124023e+00 5.885943412780761719e+00
4.016578674316406250e+00 5.623133182525634766e+00
4.214063167572021484e+00 5.215006828308105469e+00
4.827555179595947266e+00 4.813307285308837891e+00
4.739652156829833984e+00 5.021641731262207031e+00
4.417472839355468750e+00 5.020189285278320312e+00
4.441869258880615234e+00 5.232705593109130859e+00
4.725358009338378906e+00 5.589092254638671875e+00
4.892655849456787109e+00 5.250789642333984375e+00
4.928363800048828125e+00 5.543871879577636719e+00
5.139096260070800781e+00 5.342644214630126953e+00
5.438705921173095703e+00 5.030271053314208984e+00
5.646882057189941406e+00 4.710660457611083984e+00
5.971898555755615234e+00 4.643280506134033203e+00
6.280227661132812500e+00 4.950389385223388672e+00
6.168824195861816406e+00 4.575056076049804688e+00
6.355642795562744141e+00 4.388017654418945312e+00
6.511870861053466797e+00 4.632201194763183594e+00
6.764718532562255859e+00 4.589091300964355469e+00
7.009632587432861328e+00 4.624300479888916016e+00
7.452693462371826172e+00 4.439971923828125000e+00
7.692811012268066406e+00 4.360028266906738281e+00
7.714390277862548828e+00 4.248818874359130859e+00
7.877555847167968750e+00 4.630051612854003906e+00
7.929037570953369141e+00 4.254334449768066406e+00
7.907426357269287109e+00 4.776310920715332031e+00
8.314566612243652344e+00 4.810553073883056641e+00
8.493128776550292969e+00 4.378064632415771484e+00
8.626368522644042969e+00 4.699919223785400391e+00
8.528938293457031250e+00 4.659664154052734375e+00
8.342419624328613281e+00 4.583125591278076172e+00
8.506723403930664062e+00 4.173544883728027344e+00
8.936313629150390625e+00 4.556722640991210938e+00
8.883419990539550781e+00 4.340933799743652344e+00
8.829526901245117188e+00 4.162061214447021484e+00
8.635752677917480469e+00 3.954439640045166016e+00
8.914432525634765625e+00 3.801414251327514648e+00
9.032788276672363281e+00 3.311418056488037109e+00
9.354061126708984375e+00 3.302651882171630859e+00
9.256087303161621094e+00 2.624675750732421875e+00
9.162390708923339844e+00 2.790590524673461914e+00
8.643590927124023438e+00 2.527208566665649414e+00
8.736629486083984375e+00 2.573283433914184570e+00
8.504352569580078125e+00 2.674239158630371094e+00
9.316733360290527344e+00 2.533635377883911133e+00
8.912113189697265625e+00 2.819330453872680664e+00
9.201932907104492188e+00 3.001447439193725586e+00
9.441492080688476562e+00 3.213969469070434570e+00
9.829705238342285156e+00 2.972711086273193359e+00
1.010732460021972656e+01 2.949351787567138672e+00
1.027506732940673828e+01 3.270697832107543945e+00
1.047235393524169922e+01 2.714564323425292969e+00
1.054216289520263672e+01 2.423191547393798828e+00
1.054145526885986328e+01 2.354526281356811523e+00
1.059622573852539062e+01 2.015611410140991211e+00
1.071140193939208984e+01 1.738677978515625000e+00
1.029984855651855469e+01 1.854434490203857422e+00
1.071468925476074219e+01 1.384812712669372559e+00
1.041527175903320312e+01 1.343764781951904297e+00
1.059176063537597656e+01 1.220809221267700195e+00
1.084385585784912109e+01 1.424003362655639648e+00
1.032687187194824219e+01 1.407238483428955078e+00
1.049732303619384766e+01 8.327519893646240234e-01
1.058215427398681641e+01 7.166048884391784668e-01
1.067054176330566406e+01 3.231814503669738770e-01
1.049198627471923828e+01 4.348089694976806641e-01
1.065386486053466797e+01 1.884627640247344971e-01
1.069174385070800781e+01 -3.507987856864929199e-01
1.068734359741210938e+01 -4.401946663856506348e-01
1.075940418243408203e+01 -1.007525205612182617e+00
1.069975948333740234e+01 -1.430332422256469727e+00
1.073704242706298828e+01 -1.655686020851135254e+00
1.109677791595458984e+01 -1.949951529502868652e+00
1.099015045166015625e+01 -1.911269903182983398e+00
1.057476902008056641e+01 -1.801576256752014160e+00
1.051271533966064453e+01 -1.767755389213562012e+00
1.043342494964599609e+01 -2.380450248718261719e+00
1.046529579162597656e+01 -2.388815402984619141e+00
1.064813804626464844e+01 -2.640284776687622070e+00
1.086352825164794922e+01 -2.688962459564208984e+00
1.067834377288818359e+01 -2.543595790863037109e+00
1.102200889587402344e+01 -2.374185562133789062e+00
1.088349246978759766e+01 -2.449677467346191406e+00
1.077440547943115234e+01 -2.995484113693237305e+00
1.092165470123291016e+01 -3.215639829635620117e+00
1.093031978607177734e+01 -3.542618989944458008e+00
1.080566596984863281e+01 -3.779720306396484375e+00
1.065769672393798828e+01 -4.177115917205810547e+00
1.111662197113037109e+01 -5.052464962005615234e+00
1.101421833038330078e+01 -5.396944999694824219e+00
1.126460647583007812e+01 -5.363276481628417969e+00
1.095619678497314453e+01 -5.532125949859619141e+00
1.089754390716552734e+01 -5.516796112060546875e+00
1.127046680450439453e+01 -5.333182811737060547e+00
1.156221771240234375e+01 -5.063806533813476562e+00
1.144769763946533203e+01 -4.979692935943603516e+00
1.131718349456787109e+01 -4.874405384063720703e+00
1.127385234832763672e+01 -4.453150272369384766e+00
1.112393093109130859e+01 -4.023824691772460938e+00
1.145114612579345703e+01 -4.197949409484863281e+00
1.128823471069335938e+01 -4.588074684143066406e+00
1.107550811767578125e+01 -4.646682262420654297e+00
1.077884197235107422e+01 -4.478704929351806641e+00
1.076240062713623047e+01 -4.584401607513427734e+00
1.026989364624023438e+01 -4.911959171295166016e+00
9.671799659729003906e+00 -5.481141567230224609e+00
9.341190338134765625e+00 -5.886970996856689453e+00
8.831139564514160156e+00 2.258652210235595703e+00
8.986929893493652344e+00 2.145635604858398438e+00
8.966032981872558594e+00 2.737636089324951172e+00
9.098101615905761719e+00 2.623601675033569336e+00
9.384611129760742188e+00 2.619147062301635742e+00
9.310693740844726562e+00 3.055823564529418945e+00
9.706669807434082031e+00 3.641484260559082031e+00
9.834002494812011719e+00 3.891159057617187500e+00
9.695124626159667969e+00 4.266767978668212891e+00
1.026792430877685547e+01 4.306551456451416016e+00
1.014894676208496094e+01 4.300181865692138672e+00
1.060321044921875000e+01 4.674009799957275391e+00
1.037667369842529297e+01 4.667295455932617188e+00
1.065631198883056641e+01 4.390711784362792969e+00
1.031296348571777344e+01 4.541489601135253906e+00
1.053122615814208984e+01 4.363984584808349609e+00
1.070123291015625000e+01 4.100608825683593750e+00
1.069711589813232422e+01 4.159151077270507812e+00
1.065019893646240234e+01 4.614590644836425781e+00
1.003786659240722656e+01 4.777595520019531250e+00
9.994345664978027344e+00 5.043905735015869141e+00
9.793439865112304688e+00 5.053048610687255859e+00
1.045772171020507812e+01 5.725852012634277344e+00
1.052260208129882812e+01 5.797184467315673828e+00
1.044222736358642578e+01 6.102800369262695312e+00
1.051323223114013672e+01 6.411476135253906250e+00
1.081713676452636719e+01 6.297026157379150391e+00
1.079089164733886719e+01 6.450901031494140625e+00
1.109221458435058594e+01 6.614001750946044922e+00
1.094472599029541016e+01 6.962003707885742188e+00
1.114795780181884766e+01 6.878493785858154297e+00
1.084751319885253906e+01 7.078358173370361328e+00
1.078290748596191406e+01 7.158390998840332031e+00
1.061857318878173828e+01 7.197123527526855469e+00
1.047021579742431641e+01 6.961794853210449219e+00
1.093971729278564453e+01 6.672512531280517578e+00
1.022177314758300781e+01 6.763261318206787109e+00
9.995911598205566406e+00 6.682040691375732422e+00
1.035376167297363281e+01 6.849862098693847656e+00
1.043108749389648438e+01 7.104324817657470703e+00
1.022884273529052734e+01 7.348228931427001953e+00
1.053456687927246094e+01 7.529397487640380859e+00
1.058131885528564453e+01 7.903130531311035156e+00
1.069941043853759766e+01 8.235040664672851562e+00
1.058182144165039062e+01 8.056608200073242188e+00
1.068962669372558594e+01 9.062554359436035156e+00
1.070488929748535156e+01 1.016827774047851562e+01
1.085017776489257812e+01 1.060341835021972656e+01
1.095394611358642578e+01 1.092181396484375000e+01
1.090597724914550781e+01 1.082204914093017578e+01
1.052271461486816406e+01 1.076269340515136719e+01
1.102786731719970703e+01 1.074159908294677734e+01
1.058281421661376953e+01 1.042479419708251953e+01
1.064181900024414062e+01 1.043796443939208984e+01
1.081806659698486328e+01 1.086023521423339844e+01
1.059516239166259766e+01 1.096450901031494141e+01
1.057872962951660156e+01 1.125581645965576172e+01
1.035826396942138672e+01 1.139158439636230469e+01
1.058944702148437500e+01 1.166329479217529297e+01
1.028783321380615234e+01 1.153842926025390625e+01
1.028898429870605469e+01 1.171145439147949219e+01
1.061599731445312500e+01 1.185802078247070312e+01
1.063347244262695312e+01 1.220202922821044922e+01
1.034623908996582031e+01 1.266096782684326172e+01
1.055304431915283203e+01 1.286138534545898438e+01
1.037487506866455078e+01 1.304314231872558594e+01
1.032182407379150391e+01 1.306352233886718750e+01
1.091390228271484375e+01 1.267727470397949219e+01
1.123176574707031250e+01 1.272555446624755859e+01
1.099872875213623047e+01 1.293578338623046875e+01
1.107816600799560547e+01 1.287347888946533203e+01
1.063709163665771484e+01 1.302496528625488281e+01
1.075893688201904297e+01 1.339130115509033203e+01
1.085683917999267578e+01 1.341267871856689453e+01
1.084827804565429688e+01 1.356988906860351562e+01
1.081850337982177734e+01 1.401792526245117188e+01
1.082826232910156250e+01 1.422830390930175781e+01
1.106970405578613281e+01 1.449071502685546875e+01
1.110473346710205078e+01 1.497528266906738281e+01
9.310551643371582031e+00 -6.155428409576416016e+00
9.047646522521972656e+00 -6.023164272308349609e+00
9.589792251586914062e+00 -6.257703304290771484e+00
9.711999893188476562e+00 -5.882231712341308594e+00
9.685020446777343750e+00 -5.743779659271240234e+00
9.924131393432617188e+00 -5.790903091430664062e+00
1.011006546020507812e+01 -5.538018226623535156e+00
1.031086540222167969e+01 -6.018524646759033203e+00
1.086720180511474609e+01 -6.314753532409667969e+00
1.100055694580078125e+01 -6.343409538269042969e+00
1.123109149932861328e+01 -6.275841236114501953e+00
1.129190921783447266e+01 -6.131089210510253906e+00
1.134771156311035156e+01 -6.313253402709960938e+00
1.139691925048828125e+01 -6.148283958435058594e+00
1.163068866729736328e+01 -6.235911846160888672e+00
1.153699016571044922e+01 -6.576895236968994141e+00
1.168739128112792969e+01 -7.140937328338623047e+00
1.168765926361083984e+01 -7.332397937774658203e+00
1.188367271423339844e+01 -7.428904533386230469e+00
1.196467018127441406e+01 -7.201676845550537109e+00
1.210766124725341797e+01 -7.267355442047119141e+00
1.237527084350585938e+01 -7.068281650543212891e+00
1.246107101440429688e+01 -7.113434314727783203e+00
1.249238204956054688e+01 -6.821770668029785156e+00
1.201192855834960938e+01 -6.610687732696533203e+00
1.234494972229003906e+01 -6.925977706909179688e+00
1.236096382141113281e+01 -6.523061275482177734e+00
1.278100681304931641e+01 -6.339893341064453125e+00
1.281729698181152344e+01 -6.449371814727783203e+00
1.308152389526367188e+01 -6.628588676452636719e+00
1.334759426116943359e+01 -6.917297840118408203e+00
1.348688030242919922e+01 -6.484623432159423828e+00
1.374621009826660156e+01 -6.446345329284667969e+00
1.376615524291992188e+01 -6.239550113677978516e+00
1.358413982391357422e+01 -6.401075363159179688e+00
1.384509086608886719e+01 -6.296079158782958984e+00
1.401611995697021484e+01 -6.636566638946533203e+00
1.437887573242187500e+01 -6.734233856201171875e+00
1.432028102874755859e+01 -7.009779930114746094e+00
1.390065956115722656e+01 -7.071466445922851562e+00
1.393960094451904297e+01 -7.317250728607177734e+00
1.429666614532470703e+01 -7.436203479766845703e+00
1.388430213928222656e+01 -7.429085254669189453e+00
1.370855522155761719e+01 -7.667393684387207031e+00
1.408281421661376953e+01 -7.508964061737060547e+00
1.402911853790283203e+01 -7.196113109588623047e+00
1.381561279296875000e+01 -7.463664531707763672e+00
1.453722476959228516e+01 -7.393016338348388672e+00
1.452937316894531250e+01 -7.353863239288330078e+00
1.470929908752441406e+01 -6.813858985900878906e+00
1.448462486267089844e+01 -6.990691661834716797e+00
1.495559501647949219e+01 -6.955857276916503906e+00
1.480289649963378906e+01 -6.277417659759521484e+00
1.491488075256347656e+01 -5.785608768463134766e+00
1.463282585144042969e+01 -5.773836612701416016e+00
1.474838161468505859e+01 -5.995405197143554688e+00
1.489509677886962891e+01 -5.923958778381347656e+00
1.495632648468017578e+01 -6.109202384948730469e+00
1.511480903625488281e+01 -6.089815616607666016e+00
1.520333099365234375e+01 -6.530829906463623047e+00
1.525930500030517578e+01 -6.470301151275634766e+00
1.589971160888671875e+01 -6.486969470977783203e+00
1.662910461425781250e+01 -6.670739650726318359e+00
1.650632095336914062e+01 -7.069364547729492188e+00
1.623230934143066406e+01 -7.077775001525878906e+00
1.665289306640625000e+01 -7.441177845001220703e+00
1.649444961547851562e+01 -7.445669174194335938e+00
1.620778274536132812e+01 -7.474724292755126953e+00
1.637495613098144531e+01 -7.467774868011474609e+00
1.651102638244628906e+01 -7.581894397735595703e+00
1.677546501159667969e+01 -7.609833717346191406e+00
1.668364524841308594e+01 -7.296637535095214844e+00
1.701955986022949219e+01 -7.299399852752685547e+00
1.699183273315429688e+01 -6.764668464660644531e+00
1.687147521972656250e+01 -6.767217159271240234e+00
1.677137184143066406e+01 -6.677887916564941406e+00
1.682164382934570312e+01 -6.882543087005615234e+00
1.620688629150390625e+01 -6.886945247650146484e+00
1.625585556030273438e+01 -6.708618164062500000e+00
1.593756771087646484e+01 -6.609130382537841797e+00
1.613515663146972656e+01 -6.156421661376953125e+00
1.583138084411621094e+01 -5.922545909881591797e+00
1.570601081848144531e+01 -6.278355121612548828e+00
1.598057460784912109e+01 -6.129449844360351562e+00
1.566677188873291016e+01 -6.512715339660644531e+00
1.587221336364746094e+01 -6.332069873809814453e+00
1.607956695556640625e+01 -6.105235099792480469e+00
9.369791984558105469e+00 -6.053169727325439453e+00
9.773456573486328125e+00 -6.317291736602783203e+00
9.545480728149414062e+00 -6.470656394958496094e+00
9.809382438659667969e+00 -6.551899909973144531e+00
1.029098701477050781e+01 -6.930335044860839844e+00
1.018737125396728516e+01 -6.995986461639404297e+00
1.047346305847167969e+01 -7.162615776062011719e+00
1.044937896728515625e+01 -7.381085395812988281e+00
1.063837146759033203e+01 -7.383751392364501953e+00
1.044688701629638672e+01 -7.702599048614501953e+00
1.061476421356201172e+01 -8.043133735656738281e+00
1.106907081604003906e+01 -7.857220649719238281e+00
1.084910106658935547e+01 -7.785314559936523438e+00
1.117020797729492188e+01 -7.486411094665527344e+00
1.108575916290283203e+01 -7.320190906524658203e+00
1.081377887725830078e+01 -7.489034652709960938e+00
1.077607822418212891e+01 -8.289289474487304688e+00
1.041846656799316406e+01 -8.613808631896972656e+00
1.060063171386718750e+01 -8.881150245666503906e+00
1.068149662017822266e+01 -9.060471534729003906e+00
1.051527976989746094e+01 -9.022003173828125000e+00
1.061375904083251953e+01 -9.286234855651855469e+00
1.054948997497558594e+01 -8.880259513854980469e+00
1.009581851959228516e+01 -8.952544212341308594e+00
9.960115432739257812e+00 -8.942168235778808594e+00
9.830437660217285156e+00 -8.773213386535644531e+00
1.000533008575439453e+01 -8.860503196716308594e+00
1.015202522277832031e+01 -9.113615036010742188e+00
9.862990379333496094e+00 -9.395026206970214844e+00
1.018123722076416016e+01 -9.623211860656738281e+00
9.944837570190429688e+00 -9.994050025939941406e+00
9.735137939453125000e+00 -9.934513092041015625e+00
9.443372726440429688e+00 -1.016900157928466797e+01
9.107473373413085938e+00 -1.000985431671142578e+01
9.389255523681640625e+00 -9.610116004943847656e+00
9.221550941467285156e+00 -9.662663459777832031e+00
9.216747283935546875e+00 -9.783270835876464844e+00
9.677435874938964844e+00 -9.916957855224609375e+00
9.338186264038085938e+00 -1.028748512268066406e+01
9.581998825073242188e+00 -1.041525077819824219e+01
9.250444412231445312e+00 -1.061639404296875000e+01
9.645950317382812500e+00 -1.078408336639404297e+01
9.189911842346191406e+00 -1.092438125610351562e+01
9.309136390686035156e+00 -1.101882839202880859e+01
9.249229431152343750e+00 -1.113453865051269531e+01
9.410875320434570312e+00 -1.136380195617675781e+01
9.482575416564941406e+00 -1.134282875061035156e+01
9.447281837463378906e+00 -1.161584758758544922e+01
9.133049964904785156e+00 -1.172289085388183594e+01
9.109138488769531250e+00 -1.193316650390625000e+01
8.895460128784179688e+00 -1.183965682983398438e+01
8.787464141845703125e+00 -1.093229770660400391e+01
8.387056350708007812e+00 -1.061409187316894531e+01
8.242090225219726562e+00 -1.062410068511962891e+01
8.063455581665039062e+00 -1.083274555206298828e+01
8.049509048461914062e+00 -1.084583950042724609e+01
8.475617408752441406e+00 -1.112935638427734375e+01
8.581803321838378906e+00 -1.149019527435302734e+01
8.594118118286132812e+00 -1.148450279235839844e+01
8.341368675231933594e+00 -1.119705009460449219e+01
8.066907882690429688e+00 -1.135607624053955078e+01
8.221291542053222656e+00 -1.142423534393310547e+01
8.676624298095703125e+00 -1.161164474487304688e+01
8.507268905639648438e+00 -1.192516040802001953e+01
8.133147239685058594e+00 -1.184708404541015625e+01
7.924357414245605469e+00 -1.179371929168701172e+01
8.284476280212402344e+00 -1.211230564117431641e+01
8.377836227416992188e+00 -1.211691093444824219e+01
8.714282989501953125e+00 -1.201078987121582031e+01
8.317796707153320312e+00 -1.163661575317382812e+01
1.087875652313232422e+01 1.470685863494873047e+01
1.121200656890869141e+01 1.464993762969970703e+01
1.098853206634521484e+01 1.479539012908935547e+01
1.125100994110107422e+01 1.431601142883300781e+01
1.180144882202148438e+01 1.428155517578125000e+01
1.232193374633789062e+01 1.397228145599365234e+01
1.186966705322265625e+01 1.383477878570556641e+01
1.165194129943847656e+01 1.367622852325439453e+01
1.174904251098632812e+01 1.342175292968750000e+01
1.204882717132568359e+01 1.379562664031982422e+01
1.225506877899169922e+01 1.401644706726074219e+01
1.219454097747802734e+01 1.408959770202636719e+01
1.263583946228027344e+01 1.476250934600830078e+01
1.277450656890869141e+01 1.459369373321533203e+01
1.254815673828125000e+01 1.488287353515625000e+01
1.259908962249755859e+01 1.482476520538330078e+01
1.292956447601318359e+01 1.444177150726318359e+01
1.312575817108154297e+01 1.492051315307617188e+01
1.296878528594970703e+01 1.485877895355224609e+01
1.336538314819335938e+01 1.449296188354492188e+01
1.365094852447509766e+01 1.449869155883789062e+01
1.371542263031005859e+01 1.433632373809814453e+01
1.386349868774414062e+01 1.391328620910644531e+01
1.391249561309814453e+01 1.381488418579101562e+01
1.421532726287841797e+01 1.361140155792236328e+01
1.407446861267089844e+01 1.401688575744628906e+01
1.423368072509765625e+01 1.373475074768066406e+01
1.434508800506591797e+01 1.380063724517822266e+01
1.439653205871582031e+01 1.414890003204345703e+01
1.470409774780273438e+01 1.432618999481201172e+01
1.463028144836425781e+01 1.471152973175048828e+01
1.467478370666503906e+01 1.490582370758056641e+01
1.424725246429443359e+01 1.502866554260253906e+01
1.447596168518066406e+01 1.508047580718994141e+01
1.387811470031738281e+01 1.540941619873046875e+01
1.408120250701904297e+01 1.552150154113769531e+01
1.413037681579589844e+01 1.538918972015380859e+01
1.400698661804199219e+01 1.553612327575683594e+01
1.406780529022216797e+01 1.587734794616699219e+01
1.434976291656494141e+01 1.597805500030517578e+01
1.464697074890136719e+01 1.590108871459960938e+01
1.478568744659423828e+01 1.615194320678710938e+01
1.488909626007080078e+01 1.586798477172851562e+01
1.503730010986328125e+01 1.589319801330566406e+01
1.502520465850830078e+01 1.593949222564697266e+01
1.514580917358398438e+01 1.552682781219482422e+01
1.514167976379394531e+01 1.547012519836425781e+01
1.507398605346679688e+01 1.548473739624023438e+01
1.536895847320556641e+01 1.535005474090576172e+01
1.534403514862060547e+01 1.507241821289062500e+01
1.551970577239990234e+01 1.509503459930419922e+01
1.548927688598632812e+01 1.517518711090087891e+01
1.573561286926269531e+01 1.510595130920410156e+01
1.597304534912109375e+01 1.515687084197998047e+01
1.611523246765136719e+01 1.534141540527343750e+01
1.605714225769042969e+01 1.471496391296386719e+01
1.596943759918212891e+01 1.442823123931884766e+01
1.634554672241210938e+01 1.451187515258789062e+01
1.606976509094238281e+01 1.442796897888183594e+01
1.605054664611816406e+01 1.430559730529785156e+01
1.605174446105957031e+01 1.395906066894531250e+01
1.589038467407226562e+01 1.433320903778076172e+01
1.572274875640869141e+01 1.447755813598632812e+01
1.600446701049804688e+01 1.418669986724853516e+01
1.561676979064941406e+01 1.414813899993896484e+01
1.525434112548828125e+01 1.399402809143066406e+01
1.525016021728515625e+01 1.386429309844970703e+01
1.511533069610595703e+01 1.380259227752685547e+01
1.526329708099365234e+01 1.384187030792236328e+01
1.550034523010253906e+01 1.391037750244140625e+01
1.572269153594970703e+01 1.417487049102783203e+01
1.514093685150146484e+01 1.457630348205566406e+01
1.530890464782714844e+01 1.469458007812500000e+01
1.510459709167480469e+01 1.461103630065917969e+01
1.097091007232666016e+01 1.475761318206787109e+01
1.072575569152832031e+01 1.483117771148681641e+01
1.036210155487060547e+01 1.464266300201416016e+01
1.045910263061523438e+01 1.453744792938232422e+01
1.016741943359375000e+01 1.417902374267578125e+01
1.026559352874755859e+01 1.426571941375732422e+01
1.030629920959472656e+01 1.405566120147705078e+01
9.886465072631835938e+00 1.392780685424804688e+01
1.029224586486816406e+01 1.360111999511718750e+01
1.039668560028076172e+01 1.373686599731445312e+01
9.985420227050781250e+00 1.366337013244628906e+01
1.010614585876464844e+01 1.380958080291748047e+01
9.690909385681152344e+00 1.365383338928222656e+01
9.849094390869140625e+00 1.395985984802246094e+01
9.330742835998535156e+00 1.409323501586914062e+01
9.700413703918457031e+00 1.454376792907714844e+01
9.336111068725585938e+00 1.457853126525878906e+01
9.308584213256835938e+00 1.444818115234375000e+01
8.979976654052734375e+00 1.483665943145751953e+01
8.816596031188964844e+00 1.436688995361328125e+01
8.517149925231933594e+00 1.475314617156982422e+01
8.702616691589355469e+00 1.455536651611328125e+01
8.406380653381347656e+00 1.411647987365722656e+01
8.381724357604980469e+00 1.452728176116943359e+01
8.087582588195800781e+00 1.443206787109375000e+01
7.829615116119384766e+00 1.487921142578125000e+01
7.829742908477783203e+00 1.529294013977050781e+01
7.957856178283691406e+00 1.511352634429931641e+01
7.852307319641113281e+00 1.520607471466064453e+01
7.497566699981689453e+00 1.555056285858154297e+01
7.669319152832031250e+00 1.571636676788330078e+01
8.020648956298828125e+00 1.540442180633544922e+01
8.325859069824218750e+00 1.580431175231933594e+01
8.494288444519042969e+00 1.525588226318359375e+01
8.686545372009277344e+00 1.556796264648437500e+01
8.050400733947753906e+00 1.581219291687011719e+01
8.039412498474121094e+00 1.583661842346191406e+01
8.303802490234375000e+00 1.555294513702392578e+01
7.648474216461181641e+00 1.580489349365234375e+01
7.865057945251464844e+00 1.599671649932861328e+01
7.852696895599365234e+00 1.602561569213867188e+01
7.993260860443115234e+00 1.619633102416992188e+01
8.403720855712890625e+00 1.625663566589355469e+01
8.347612380981445312e+00 1.656201744079589844e+01
8.480119705200195312e+00 1.670914459228515625e+01
8.364179611206054688e+00 1.684901237487792969e+01
8.545735359191894531e+00 1.701178932189941406e+01
8.657773971557617188e+00 1.688325309753417969e+01
8.991411209106445312e+00 1.695531654357910156e+01
8.852243423461914062e+00 1.701273727416992188e+01
9.190039634704589844e+00 1.668255805969238281e+01
8.766520500183105469e+00 1.656023597717285156e+01
8.708288192749023438e+00 1.658683013916015625e+01
9.157341957092285156e+00 1.620913124084472656e+01
9.097672462463378906e+00 1.630093955993652344e+01
9.126790046691894531e+00 1.612661552429199219e+01
8.898806571960449219e+00 1.591969299316406250e+01
