2.628131866455078125e+00 2.449109554290771484e+00
2.314357757568359375e+00 2.402216911315917969e+00
2.433468103408813477e+00 2.219719886779785156e+00
1.977355241775512695e+00 2.002977609634399414e+00
1.903589487075805664e+00 2.473072052001953125e+00
2.095499992370605469e+00 2.279486179351806641e+00
1.821253061294555664e+00 2.498864889144897461e+00
1.852985739707946777e+00 2.327000617980957031e+00
1.424072623252868652e+00 2.468139648437500000e+00
1.414123296737670898e+00 3.020196914672851562e+00
1.494359970092773438e+00 2.910145759582519531e+00
1.355655908584594727e+00 3.010379552841186523e+00
1.177213311195373535e+00 2.708867073059082031e+00
1.182219028472900391e+00 2.544281482696533203e+00
1.277540206909179688e+00 2.394111394882202148e+00
1.428808689117431641e+00 2.230227708816528320e+00
1.210400819778442383e+00 1.983656883239746094e+00
1.542289972305297852e+00 1.599253058433532715e+00
1.358015537261962891e+00 1.491866707801818848e+00
1.083269834518432617e+00 1.637470245361328125e+00
8.965725898742675781e-01 1.640701413154602051e+00
9.183782935142517090e-01 1.972516536712646484e+00
6.436769962310791016e-01 2.010731697082519531e+00
4.408679604530334473e-01 1.855899930000305176e+00
5.377511978149414062e-01 1.423415541648864746e+00
7.862240076065063477e-01 1.350901365280151367e+00
6.369943618774414062e-01 1.310745000839233398e+00
3.354126811027526855e-01 9.720239043235778809e-01
4.063235521316528320e-01 8.975228071212768555e-01
4.985305368900299072e-01 8.212658166885375977e-01
5.594222545623779297e-01 5.243532061576843262e-01
6.133943200111389160e-01 5.221991539001464844e-01
8.847731351852416992e-01 2.798751294612884521e-01
9.172107577323913574e-01 7.047006487846374512e-01
8.734450340270996094e-01 7.263197898864746094e-01
1.045351266860961914e+00 5.202504396438598633e-01
1.367790937423706055e+00 9.388340115547180176e-01
1.288319468498229980e+00 8.043738603591918945e-01
1.619250416755676270e+00 9.053086638450622559e-01
1.259492516517639160e+00 6.512778401374816895e-01
1.567240118980407715e+00 8.652783632278442383e-01
1.603300213813781738e+00 5.088090300559997559e-01
1.426629185676574707e+00 4.006726443767547607e-01
1.535911917686462402e+00 1.605521440505981445e-01
1.687403321266174316e+00 -2.293801456689834595e-01
1.504236698150634766e+00 -4.510455206036567688e-02
1.832701683044433594e+00 -1.013012677431106567e-01
2.003247261047363281e+00 7.057280093431472778e-02
2.486448764801025391e+00 3.638259172439575195e-01
2.310400009155273438e+00 5.249767899513244629e-01
2.273465156555175781e+00 7.596293687820434570e-01
2.191465377807617188e+00 4.269835352897644043e-01
2.189190626144409180e+00 3.070825934410095215e-01
2.288718938827514648e+00 1.178034394979476929e-01
2.592624664306640625e+00 5.182492733001708984e-01
2.848683118820190430e+00 4.512612521648406982e-01
3.028687953948974609e+00 5.750290751457214355e-01
3.497173070907592773e+00 1.631250381469726562e-01
3.642614603042602539e+00 -1.866404712200164795e-01
3.797626495361328125e+00 -4.235417395830154419e-02
3.369769096374511719e+00 3.602086305618286133e-01
3.670258283615112305e+00 5.417414307594299316e-01
3.309797286987304688e+00 3.463025093078613281e-01
3.576983213424682617e+00 5.221249461174011230e-01
3.699506998062133789e+00 9.070489406585693359e-01
3.759438037872314453e+00 7.314521074295043945e-01
3.802645921707153320e+00 6.880263686180114746e-01
3.343047380447387695e+00 2.079088836908340454e-01
2.910510301589965820e+00 -1.929493546485900879e-01
2.617094516754150391e+00 7.492620497941970825e-03
3.061577796936035156e+00 -3.299208879470825195e-01
2.974493265151977539e+00 -5.263209939002990723e-01
3.328897476196289062e+00 -6.767772436141967773e-01
3.399936676025390625e+00 -2.529235184192657471e-01
3.204829454421997070e+00 -3.663345873355865479e-01
2.680326938629150391e+00 -4.913864433765411377e-01
2.790875673294067383e+00 -4.589291214942932129e-01
2.307218551635742188e+00 -8.953946232795715332e-01
2.261929035186767578e+00 -7.249560356140136719e-01
2.100700616836547852e+00 -8.645940423011779785e-01
2.074029207229614258e+00 -8.494895100593566895e-01
2.366158723831176758e+00 -5.304524302482604980e-01
2.602003574371337891e+00 7.793052494525909424e-02
2.673811435699462891e+00 5.356928706169128418e-01
2.881555557250976562e+00 8.489623665809631348e-01
3.324386596679687500e+00 1.091170668601989746e+00
3.435489177703857422e+00 1.374875664710998535e+00
3.700867176055908203e+00 1.709040045738220215e+00
3.868537902832031250e+00 1.913818597793579102e+00
3.937119483947753906e+00 2.060230970382690430e+00
3.752815485000610352e+00 2.163111448287963867e+00
3.504986286163330078e+00 2.377176284790039062e+00
3.628306627273559570e+00 2.497817993164062500e+00
3.293836116790771484e+00 2.802165031433105469e+00
3.372802019119262695e+00 2.993958234786987305e+00
3.809423685073852539e+00 2.646188735961914062e+00
3.556047439575195312e+00 2.650451660156250000e+00
4.287344932556152344e+00 3.104314327239990234e+00
4.193289756774902344e+00 3.340751886367797852e+00
3.952687978744506836e+00 3.062419176101684570e+00
4.142649650573730469e+00 3.152375698089599609e+00
4.273885726928710938e+00 2.880803823471069336e+00
4.101200103759765625e+00 2.583199262619018555e+00
4.482257843017578125e+00 2.353536605834960938e+00
4.487155914306640625e+00 2.538086652755737305e+00
4.749267101287841797e+00 2.999861001968383789e+00
4.900024414062500000e+00 2.810184955596923828e+00
4.845998764038085938e+00 3.109941482543945312e+00
4.705310821533203125e+00 3.120180606842041016e+00
5.249283313751220703e+00 3.352989673614501953e+00
5.377628803253173828e+00 3.872309207916259766e+00
5.293376922607421875e+00 3.886653423309326172e+00
5.096632480621337891e+00 3.658785343170166016e+00
4.958737373352050781e+00 3.958307504653930664e+00
5.071520328521728516e+00 3.978358030319213867e+00
4.875896453857421875e+00 3.451237440109252930e+00
4.651980876922607422e+00 3.444800853729248047e+00
4.976032733917236328e+00 3.636870145797729492e+00
4.792070865631103516e+00 3.674852371215820312e+00
4.518682956695556641e+00 3.749347209930419922e+00
4.811854362487792969e+00 4.075321197509765625e+00
4.743821620941162109e+00 4.233058452606201172e+00
4.710215091705322266e+00 4.223165988922119141e+00
4.496473312377929688e+00 4.401863098144531250e+00
3.977436304092407227e+00 3.799607276916503906e+00
4.123339176177978516e+00 4.154823780059814453e+00
3.793940782546997070e+00 3.499059438705444336e+00
3.598243951797485352e+00 3.610184431076049805e+00
3.873642921447753906e+00 4.018661975860595703e+00
3.562240123748779297e+00 3.898464679718017578e+00
3.745512962341308594e+00 3.823147058486938477e+00
3.390304803848266602e+00 3.991611957550048828e+00
3.192674875259399414e+00 4.389272689819335938e+00
2.758306264877319336e+00 4.472519874572753906e+00
2.991844177246093750e+00 4.517976284027099609e+00
2.791028976440429688e+00 4.806997776031494141e+00
3.270628690719604492e+00 4.744638442993164062e+00
3.286061048507690430e+00 5.026245594024658203e+00
2.984019756317138672e+00 4.675415039062500000e+00
3.250354766845703125e+00 4.906930446624755859e+00
2.845760107040405273e+00 5.023816108703613281e+00
3.249115943908691406e+00 4.898713588714599609e+00
2.850385904312133789e+00 5.163854598999023438e+00
2.870126247406005859e+00 5.259976387023925781e+00
3.279345035552978516e+00 5.238555908203125000e+00
3.619629144668579102e+00 5.388269901275634766e+00
3.165569305419921875e+00 5.639353752136230469e+00
3.216548681259155273e+00 5.791882514953613281e+00
3.152111053466796875e+00 5.649126529693603516e+00
2.863361835479736328e+00 5.874117851257324219e+00
3.279247522354125977e+00 5.987639904022216797e+00
3.315001964569091797e+00 6.305739402770996094e+00
3.485615730285644531e+00 6.153007030487060547e+00
3.953860282897949219e+00 5.948006153106689453e+00
4.090565204620361328e+00 5.794558048248291016e+00
3.709264278411865234e+00 6.260802268981933594e+00
3.717874765396118164e+00 5.725439548492431641e+00
3.610974311828613281e+00 5.494102478027343750e+00
3.911563634872436523e+00 6.000074863433837891e+00
3.544137477874755859e+00 6.718483924865722656e+00
3.546034336090087891e+00 6.741762638092041016e+00
3.765363454818725586e+00 7.068964958190917969e+00
3.714378356933593750e+00 7.506489753723144531e+00
3.795099020004272461e+00 7.781778812408447266e+00
3.889785766601562500e+00 7.949502944946289062e+00
4.215745449066162109e+00 7.698272705078125000e+00
4.035592555999755859e+00 7.794431209564208984e+00
4.649503231048583984e+00 7.512504100799560547e+00
4.633423805236816406e+00 7.378258228302001953e+00
4.522012233734130859e+00 7.418663501739501953e+00
4.371002674102783203e+00 7.397284507751464844e+00
4.257813453674316406e+00 7.091117858886718750e+00
4.510542869567871094e+00 6.873013019561767578e+00
4.697247982025146484e+00 6.731254100799560547e+00
5.107350349426269531e+00 7.196644783020019531e+00
5.349212169647216797e+00 7.592632770538330078e+00
5.297277450561523438e+00 7.769594669342041016e+00
4.877614974975585938e+00 7.879928588867187500e+00
4.794735908508300781e+00 8.081879615783691406e+00
4.720832347869873047e+00 8.067333221435546875e+00
4.938142776489257812e+00 8.002453804016113281e+00
4.393082141876220703e+00 8.475855827331542969e+00
4.504178524017333984e+00 8.563673019409179688e+00
4.670789241790771484e+00 8.486035346984863281e+00
4.455421924591064453e+00 8.702541351318359375e+00
4.802218914031982422e+00 8.386954307556152344e+00
5.043659687042236328e+00 8.789709091186523438e+00
4.858731746673583984e+00 8.896266937255859375e+00
5.137297153472900391e+00 9.056899070739746094e+00
5.054054737091064453e+00 8.711560249328613281e+00
5.305819034576416016e+00 8.685287475585937500e+00
5.268263816833496094e+00 8.826538085937500000e+00
5.833960533142089844e+00 8.357840538024902344e+00
5.990046977996826172e+00 8.598867416381835938e+00
6.273661613464355469e+00 8.781741142272949219e+00
6.510743618011474609e+00 8.756225585937500000e+00
6.105405807495117188e+00 8.430185317993164062e+00
6.435781002044677734e+00 7.937538623809814453e+00
6.348153591156005859e+00 7.860959529876708984e+00
6.242068290710449219e+00 8.125751495361328125e+00
6.482039451599121094e+00 7.952497482299804688e+00
6.393021106719970703e+00 7.655727386474609375e+00
6.506062030792236328e+00 8.068631172180175781e+00
6.909302711486816406e+00 7.968643188476562500e+00
6.928317546844482422e+00 8.240508079528808594e+00
6.969888210296630859e+00 8.488367080688476562e+00
6.972661495208740234e+00 8.404651641845703125e+00
6.943091869354248047e+00 7.947042942047119141e+00
7.155083656311035156e+00 8.321283340454101562e+00
7.411909103393554688e+00 8.016326904296875000e+00
7.209750175476074219e+00 7.549460887908935547e+00
7.349374771118164062e+00 7.449105262756347656e+00
7.321785449981689453e+00 7.237177371978759766e+00
7.399887561798095703e+00 7.540638446807861328e+00
7.339455604553222656e+00 7.397188186645507812e+00
7.624667644500732422e+00 7.083725452423095703e+00
7.926551818847656250e+00 7.612160205841064453e+00
7.985169887542724609e+00 7.572904109954833984e+00
7.938545227050781250e+00 8.315388679504394531e+00
7.940627098083496094e+00 8.248662948608398438e+00
8.223585128784179688e+00 8.616387367248535156e+00
8.084757804870605469e+00 8.440386772155761719e+00
7.998645305633544922e+00 8.708373069763183594e+00
7.989560127258300781e+00 8.542756080627441406e+00
7.938076972961425781e+00 8.367613792419433594e+00
8.287336349487304688e+00 7.976759910583496094e+00
8.365028381347656250e+00 8.172712326049804688e+00
8.697950363159179688e+00 7.994225502014160156e+00
8.926814079284667969e+00 8.269642829895019531e+00
8.877135276794433594e+00 8.142340660095214844e+00
9.039978027343750000e+00 8.460029602050781250e+00
8.680562019348144531e+00 8.695646286010742188e+00
8.880593299865722656e+00 8.616904258728027344e+00
9.093235015869140625e+00 8.103898048400878906e+00
9.169102668762207031e+00 8.240835189819335938e+00
9.310743331909179688e+00 8.369453430175781250e+00
9.093435287475585938e+00 8.202613830566406250e+00
9.181052207946777344e+00 7.919945240020751953e+00
8.645218849182128906e+00 7.671069622039794922e+00
8.955883979797363281e+00 7.529732704162597656e+00
8.809250831604003906e+00 7.324949264526367188e+00
8.634637832641601562e+00 7.210925102233886719e+00
8.336355209350585938e+00 6.704495906829833984e+00
8.052949905395507812e+00 6.828159809112548828e+00
8.377573966979980469e+00 6.751631259918212891e+00
8.163203239440917969e+00 6.769755840301513672e+00
8.607175827026367188e+00 6.508767604827880859e+00
8.574365615844726562e+00 6.475400924682617188e+00
8.734198570251464844e+00 6.221163272857666016e+00
8.597805976867675781e+00 6.151577472686767578e+00
8.831464767456054688e+00 5.403531074523925781e+00
8.727902412414550781e+00 5.541487216949462891e+00
8.680418014526367188e+00 5.324078083038330078e+00
8.587195396423339844e+00 5.412907600402832031e+00
8.385843276977539062e+00 5.216105461120605469e+00
8.286443710327148438e+00 5.225420475006103516e+00
8.104932785034179688e+00 5.742602825164794922e+00
8.181952476501464844e+00 5.636920452117919922e+00
7.980830192565917969e+00 5.506979465484619141e+00
8.125934600830078125e+00 5.647511005401611328e+00
7.828656196594238281e+00 5.497852325439453125e+00
7.767011642456054688e+00 5.283998966217041016e+00
7.766219139099121094e+00 4.916934967041015625e+00
7.568452358245849609e+00 4.688518524169921875e+00
7.375450134277343750e+00 4.429524898529052734e+00
7.718999385833740234e+00 4.344026088714599609e+00
7.005686283111572266e+00 4.342017650604248047e+00
7.051699638366699219e+00 4.059130668640136719e+00
6.944663047790527344e+00 4.527851104736328125e+00
6.909297466278076172e+00 4.295921325683593750e+00
7.000588417053222656e+00 4.773776054382324219e+00
6.721220016479492188e+00 4.169562816619873047e+00
7.322091102600097656e+00 3.867534399032592773e+00
6.970028400421142578e+00 4.180240631103515625e+00
7.084070682525634766e+00 4.029861927032470703e+00
7.060052394866943359e+00 3.747329711914062500e+00
7.397538185119628906e+00 3.383500576019287109e+00
7.512464046478271484e+00 3.471103668212890625e+00
7.692014694213867188e+00 3.266242980957031250e+00
7.675141334533691406e+00 3.293539762496948242e+00
7.937781810760498047e+00 3.376547098159790039e+00
8.326103210449218750e+00 3.599535465240478516e+00
8.554299354553222656e+00 3.940011262893676758e+00
8.423884391784667969e+00 4.166569709777832031e+00
8.116244316101074219e+00 3.951631069183349609e+00
8.087043762207031250e+00 3.902290582656860352e+00
7.901058197021484375e+00 3.869699716567993164e+00
8.297974586486816406e+00 4.325247287750244141e+00
8.094470024108886719e+00 3.744231939315795898e+00
7.956858634948730469e+00 3.434258699417114258e+00
-1.875975847244262695e+00 -8.289367675781250000e+00
6.961922168731689453e+00 -4.404952824115753174e-01
6.609152793884277344e+00 2.848091125488281250e-01
6.603665828704833984e+00 5.896818637847900391e-01
6.639484882354736328e+00 9.127630591392517090e-01
6.749408721923828125e+00 1.096669316291809082e+00
7.152764320373535156e+00 1.182165026664733887e+00
7.378142356872558594e+00 1.213516354560852051e+00
7.459574222564697266e+00 1.258474826812744141e+00
7.384136676788330078e+00 9.014419913291931152e-01
7.185885429382324219e+00 1.511403799057006836e+00
7.399383544921875000e+00 1.495422601699829102e+00
7.140710830688476562e+00 5.536040663719177246e-01
7.683968067169189453e+00 1.019780635833740234e+00
7.334300518035888672e+00 4.912547767162322998e-01
7.406954288482666016e+00 6.985536813735961914e-01
7.441615104675292969e+00 4.305594563484191895e-01
7.730396270751953125e+00 4.537999927997589111e-01
7.858896732330322266e+00 8.860318660736083984e-01
8.135700225830078125e+00 6.267400383949279785e-01
8.416184425354003906e+00 8.145428895950317383e-01
8.318393707275390625e+00 6.331309080123901367e-01
8.477338790893554688e+00 1.058202981948852539e+00
8.617566108703613281e+00 6.868657469749450684e-01
8.704374313354492188e+00 4.265159666538238525e-01
8.751351356506347656e+00 6.526757478713989258e-01
8.408809661865234375e+00 3.800926506519317627e-01
8.176132202148437500e+00 -8.029469102621078491e-02
8.047774314880371094e+00 -3.861490786075592041e-01
7.773578166961669922e+00 -4.563186168670654297e-01
8.106388092041015625e+00 -8.317355513572692871e-01
8.156562805175781250e+00 -1.211422801017761230e+00
8.250612258911132812e+00 -1.018919348716735840e+00
8.009002685546875000e+00 -8.814974427223205566e-01
7.684442996978759766e+00 -1.314177989959716797e+00
7.657358169555664062e+00 -1.286937117576599121e+00
7.602721214294433594e+00 -1.202868819236755371e+00
7.383402824401855469e+00 -9.366985559463500977e-01
7.384425640106201172e+00 -6.908308863639831543e-01
7.588786602020263672e+00 -5.207163691520690918e-01
8.035102844238281250e+00 -7.457370311021804810e-02
8.156197547912597656e+00 -8.778476715087890625e-02
8.854857444763183594e+00 -2.710883915424346924e-01
8.758308410644531250e+00 -7.244191765785217285e-01
8.772856712341308594e+00 -9.211083054542541504e-01
8.748878479003906250e+00 -1.235028982162475586e+00
8.643530845642089844e+00 -1.287272572517395020e+00
8.274100303649902344e+00 -1.684542655944824219e+00
9.137319564819335938e+00 -1.503929853439331055e+00
9.455017089843750000e+00 -1.569109082221984863e+00
8.840479850769042969e+00 -2.058665990829467773e+00
8.816059112548828125e+00 -1.318134307861328125e+00
8.518335342407226562e+00 -1.776514768600463867e+00
9.066974639892578125e+00 -1.695990920066833496e+00
9.260328292846679688e+00 -1.520634174346923828e+00
8.991548538208007812e+00 -1.982513070106506348e+00
9.225130081176757812e+00 -1.623603582382202148e+00
8.589699745178222656e+00 -1.471470832824707031e+00
8.952026367187500000e+00 -1.696416616439819336e+00
8.607993125915527344e+00 -2.077477693557739258e+00
8.354461669921875000e+00 -1.973924636840820312e+00
7.922081470489501953e+00 -2.552528142929077148e+00
7.747512817382812500e+00 -2.952528953552246094e+00
7.699738025665283203e+00 -3.124834060668945312e+00
7.777181148529052734e+00 -3.365876674652099609e+00
8.131079673767089844e+00 -3.670591592788696289e+00
8.544731140136718750e+00 -3.513341903686523438e+00
8.262989997863769531e+00 -3.767574310302734375e+00
8.533178329467773438e+00 -3.776500225067138672e+00
8.545636177062988281e+00 -3.988319635391235352e+00
8.386483192443847656e+00 -4.261072635650634766e+00
8.120491981506347656e+00 -4.496298313140869141e+00
8.082394599914550781e+00 -4.686009883880615234e+00
7.835818290710449219e+00 -4.881996154785156250e+00
7.534985542297363281e+00 -4.516911983489990234e+00
7.863782882690429688e+00 -4.330533504486083984e+00
7.663096427917480469e+00 -4.807519912719726562e+00
7.703033924102783203e+00 -4.150579929351806641e+00
7.466894626617431641e+00 -4.370751380920410156e+00
7.509793758392333984e+00 -4.342920303344726562e+00
7.469210147857666016e+00 -3.987430810928344727e+00
7.185563564300537109e+00 -3.481819152832031250e+00
6.817124366760253906e+00 -3.749252080917358398e+00
6.767368316650390625e+00 -3.843299150466918945e+00
6.513462543487548828e+00 -4.117845058441162109e+00
6.514534473419189453e+00 -4.436165332794189453e+00
6.250040054321289062e+00 -4.396654605865478516e+00
5.952375888824462891e+00 -4.728638648986816406e+00
5.642252445220947266e+00 -4.598371505737304688e+00
5.410438537597656250e+00 -4.888588905334472656e+00
5.257641792297363281e+00 -4.674967765808105469e+00
5.175686836242675781e+00 -4.344853401184082031e+00
4.948194980621337891e+00 -4.428400516510009766e+00
4.991941928863525391e+00 -4.489599227905273438e+00
4.870998382568359375e+00 -4.829329967498779297e+00
4.779156684875488281e+00 -4.883837699890136719e+00
5.178483963012695312e+00 -5.158405303955078125e+00
5.267880916595458984e+00 -5.178186893463134766e+00
5.476704120635986328e+00 -4.854521751403808594e+00
5.624389171600341797e+00 -5.073295593261718750e+00
5.270198822021484375e+00 -4.685354709625244141e+00
5.212069511413574219e+00 -5.104373931884765625e+00
5.580926418304443359e+00 -5.212511539459228516e+00
5.497580051422119141e+00 -5.564032077789306641e+00
5.423866271972656250e+00 -5.486087799072265625e+00
4.955484390258789062e+00 -5.563251495361328125e+00
5.410895824432373047e+00 -5.826588630676269531e+00
4.989767074584960938e+00 -5.559381484985351562e+00
4.997536659240722656e+00 -5.655745506286621094e+00
4.905209541320800781e+00 -5.336766719818115234e+00
5.729909420013427734e+00 -5.753504753112792969e+00
5.782007217407226562e+00 -6.067694187164306641e+00
5.091064929962158203e+00 -6.467239379882812500e+00
4.999296665191650391e+00 -6.635334491729736328e+00
4.803946018218994141e+00 -6.525084972381591797e+00
5.192588806152343750e+00 -6.590725898742675781e+00
4.960329055786132812e+00 -6.804786682128906250e+00
4.529011726379394531e+00 -6.156891822814941406e+00
4.717232704162597656e+00 -6.280470371246337891e+00
4.337884902954101562e+00 -6.169106960296630859e+00
4.327970981597900391e+00 -6.524278640747070312e+00
4.294307231903076172e+00 -7.056097030639648438e+00
4.352932929992675781e+00 -7.270668506622314453e+00
4.218544960021972656e+00 -6.815698623657226562e+00
4.187999725341796875e+00 -6.989765644073486328e+00
3.904010772705078125e+00 -7.091811656951904297e+00
4.161316394805908203e+00 -7.256544589996337891e+00
3.780254602432250977e+00 -7.182135105133056641e+00
3.612993478775024414e+00 -7.644616603851318359e+00
3.330475568771362305e+00 -7.487664222717285156e+00
3.407260894775390625e+00 -7.434903621673583984e+00
3.355988264083862305e+00 -8.088321685791015625e+00
3.340251445770263672e+00 -7.827737808227539062e+00
3.306097030639648438e+00 -7.677264213562011719e+00
2.955254316329956055e+00 -7.620285987854003906e+00
3.069956302642822266e+00 -7.714259624481201172e+00
2.436691045761108398e+00 -7.954823493957519531e+00
2.505129575729370117e+00 -8.207140922546386719e+00
2.639091730117797852e+00 -8.387454032897949219e+00
2.638570070266723633e+00 -8.286664009094238281e+00
2.526571035385131836e+00 -8.215307235717773438e+00
2.426956892013549805e+00 -7.959897041320800781e+00
2.126212835311889648e+00 -8.287210464477539062e+00
1.528710126876831055e+00 -8.517762184143066406e+00
1.631241917610168457e+00 -8.785136222839355469e+00
1.360459446907043457e+00 -8.766484260559082031e+00
9.337064623832702637e-01 -8.667610168457031250e+00
8.224290847778320312e+00 -4.034802913665771484e+00
8.580645561218261719e+00 -4.590691566467285156e+00
8.763587951660156250e+00 -4.383553028106689453e+00
8.547583580017089844e+00 -4.712570190429687500e+00
8.474804878234863281e+00 -4.049962997436523438e+00
7.970167160034179688e+00 -4.489527702331542969e+00
7.885279655456542969e+00 -4.365728378295898438e+00
1.709933662414550781e+01 6.730151653289794922e+00
1.684785842895507812e+01 6.885874748229980469e+00
1.728104782104492188e+01 6.515487194061279297e+00
1.750668334960937500e+01 6.863005638122558594e+00
1.726804733276367188e+01 6.617249965667724609e+00
1.671243667602539062e+01 6.991341114044189453e+00
1.715171051025390625e+01 6.962460994720458984e+00
1.715025329589843750e+01 6.520846366882324219e+00
1.640918731689453125e+01 7.090582370758056641e+00
1.667072296142578125e+01 6.834991931915283203e+00
1.628704833984375000e+01 7.125507831573486328e+00
1.642380142211914062e+01 6.626207828521728516e+00
1.657241249084472656e+01 6.668762683868408203e+00
1.645982170104980469e+01 6.966804504394531250e+00
1.683668136596679688e+01 7.135454654693603516e+00
1.715513992309570312e+01 7.597523689270019531e+00
1.702405548095703125e+01 7.768523216247558594e+00
1.715702438354492188e+01 7.594334602355957031e+00
1.705927658081054688e+01 7.749535083770751953e+00
1.739949035644531250e+01 7.576455593109130859e+00
1.746554946899414062e+01 7.086169242858886719e+00
1.759409713745117188e+01 7.243083953857421875e+00
1.784673690795898438e+01 7.356364250183105469e+00
1.759958457946777344e+01 7.689088344573974609e+00
1.807292938232421875e+01 7.876463890075683594e+00
1.787528610229492188e+01 7.905224323272705078e+00
1.801501274108886719e+01 8.263185501098632812e+00
1.825891494750976562e+01 8.193161964416503906e+00
1.806618118286132812e+01 8.080542564392089844e+00
1.828634071350097656e+01 8.058960914611816406e+00
1.856685829162597656e+01 7.852709293365478516e+00
1.843738365173339844e+01 7.782327175140380859e+00
1.826134872436523438e+01 7.517277240753173828e+00
1.804009819030761719e+01 7.179881095886230469e+00
1.836706352233886719e+01 7.170639991760253906e+00
1.829687881469726562e+01 7.336679935455322266e+00
1.861496353149414062e+01 7.929261684417724609e+00
1.836500549316406250e+01 8.429649353027343750e+00
1.819108200073242188e+01 8.612105369567871094e+00
1.855590248107910156e+01 8.866501808166503906e+00
1.820587348937988281e+01 9.058128356933593750e+00
1.874406242370605469e+01 9.014880180358886719e+00
1.790785408020019531e+01 9.205130577087402344e+00
1.803848648071289062e+01 9.618067741394042969e+00
1.822963714599609375e+01 9.645718574523925781e+00
1.822083663940429688e+01 9.847446441650390625e+00
1.848800849914550781e+01 9.710241317749023438e+00
1.869905090332031250e+01 9.865574836730957031e+00
1.926367950439453125e+01 9.828549385070800781e+00
1.976251411437988281e+01 9.676566123962402344e+00
1.990881156921386719e+01 9.738745689392089844e+00
1.996000862121582031e+01 9.561623573303222656e+00
1.990155410766601562e+01 9.859617233276367188e+00
1.979185676574707031e+01 9.947086334228515625e+00
1.953804779052734375e+01 1.020608425140380859e+01
1.918864822387695312e+01 1.047924518585205078e+01
1.896395874023437500e+01 1.068680095672607422e+01
1.876416015625000000e+01 1.083608245849609375e+01
9.701992273330688477e-01 -9.005607604980468750e+00
1.204858303070068359e+00 -9.216170310974121094e+00
1.142004132270812988e+00 -9.305896759033203125e+00
1.371024847030639648e+00 -9.377646446228027344e+00
1.131839513778686523e+00 -9.680845260620117188e+00
1.150755047798156738e+00 -9.789551734924316406e+00
1.226946234703063965e+00 -9.975333213806152344e+00
1.577652812004089355e+00 -1.052969837188720703e+01
1.549472332000732422e+00 -1.007255172729492188e+01
1.523647546768188477e+00 -9.915606498718261719e+00
1.714519500732421875e+00 -1.007734298706054688e+01
1.437472820281982422e+00 -1.024510383605957031e+01
1.077008247375488281e+00 -1.071624660491943359e+01
1.026864767074584961e+00 -1.049556159973144531e+01
1.247011542320251465e+00 -1.082662773132324219e+01
1.265989303588867188e+00 -1.101539039611816406e+01
1.465196728706359863e+00 -1.105007743835449219e+01
1.477200746536254883e+00 -1.116810131072998047e+01
1.656645417213439941e+00 -1.101152133941650391e+01
1.502187371253967285e+00 -1.057404613494873047e+01
2.265138864517211914e+00 -1.033034229278564453e+01
2.821501970291137695e+00 -9.687474250793457031e+00
2.988243103027343750e+00 -9.516954421997070312e+00
3.283912897109985352e+00 -9.452944755554199219e+00
3.176972150802612305e+00 -9.201353073120117188e+00
3.492851495742797852e+00 -8.642300605773925781e+00
3.315643310546875000e+00 -8.842088699340820312e+00
3.436002969741821289e+00 -8.909974098205566406e+00
3.877119541168212891e+00 -8.832275390625000000e+00
3.835318088531494141e+00 -8.958989143371582031e+00
3.925586700439453125e+00 -9.007938385009765625e+00
4.062089920043945312e+00 -9.298784255981445312e+00
4.052883625030517578e+00 -9.655109405517578125e+00
4.180020332336425781e+00 -9.760716438293457031e+00
4.572558403015136719e+00 -9.476083755493164062e+00
4.428105354309082031e+00 -9.602349281311035156e+00
4.763839244842529297e+00 -9.577909469604492188e+00
4.767812728881835938e+00 -9.954437255859375000e+00
4.590218067169189453e+00 -9.794091224670410156e+00
4.700877189636230469e+00 -1.004985904693603516e+01
4.966789722442626953e+00 -1.034939479827880859e+01
4.878505706787109375e+00 -1.048867702484130859e+01
4.934635162353515625e+00 -1.021657943725585938e+01
4.592715740203857422e+00 -1.025491046905517578e+01
4.846822738647460938e+00 -1.071500873565673828e+01
4.923126220703125000e+00 -1.055607414245605469e+01
4.316941738128662109e+00 -1.042792034149169922e+01
4.623384475708007812e+00 -1.079672718048095703e+01
4.264612197875976562e+00 -1.055383205413818359e+01
4.334568977355957031e+00 -1.078872299194335938e+01
4.307412147521972656e+00 -1.092092609405517578e+01
4.269565105438232422e+00 -1.082075309753417969e+01
4.139795303344726562e+00 -1.108759403228759766e+01
3.973735094070434570e+00 -1.115152740478515625e+01
3.977195978164672852e+00 -1.120629405975341797e+01
3.592221260070800781e+00 -1.154938888549804688e+01
3.855869054794311523e+00 -1.165561199188232422e+01
3.910088300704956055e+00 -1.155298900604248047e+01
3.410097360610961914e+00 -1.144407558441162109e+01
3.502926826477050781e+00 -1.141026210784912109e+01
3.548356056213378906e+00 -1.113039207458496094e+01
3.868166685104370117e+00 -1.093126869201660156e+01
3.488895654678344727e+00 -1.057261276245117188e+01
3.372679948806762695e+00 -1.073728561401367188e+01
9.198951721191406250e-01 -8.938450813293457031e+00
6.160190701484680176e-01 -9.000871658325195312e+00
4.672357439994812012e-01 -9.266666412353515625e+00
3.650505244731903076e-01 -9.635489463806152344e+00
4.629286527633666992e-01 -9.521984100341796875e+00
3.693170249462127686e-01 -9.803995132446289062e+00
6.162092089653015137e-01 -1.006891250610351562e+01
8.846237659454345703e-01 -1.010921669006347656e+01
4.444691240787506104e-01 -1.025565052032470703e+01
7.072428464889526367e-01 -1.018979167938232422e+01
3.190326094627380371e-01 -1.042515945434570312e+01
2.161626070737838745e-01 -1.062861442565917969e+01
-2.716214656829833984e-01 -1.038746547698974609e+01
-2.450471073389053345e-01 -1.030156993865966797e+01
-1.904262006282806396e-01 -1.102232837677001953e+01
-2.874014973640441895e-01 -1.072973537445068359e+01
-1.986200958490371704e-01 -1.106565666198730469e+01
-9.060832671821117401e-03 -1.077435111999511719e+01
-6.002438068389892578e-01 -1.077684020996093750e+01
-4.937536120414733887e-01 -1.029056835174560547e+01
-5.664956569671630859e-01 -1.048939609527587891e+01
-8.454921841621398926e-01 -1.057978725433349609e+01
-6.822874546051025391e-01 -1.032734870910644531e+01
-6.581367850303649902e-01 -9.977295875549316406e+00
-7.973402142524719238e-01 -9.835515022277832031e+00
-1.038055300712585449e+00 -9.949747085571289062e+00
-8.514525294303894043e-01 -9.754029273986816406e+00
-9.482641220092773438e-01 -9.541151046752929688e+00
-1.350164055824279785e+00 -9.778012275695800781e+00
-1.401518225669860840e+00 -9.446209907531738281e+00
-1.520642042160034180e+00 -9.548944473266601562e+00
-1.970780372619628906e+00 -9.721290588378906250e+00
-2.144400596618652344e+00 -9.847532272338867188e+00
-1.976279020309448242e+00 -9.894077301025390625e+00
-2.058366537094116211e+00 -1.005830574035644531e+01
-1.954825639724731445e+00 -1.022657775878906250e+01
-1.948848962783813477e+00 -1.017617511749267578e+01
-2.307565450668334961e+00 -1.043782901763916016e+01
-2.384908914566040039e+00 -1.021288108825683594e+01
-2.451948165893554688e+00 -1.031009483337402344e+01
-2.721648693084716797e+00 -1.022585391998291016e+01
-2.629320144653320312e+00 -9.803672790527343750e+00
-2.833212137222290039e+00 -9.933416366577148438e+00
-3.058426141738891602e+00 -9.915630340576171875e+00
-2.990094900131225586e+00 -9.951705932617187500e+00
-3.232923269271850586e+00 -9.717718124389648438e+00
-3.254091501235961914e+00 -9.580678939819335938e+00
-3.420666694641113281e+00 -9.151818275451660156e+00
-3.212819576263427734e+00 -9.263710975646972656e+00
-3.081168889999389648e+00 -9.161576271057128906e+00
-3.019680023193359375e+00 -8.793275833129882812e+00
-2.630298137664794922e+00 -8.552319526672363281e+00
-2.655940055847167969e+00 -8.981220245361328125e+00
-2.403119564056396484e+00 -9.023195266723632812e+00
-2.421959638595581055e+00 -8.945488929748535156e+00
-2.999572515487670898e+00 -8.566578865051269531e+00
-2.756899595260620117e+00 -7.974029541015625000e+00
-3.148463487625122070e+00 -8.183979034423828125e+00
-3.339956521987915039e+00 -8.290154457092285156e+00
-2.816286325454711914e+00 -8.130588531494140625e+00
-2.838423490524291992e+00 -7.819787979125976562e+00
-3.235189199447631836e+00 -8.218383789062500000e+00
-2.947611808776855469e+00 -8.433296203613281250e+00
-3.300718784332275391e+00 -7.922533988952636719e+00
-3.255856990814208984e+00 -7.676633358001708984e+00
-3.273899316787719727e+00 -7.746754646301269531e+00
-2.951969623565673828e+00 -7.965027809143066406e+00
-3.144683837890625000e+00 -8.417707443237304688e+00
-2.495570659637451172e+00 -8.210649490356445312e+00
-2.618887662887573242e+00 -8.206231117248535156e+00
-2.142955303192138672e+00 -8.448696136474609375e+00
-2.182764530181884766e+00 -8.594700813293457031e+00
-2.079221963882446289e+00 -8.777335166931152344e+00
-1.761541366577148438e+00 -8.940123558044433594e+00
-2.109148025512695312e+00 -8.991881370544433594e+00
-2.158221960067749023e+00 -9.119513511657714844e+00
-2.268219232559204102e+00 -9.103309631347656250e+00
1.885775375366210938e+01 1.121691608428955078e+01
1.919011306762695312e+01 1.093636131286621094e+01
1.949485969543457031e+01 1.065676403045654297e+01
1.970880508422851562e+01 1.118875789642333984e+01
2.007161140441894531e+01 1.118637943267822266e+01
2.016504859924316406e+01 1.086688709259033203e+01
2.015313911437988281e+01 1.079948139190673828e+01
2.024481582641601562e+01 1.065082168579101562e+01
2.025067329406738281e+01 1.091415882110595703e+01
1.993425178527832031e+01 1.056045818328857422e+01
2.000434112548828125e+01 1.043896484375000000e+01
1.980899429321289062e+01 1.086582660675048828e+01
1.929232788085937500e+01 1.062440872192382812e+01
1.882278633117675781e+01 1.015826988220214844e+01
1.874750328063964844e+01 1.017558288574218750e+01
1.811432456970214844e+01 9.995234489440917969e+00
1.757755279541015625e+01 9.994985580444335938e+00
1.746718597412109375e+01 9.921772003173828125e+00
1.758256530761718750e+01 1.036039543151855469e+01
1.720242881774902344e+01 1.019162940979003906e+01
1.691510200500488281e+01 1.044256591796875000e+01
1.668923759460449219e+01 1.043928527832031250e+01
1.672416877746582031e+01 1.106492996215820312e+01
1.662810707092285156e+01 1.072700595855712891e+01
1.668811225891113281e+01 1.094008255004882812e+01
1.694185638427734375e+01 1.055525302886962891e+01
1.669303321838378906e+01 1.034270000457763672e+01
1.651317214965820312e+01 1.014454555511474609e+01
1.654112243652343750e+01 1.014497280120849609e+01
1.617568016052246094e+01 9.796075820922851562e+00
1.611413383483886719e+01 1.028344726562500000e+01
1.622953033447265625e+01 1.006964683532714844e+01
1.623591613769531250e+01 1.054726886749267578e+01
1.614585685729980469e+01 1.119752597808837891e+01
1.567263317108154297e+01 1.112061500549316406e+01
1.575601005554199219e+01 1.114786052703857422e+01
1.604674530029296875e+01 1.095018577575683594e+01
1.618557357788085938e+01 1.066086292266845703e+01
1.573455715179443359e+01 1.034226703643798828e+01
1.586554622650146484e+01 1.068712806701660156e+01
1.587614059448242188e+01 1.029514598846435547e+01
1.567037487030029297e+01 1.040874958038330078e+01
1.579812145233154297e+01 1.090225696563720703e+01
1.567729091644287109e+01 1.061958694458007812e+01
1.543301677703857422e+01 1.089548397064208984e+01
1.554087734222412109e+01 1.075579833984375000e+01
1.527735996246337891e+01 1.044089698791503906e+01
1.506821155548095703e+01 1.043813705444335938e+01
1.499217128753662109e+01 1.052858352661132812e+01
1.471463775634765625e+01 1.047470092773437500e+01
1.494502830505371094e+01 1.030539894104003906e+01
1.464050006866455078e+01 1.096422386169433594e+01
1.466042518615722656e+01 1.063276481628417969e+01
1.504526233673095703e+01 1.123815822601318359e+01
1.498071861267089844e+01 1.106328678131103516e+01
1.477975749969482422e+01 1.060723495483398438e+01
1.448427677154541016e+01 1.075119781494140625e+01
1.434250354766845703e+01 1.051235961914062500e+01
1.409098815917968750e+01 1.095643424987792969e+01
1.422212028503417969e+01 1.119969081878662109e+01
1.412491512298583984e+01 1.089808750152587891e+01
1.431149768829345703e+01 1.118286705017089844e+01
1.463268947601318359e+01 1.112252807617187500e+01
1.471555233001708984e+01 1.132960605621337891e+01
1.498739337921142578e+01 1.169217491149902344e+01
1.491922855377197266e+01 1.172258377075195312e+01
1.542653942108154297e+01 1.146667480468750000e+01
1.538186740875244141e+01 1.161137962341308594e+01
1.523157024383544922e+01 1.167786598205566406e+01
1.885319519042968750e+01 1.107996559143066406e+01
1.893311691284179688e+01 1.111552047729492188e+01
1.949506759643554688e+01 1.093262863159179688e+01
1.983003234863281250e+01 1.089920616149902344e+01
1.986514282226562500e+01 1.101585960388183594e+01
2.032624244689941406e+01 1.142867660522460938e+01
2.047649192810058594e+01 1.158208465576171875e+01
2.054038429260253906e+01 1.155650997161865234e+01
2.090742492675781250e+01 1.150046253204345703e+01
2.112548255920410156e+01 1.141424655914306641e+01
2.091292762756347656e+01 1.116709995269775391e+01
2.100692367553710938e+01 1.123908996582031250e+01
2.125389099121093750e+01 1.106418418884277344e+01
2.145737648010253906e+01 1.089026832580566406e+01
2.118505477905273438e+01 1.050763130187988281e+01
2.102926445007324219e+01 1.043217277526855469e+01
2.110870742797851562e+01 1.011737060546875000e+01
2.125730514526367188e+01 9.821422576904296875e+00
2.141036796569824219e+01 9.859307289123535156e+00
2.201148796081542969e+01 1.006560230255126953e+01
2.157610130310058594e+01 9.993214607238769531e+00
2.187176132202148438e+01 1.039175891876220703e+01
2.183232307434082031e+01 1.076344108581542969e+01
2.189630126953125000e+01 1.065678215026855469e+01
2.213102340698242188e+01 1.082237052917480469e+01
2.204320144653320312e+01 1.056776428222656250e+01
2.152229309082031250e+01 1.009447193145751953e+01
2.180284690856933594e+01 9.750090599060058594e+00
2.219862365722656250e+01 9.683978080749511719e+00
2.216833496093750000e+01 9.401371955871582031e+00
2.223027229309082031e+01 9.346900939941406250e+00
2.265723991394042969e+01 9.537709236145019531e+00
2.260557556152343750e+01 9.634788513183593750e+00
2.263194465637207031e+01 9.964102745056152344e+00
2.285100555419921875e+01 1.005417156219482422e+01
2.287461853027343750e+01 1.044490623474121094e+01
2.270842742919921875e+01 1.046395587921142578e+01
2.297945785522460938e+01 1.039154815673828125e+01
2.278148841857910156e+01 1.088301849365234375e+01
2.300638008117675781e+01 1.110931777954101562e+01
2.299081993103027344e+01 1.107192802429199219e+01
2.327156066894531250e+01 1.076951408386230469e+01
2.311777305603027344e+01 1.096890926361083984e+01
2.323576354980468750e+01 1.109077262878417969e+01
2.343109130859375000e+01 1.095905685424804688e+01
2.361928749084472656e+01 1.078878879547119141e+01
2.341303443908691406e+01 1.055154895782470703e+01
2.348143959045410156e+01 1.062316989898681641e+01
2.377693557739257812e+01 1.054536819458007812e+01
2.391722679138183594e+01 1.014641380310058594e+01
2.391251945495605469e+01 1.008452892303466797e+01
2.393397140502929688e+01 9.975648880004882812e+00
2.368354797363281250e+01 9.692289352416992188e+00
2.373959541320800781e+01 9.894401550292968750e+00
2.345607757568359375e+01 1.016612815856933594e+01
2.327078628540039062e+01 9.970480918884277344e+00
2.371824836730957031e+01 9.906284332275390625e+00
2.407079887390136719e+01 1.018056011199951172e+01
2.361553955078125000e+01 9.834931373596191406e+00
2.407504463195800781e+01 9.630145072937011719e+00
2.353302955627441406e+01 9.325379371643066406e+00
2.361507415771484375e+01 9.094994544982910156e+00
2.359090232849121094e+01 9.205421447753906250e+00
2.330302429199218750e+01 8.978416442871093750e+00
2.307501029968261719e+01 9.215277671813964844e+00
2.328805923461914062e+01 9.076851844787597656e+00
2.335837364196777344e+01 9.084138870239257812e+00
2.312754058837890625e+01 9.206818580627441406e+00
