6.031906127929687500e+00 6.860113620758056641e+00
5.901095867156982422e+00 6.887777328491210938e+00
5.502175331115722656e+00 6.994936943054199219e+00
5.439634323120117188e+00 6.614437103271484375e+00
5.846040725708007812e+00 6.774075984954833984e+00
5.624242305755615234e+00 6.606595039367675781e+00
5.229320526123046875e+00 6.816429615020751953e+00
5.027413368225097656e+00 6.882323265075683594e+00
4.600955963134765625e+00 7.341032981872558594e+00
4.586532592773437500e+00 7.569494724273681641e+00
4.881814002990722656e+00 7.650977134704589844e+00
4.804373264312744141e+00 7.875768661499023438e+00
5.006076812744140625e+00 7.858962535858154297e+00
4.598040580749511719e+00 7.152314186096191406e+00
4.579150676727294922e+00 7.456340312957763672e+00
4.181597709655761719e+00 7.193214416503906250e+00
4.227194309234619141e+00 7.523430347442626953e+00
4.406036376953125000e+00 6.948424816131591797e+00
4.060988426208496094e+00 6.782204627990722656e+00
3.846246242523193359e+00 6.959659099578857422e+00
3.635422945022583008e+00 6.751937389373779297e+00
3.607584714889526367e+00 6.985828399658203125e+00
3.856846094131469727e+00 7.303123950958251953e+00
3.524649858474731445e+00 7.539425849914550781e+00
3.558189630508422852e+00 7.391074180603027344e+00
3.303323030471801758e+00 7.181890487670898438e+00
3.067324876785278320e+00 7.382018566131591797e+00
2.882067918777465820e+00 7.215274333953857422e+00
2.326740980148315430e+00 6.908225536346435547e+00
2.220490932464599609e+00 6.673202037811279297e+00
2.281124591827392578e+00 6.367522716522216797e+00
1.744462728500366211e+00 6.579150199890136719e+00
1.947179794311523438e+00 6.417361736297607422e+00
2.586732387542724609e+00 6.679515838623046875e+00
2.449412584304809570e+00 6.738828182220458984e+00
2.541141986846923828e+00 7.015704154968261719e+00
2.667583465576171875e+00 6.955490589141845703e+00
2.221756458282470703e+00 7.538022518157958984e+00
2.275378227233886719e+00 7.235902309417724609e+00
2.333157539367675781e+00 7.069375514984130859e+00
2.466292381286621094e+00 7.542463302612304688e+00
2.342592477798461914e+00 7.608486652374267578e+00
2.061342477798461914e+00 7.753795623779296875e+00
1.885833382606506348e+00 7.533332824707031250e+00
1.867785930633544922e+00 7.033330440521240234e+00
1.718146562576293945e+00 6.664690017700195312e+00
1.464859962463378906e+00 7.055483341217041016e+00
1.177497506141662598e+00 6.642464160919189453e+00
9.379868507385253906e-01 7.059749603271484375e+00
8.547127246856689453e-01 6.856722831726074219e+00
1.311153769493103027e+00 6.567257881164550781e+00
1.285285353660583496e+00 7.219240665435791016e+00
1.119063973426818848e+00 7.456638813018798828e+00
1.373605728149414062e+00 7.661530017852783203e+00
7.275485992431640625e-01 7.486708641052246094e+00
8.566986322402954102e-01 7.361050605773925781e+00
7.394172549247741699e-01 7.345157146453857422e+00
-9.134904295206069946e-02 6.390550136566162109e+00
-6.129221618175506592e-02 6.338937759399414062e+00
5.717454478144645691e-02 6.144869804382324219e+00
2.418494969606399536e-01 6.461948871612548828e+00
3.872516453266143799e-01 6.851162433624267578e+00
5.435832142829895020e-01 6.455797672271728516e+00
1.007442951202392578e+00 6.582355022430419922e+00
5.989158153533935547e-01 6.612050056457519531e+00
4.969728291034698486e-01 6.633392810821533203e+00
2.879162877798080444e-02 6.791599273681640625e+00
-3.112077414989471436e-01 6.798795700073242188e+00
-7.714163661003112793e-01 6.255794048309326172e+00
-6.798542141914367676e-01 6.126731872558593750e+00
-5.611369013786315918e-01 6.196875572204589844e+00
-6.978161334991455078e-01 5.982488155364990234e+00
-7.392209172248840332e-01 5.816077232360839844e+00
-7.974230051040649414e-01 5.827877998352050781e+00
-8.768187165260314941e-01 6.181999206542968750e+00
-1.364910721778869629e+00 6.419206142425537109e+00
-1.329795122146606445e+00 6.426856994628906250e+00
-1.418179035186767578e+00 6.201007366180419922e+00
-1.503352046012878418e+00 5.834790229797363281e+00
-1.869572758674621582e+00 5.810553550720214844e+00
-1.680255174636840820e+00 6.005398750305175781e+00
-1.520591974258422852e+00 5.805469036102294922e+00
-1.110674977302551270e+00 5.878399372100830078e+00
-8.050360679626464844e-01 5.637365341186523438e+00
-5.581516623497009277e-01 5.536360740661621094e+00
-2.647075653076171875e-01 5.644688606262207031e+00
-6.581914424896240234e-01 5.159677982330322266e+00
-5.768930912017822266e-01 4.997238636016845703e+00
-5.457079410552978516e-01 4.972679615020751953e+00
-7.074248194694519043e-01 4.803516864776611328e+00
-9.294832944869995117e-01 4.529900550842285156e+00
-1.085769653320312500e+00 4.669382572174072266e+00
-1.268699526786804199e+00 4.382701873779296875e+00
-1.335244178771972656e+00 4.807198524475097656e+00
-1.323117375373840332e+00 4.530997276306152344e+00
-1.609278202056884766e+00 4.655033111572265625e+00
-2.031627893447875977e+00 4.805339813232421875e+00
-1.606341004371643066e+00 4.147394657135009766e+00
-1.957594871520996094e+00 4.573159217834472656e+00
-1.866150736808776855e+00 4.974803447723388672e+00
-1.933613538742065430e+00 5.065993785858154297e+00
-1.791103601455688477e+00 4.823493957519531250e+00
-2.214870929718017578e+00 4.928668498992919922e+00
-1.632871389389038086e+00 5.177359104156494141e+00
-1.352435350418090820e+00 4.641725540161132812e+00
-1.394880890846252441e+00 4.364210128784179688e+00
-1.643395900726318359e+00 4.243970394134521484e+00
-2.199777841567993164e+00 4.725070953369140625e+00
-2.114038705825805664e+00 5.038271903991699219e+00
-2.425832509994506836e+00 4.992209911346435547e+00
-2.756712436676025391e+00 4.733768463134765625e+00
-2.775837898254394531e+00 4.449120521545410156e+00
-2.555704116821289062e+00 4.340830802917480469e+00
-2.326580286026000977e+00 3.894387006759643555e+00
-2.451515197753906250e+00 3.790221929550170898e+00
-2.727604627609252930e+00 3.976738214492797852e+00
-2.527887105941772461e+00 3.723670482635498047e+00
-2.313783407211303711e+00 3.857763051986694336e+00
-2.197886228561401367e+00 3.971078872680664062e+00
-2.340873003005981445e+00 3.697782278060913086e+00
-2.286846876144409180e+00 3.360574007034301758e+00
-2.310285806655883789e+00 3.326763868331909180e+00
-2.608194828033447266e+00 3.399232387542724609e+00
-1.485007166862487793e+00 3.523314952850341797e+00
-1.266195893287658691e+00 3.849699735641479492e+00
-9.923040866851806641e-01 4.022650718688964844e+00
-9.439045786857604980e-01 3.920750379562377930e+00
-7.400754690170288086e-01 3.386642694473266602e+00
-6.499245762825012207e-01 3.235948324203491211e+00
-5.914427042007446289e-01 3.011175632476806641e+00
-1.178471207618713379e+00 2.825699806213378906e+00
-1.762180685997009277e+00 2.770719528198242188e+00
-1.955759525299072266e+00 2.682290077209472656e+00
-2.173642396926879883e+00 3.052973985671997070e+00
-2.363342046737670898e+00 2.890861272811889648e+00
-2.744926691055297852e+00 3.119999647140502930e+00
-2.644476652145385742e+00 2.894289731979370117e+00
-2.505154371261596680e+00 3.002861976623535156e+00
-2.281920671463012695e+00 2.757012128829956055e+00
-1.874235510826110840e+00 2.418822526931762695e+00
-1.362056136131286621e+00 2.427116870880126953e+00
-1.351968407630920410e+00 2.479887723922729492e+00
-1.350447058677673340e+00 2.249913454055786133e+00
-1.108015179634094238e+00 2.344607353210449219e+00
-8.983414769172668457e-01 2.475825309753417969e+00
-9.587197303771972656e-01 2.305639266967773438e+00
-7.222924828529357910e-01 2.144401311874389648e+00
-7.405782341957092285e-01 2.129573106765747070e+00
-6.385707259178161621e-01 2.034620046615600586e+00
-5.103756785392761230e-01 1.847975254058837891e+00
-4.130944311618804932e-01 1.739480376243591309e+00
-1.343754380941390991e-01 1.641452670097351074e+00
-1.273606121540069580e-01 2.117549419403076172e+00
1.441837251186370850e-01 1.797687411308288574e+00
2.425526976585388184e-01 2.400904417037963867e+00
1.106960326433181763e-01 2.496726274490356445e+00
1.632487922906875610e-01 1.744376540184020996e+00
-9.068667888641357422e-02 2.135395765304565430e+00
3.189276754856109619e-01 2.301826238632202148e+00
3.324844241142272949e-01 2.005151033401489258e+00
2.836231589317321777e-01 2.111047029495239258e+00
7.936282157897949219e-01 2.033124685287475586e+00
6.173730492591857910e-01 1.696917533874511719e+00
9.907802343368530273e-01 1.393863320350646973e+00
1.237132191658020020e+00 1.915212273597717285e+00
1.058088064193725586e+00 1.706271648406982422e+00
1.059827804565429688e+00 1.529222130775451660e+00
1.243690133094787598e+00 1.461136460304260254e+00
1.221671462059020996e+00 1.213873267173767090e+00
1.512785434722900391e+00 1.016337513923645020e+00
1.567201852798461914e+00 1.229370832443237305e+00
1.419945597648620605e+00 1.528689265251159668e+00
1.864610552787780762e+00 1.537409424781799316e+00
1.856896400451660156e+00 1.043057560920715332e+00
2.099085330963134766e+00 9.553800225257873535e-01
2.280960559844970703e+00 9.735077619552612305e-01
2.346388101577758789e+00 8.784598708152770996e-01
2.535864830017089844e+00 1.155484676361083984e+00
2.118190288543701172e+00 1.389241218566894531e+00
2.335761070251464844e+00 1.351419806480407715e+00
2.409525632858276367e+00 1.846534967422485352e+00
2.290076732635498047e+00 1.637331008911132812e+00
2.676259994506835938e+00 1.744915843009948730e+00
2.346661329269409180e+00 2.101385831832885742e+00
2.544447660446166992e+00 1.913186430931091309e+00
2.154458999633789062e+00 2.086406469345092773e+00
1.904710769653320312e+00 2.064083576202392578e+00
2.384507656097412109e+00 1.737700223922729492e+00
2.083786010742187500e+00 1.664777755737304688e+00
2.384933471679687500e+00 1.593163013458251953e+00
2.942371606826782227e+00 1.410287141799926758e+00
3.131716966629028320e+00 1.395509719848632812e+00
3.102403879165649414e+00 1.784285426139831543e+00
3.586192131042480469e+00 1.584482192993164062e+00
3.791494369506835938e+00 1.682301998138427734e+00
3.799478769302368164e+00 1.931778073310852051e+00
3.953086376190185547e+00 1.750078916549682617e+00
4.132465362548828125e+00 1.615756392478942871e+00
3.988337278366088867e+00 1.418948173522949219e+00
4.344424724578857422e+00 1.262551307678222656e+00
4.219077587127685547e+00 1.131289720535278320e+00
4.042272567749023438e+00 7.769044637680053711e-01
3.946160316467285156e+00 5.345946550369262695e-01
4.205682754516601562e+00 9.563777446746826172e-01
4.137712001800537109e+00 7.190988659858703613e-01
4.774387836456298828e+00 6.290984749794006348e-01
4.590015411376953125e+00 1.055189847946166992e+00
4.657623767852783203e+00 6.104620099067687988e-01
4.821952819824218750e+00 6.132653951644897461e-01
4.892430305480957031e+00 9.034688472747802734e-01
5.033812522888183594e+00 1.067601084709167480e+00
4.763347625732421875e+00 1.012478232383728027e+00
4.527645111083984375e+00 1.390751481056213379e+00
4.732215881347656250e+00 1.689571738243103027e+00
4.765055179595947266e+00 1.918608307838439941e+00
4.533318042755126953e+00 2.107447385787963867e+00
4.954772472381591797e+00 2.191405057907104492e+00
5.220438003540039062e+00 1.888062238693237305e+00
5.162018299102783203e+00 1.932845115661621094e+00
5.222192764282226562e+00 2.081583499908447266e+00
5.359660148620605469e+00 2.049416065216064453e+00
4.805334568023681641e+00 2.298422098159790039e+00
4.638902187347412109e+00 2.587321281433105469e+00
4.617608070373535156e+00 2.386645555496215820e+00
4.572524547576904297e+00 2.482999801635742188e+00
4.307949066162109375e+00 2.534185647964477539e+00
4.118596553802490234e+00 2.761373043060302734e+00
4.296452045440673828e+00 2.844402551651000977e+00
4.334218978881835938e+00 2.980034351348876953e+00
4.765240669250488281e+00 2.799803733825683594e+00
4.965448379516601562e+00 2.908606052398681641e+00
4.555254459381103516e+00 2.956105232238769531e+00
4.818899631500244141e+00 3.056026458740234375e+00
5.466168880462646484e+00 2.780999183654785156e+00
5.479496955871582031e+00 2.919461488723754883e+00
5.833348751068115234e+00 2.923521757125854492e+00
5.735507488250732422e+00 2.807661771774291992e+00
5.789109230041503906e+00 3.105034828186035156e+00
5.573317527770996094e+00 3.475950002670288086e+00
5.249294757843017578e+00 3.819602727890014648e+00
5.523477554321289062e+00 3.471498250961303711e+00
5.350359439849853516e+00 3.549297094345092773e+00
5.270443439483642578e+00 3.618390560150146484e+00
5.403882980346679688e+00 4.010762214660644531e+00
5.687164306640625000e+00 4.010341167449951172e+00
5.814820289611816406e+00 3.923337221145629883e+00
6.050537109375000000e+00 3.832474708557128906e+00
6.457481861114501953e+00 3.788308858871459961e+00
6.388555049896240234e+00 3.939739942550659180e+00
6.163826465606689453e+00 3.881847143173217773e+00
6.420956134796142578e+00 4.076105117797851562e+00
6.306701183319091797e+00 4.131803035736083984e+00
5.902529716491699219e+00 4.190729141235351562e+00
5.858638763427734375e+00 4.373079299926757812e+00
5.500567436218261719e+00 4.353604793548583984e+00
5.510917186737060547e+00 4.665699481964111328e+00
5.381237983703613281e+00 4.950384140014648438e+00
5.527780532836914062e+00 4.993028640747070312e+00
5.601308822631835938e+00 4.962132930755615234e+00
5.346660614013671875e+00 5.287643909454345703e+00
5.228208541870117188e+00 5.389772415161132812e+00
5.368544101715087891e+00 5.547071933746337891e+00
5.641174316406250000e+00 5.487626552581787109e+00
5.537116050720214844e+00 5.610178470611572266e+00
5.990534782409667969e+00 5.320138931274414062e+00
6.089467048645019531e+00 5.178783416748046875e+00
6.606481075286865234e+00 4.792268753051757812e+00
6.923433303833007812e+00 4.699308872222900391e+00
7.174969673156738281e+00 4.865905284881591797e+00
7.089970111846923828e+00 4.996330738067626953e+00
7.032055377960205078e+00 5.053866386413574219e+00
6.910366058349609375e+00 5.435261726379394531e+00
7.410756111145019531e+00 5.485146522521972656e+00
7.161454200744628906e+00 5.422692298889160156e+00
7.190561771392822266e+00 5.173892974853515625e+00
6.857147693634033203e+00 5.285825729370117188e+00
7.294299125671386719e+00 5.526300430297851562e+00
6.793550491333007812e+00 5.286507606506347656e+00
6.711113452911376953e+00 5.748290538787841797e+00
6.337114334106445312e+00 5.876391887664794922e+00
6.012947082519531250e+00 5.861775875091552734e+00
5.937630653381347656e+00 5.991959571838378906e+00
6.030682563781738281e+00 6.173930644989013672e+00
6.157461166381835938e+00 6.110839366912841797e+00
6.375009059906005859e+00 6.383792877197265625e+00
6.413321971893310547e+00 6.102661609649658203e+00
6.486006259918212891e+00 6.458559989929199219e+00
6.877794742584228516e+00 6.417640686035156250e+00
7.372658252716064453e+00 6.295120239257812500e+00
7.524850368499755859e+00 6.108362197875976562e+00
1.540592098236083984e+01 1.695696449279785156e+01
1.540194892883300781e+01 1.654429626464843750e+01
7.410747051239013672e+00 6.401369571685791016e+00
8.239491462707519531e+00 5.889416217803955078e+00
8.053527832031250000e+00 5.776390075683593750e+00
8.100202560424804688e+00 5.674237251281738281e+00
8.559920310974121094e+00 5.499001502990722656e+00
8.535492897033691406e+00 5.146397113800048828e+00
8.655982971191406250e+00 4.921402931213378906e+00
9.343505859375000000e+00 4.911816120147705078e+00
9.258895874023437500e+00 4.648209571838378906e+00
9.449017524719238281e+00 4.314529895782470703e+00
9.162554740905761719e+00 4.847048282623291016e+00
8.945758819580078125e+00 4.702193260192871094e+00
8.897623062133789062e+00 4.367636680603027344e+00
9.041336059570312500e+00 3.873226642608642578e+00
8.916424751281738281e+00 4.068127155303955078e+00
9.141794204711914062e+00 4.177704811096191406e+00
9.199675559997558594e+00 3.993744611740112305e+00
9.545981407165527344e+00 3.946640729904174805e+00
9.544683456420898438e+00 3.892847537994384766e+00
9.098999977111816406e+00 3.682842493057250977e+00
9.034450531005859375e+00 3.447304725646972656e+00
9.215860366821289062e+00 3.239684581756591797e+00
9.448450088500976562e+00 3.266393184661865234e+00
9.692994117736816406e+00 2.866137027740478516e+00
9.861057281494140625e+00 3.209105253219604492e+00
9.925518035888671875e+00 3.389844655990600586e+00
1.016999626159667969e+01 3.568489789962768555e+00
9.893379211425781250e+00 3.140446901321411133e+00
1.036253166198730469e+01 3.151397228240966797e+00
1.007462024688720703e+01 2.977229118347167969e+00
1.044880199432373047e+01 2.569692611694335938e+00
1.034213638305664062e+01 2.176746845245361328e+00
1.050015640258789062e+01 2.002411365509033203e+00
1.066416168212890625e+01 2.078517198562622070e+00
1.080501461029052734e+01 1.936720609664916992e+00
1.083335208892822266e+01 2.481839895248413086e+00
1.112147998809814453e+01 2.225460529327392578e+00
1.128542804718017578e+01 1.976318836212158203e+00
1.157798194885253906e+01 1.523227930068969727e+00
1.180338573455810547e+01 1.296627879142761230e+00
1.226535797119140625e+01 1.192018628120422363e+00
1.204983425140380859e+01 1.228858470916748047e+00
1.180825996398925781e+01 6.991737484931945801e-01
1.195329475402832031e+01 9.722359180450439453e-01
1.206544780731201172e+01 8.187531828880310059e-01
1.085438919067382812e+01 5.838812589645385742e-01
1.057913398742675781e+01 1.019033312797546387e+00
1.066080951690673828e+01 4.860475957393646240e-01
1.040025329589843750e+01 7.056586742401123047e-01
1.052889442443847656e+01 4.262183308601379395e-01
1.041467857360839844e+01 4.250585436820983887e-01
1.016885852813720703e+01 6.802738308906555176e-01
1.053104496002197266e+01 6.130228042602539062e-01
1.050803184509277344e+01 9.383059740066528320e-01
1.081425666809082031e+01 3.563947379589080811e-01
1.112576675415039062e+01 5.787165760993957520e-01
1.163666248321533203e+01 4.891095161437988281e-01
1.242078113555908203e+01 9.590927958488464355e-01
1.202005290985107422e+01 6.452262997627258301e-01
1.242707729339599609e+01 1.171109452843666077e-01
1.255602359771728516e+01 7.324576973915100098e-01
1.283909893035888672e+01 2.703797817230224609e-01
1.249746704101562500e+01 9.826929308474063873e-03
1.261447525024414062e+01 3.090658187866210938e-01
1.242565441131591797e+01 8.807199597358703613e-01
1.227266979217529297e+01 7.031046152114868164e-01
1.231772232055664062e+01 5.811588168144226074e-01
1.209041595458984375e+01 1.927009671926498413e-01
1.222989273071289062e+01 1.507856696844100952e-01
1.197869014739990234e+01 8.259480446577072144e-02
1.228135204315185547e+01 -2.614805400371551514e-01
1.200927829742431641e+01 -4.199612438678741455e-01
1.192998886108398438e+01 -1.240040421485900879e+00
1.176530265808105469e+01 -9.304104447364807129e-01
1.181669807434082031e+01 -1.056840300559997559e+00
1.174187469482421875e+01 -1.413560152053833008e+00
1.120690822601318359e+01 -1.229230046272277832e+00
1.091312503814697266e+01 -1.119156837463378906e+00
1.111918544769287109e+01 -9.229573607444763184e-01
1.121667480468750000e+01 -9.715203642845153809e-01
1.117427158355712891e+01 -1.098732233047485352e+00
1.177281856536865234e+01 -1.165565848350524902e+00
1.158839035034179688e+01 -1.385715007781982422e+00
1.172875785827636719e+01 -1.805169343948364258e+00
1.169365692138671875e+01 -1.766519665718078613e+00
1.161627101898193359e+01 -2.438335180282592773e+00
1.193976211547851562e+01 -2.240802049636840820e+00
1.135620403289794922e+01 -2.248342514038085938e+00
1.145458984375000000e+01 -2.103337049484252930e+00
1.123933315277099609e+01 -2.054881811141967773e+00
1.159609508514404297e+01 -2.061757326126098633e+00
1.117703437805175781e+01 -2.191386938095092773e+00
1.141108608245849609e+01 -2.735337018966674805e+00
1.125048255920410156e+01 -2.666057348251342773e+00
1.118784236907958984e+01 -2.778787374496459961e+00
1.114053249359130859e+01 -2.957864761352539062e+00
1.193159294128417969e+01 -2.733900308609008789e+00
1.200105190277099609e+01 -2.590155124664306641e+00
1.205478191375732422e+01 -2.336367130279541016e+00
1.184343910217285156e+01 -2.592210769653320312e+00
1.207113170623779297e+01 -3.121676445007324219e+00
1.189206027984619141e+01 -3.218082189559936523e+00
1.175970649719238281e+01 -3.329757213592529297e+00
1.207464504241943359e+01 -3.555845499038696289e+00
1.156379413604736328e+01 -3.452414512634277344e+00
1.169335651397705078e+01 -3.845448255538940430e+00
1.148924160003662109e+01 -3.740756988525390625e+00
1.148045253753662109e+01 -3.721096038818359375e+00
1.105990505218505859e+01 -3.496213197708129883e+00
1.117305850982666016e+01 -3.596240997314453125e+00
1.098306083679199219e+01 -3.704200983047485352e+00
1.084438133239746094e+01 -3.774457216262817383e+00
1.082126045227050781e+01 -4.229188919067382812e+00
1.108306312561035156e+01 -4.384034633636474609e+00
1.081284999847412109e+01 -4.715727329254150391e+00
1.113875293731689453e+01 -4.387305259704589844e+00
1.139199733734130859e+01 -4.427093982696533203e+00
1.179927444458007812e+01 -4.468714237213134766e+00
1.199506187438964844e+01 -4.609908103942871094e+00
1.260167884826660156e+01 -4.349184036254882812e+00
1.278489971160888672e+01 -4.234265804290771484e+00
1.278197097778320312e+01 -4.574309349060058594e+00
1.258854579925537109e+01 -4.529593944549560547e+00
1.279753589630126953e+01 -5.043435573577880859e+00
1.272486782073974609e+01 -5.238621234893798828e+00
1.262333202362060547e+01 -5.527300834655761719e+00
1.256941032409667969e+01 -5.278282165527343750e+00
1.284355545043945312e+01 -5.870548248291015625e+00
1.317657375335693359e+01 -6.132847309112548828e+00
1.387730979919433594e+01 -6.333924293518066406e+00
1.379141235351562500e+01 -6.499429702758789062e+00
1.273757457733154297e+01 2.592503428459167480e-01
1.299998092651367188e+01 3.159832358360290527e-01
1.288207244873046875e+01 7.513108253479003906e-01
1.309024143218994141e+01 7.431064844131469727e-01
1.303921127319335938e+01 9.628046751022338867e-01
1.242415428161621094e+01 1.216897106170654297e+01
1.218861103057861328e+01 1.238003349304199219e+01
1.200186729431152344e+01 1.240448284149169922e+01
1.231467342376708984e+01 1.214125728607177734e+01
1.172737789154052734e+01 1.194476413726806641e+01
1.206209754943847656e+01 1.227188873291015625e+01
1.170209980010986328e+01 1.213108444213867188e+01
1.168490886688232422e+01 1.301042842864990234e+01
1.155921363830566406e+01 1.285044384002685547e+01
1.172644996643066406e+01 1.285750389099121094e+01
1.154906654357910156e+01 1.318767261505126953e+01
1.176822185516357422e+01 1.298086166381835938e+01
1.209128093719482422e+01 1.266189193725585938e+01
1.232474517822265625e+01 1.269070243835449219e+01
1.252379703521728516e+01 1.272753047943115234e+01
1.264330768585205078e+01 1.298561954498291016e+01
1.272491455078125000e+01 1.299880599975585938e+01
1.231752300262451172e+01 1.304387474060058594e+01
1.266948986053466797e+01 1.330577087402343750e+01
1.251273345947265625e+01 1.348176574707031250e+01
1.267018318176269531e+01 1.413177013397216797e+01
1.254136753082275391e+01 1.427343845367431641e+01
1.276641464233398438e+01 1.417479515075683594e+01
1.244038677215576172e+01 1.396162891387939453e+01
1.240221023559570312e+01 1.392029380798339844e+01
1.237541580200195312e+01 1.371286582946777344e+01
1.211843013763427734e+01 1.394865036010742188e+01
1.189504241943359375e+01 1.391675758361816406e+01
1.201543235778808594e+01 1.393567943572998047e+01
1.186458873748779297e+01 1.441260433197021484e+01
1.177089309692382812e+01 1.449923324584960938e+01
1.190316677093505859e+01 1.481385898590087891e+01
1.182365798950195312e+01 1.477478313446044922e+01
1.203803730010986328e+01 1.472088527679443359e+01
1.241038417816162109e+01 1.478081798553466797e+01
1.244759559631347656e+01 1.521579170227050781e+01
1.226831245422363281e+01 1.482689380645751953e+01
1.224332809448242188e+01 1.502840232849121094e+01
1.249935817718505859e+01 1.513983058929443359e+01
1.245617771148681641e+01 1.516513061523437500e+01
1.279930114746093750e+01 1.506092834472656250e+01
1.278041172027587891e+01 1.503504753112792969e+01
1.294466400146484375e+01 1.496483421325683594e+01
1.263785362243652344e+01 1.516698741912841797e+01
1.283592700958251953e+01 1.570437812805175781e+01
1.246807193756103516e+01 1.584488677978515625e+01
1.238957023620605469e+01 1.602927970886230469e+01
1.197038841247558594e+01 1.598340988159179688e+01
1.224837112426757812e+01 1.622635650634765625e+01
1.213722896575927734e+01 1.641351318359375000e+01
1.186112689971923828e+01 1.637072181701660156e+01
1.235673713684082031e+01 1.642181968688964844e+01
1.215299224853515625e+01 1.660323333740234375e+01
1.163867282867431641e+01 1.652509880065917969e+01
1.202742385864257812e+01 1.683212089538574219e+01
1.191657257080078125e+01 1.675116539001464844e+01
1.197537708282470703e+01 1.696468544006347656e+01
1.236047935485839844e+01 1.716387176513671875e+01
1.225483226776123047e+01 1.727819061279296875e+01
1.237085151672363281e+01 1.757122421264648438e+01
1.265017604827880859e+01 1.748351097106933594e+01
1.278125381469726562e+01 1.743321228027343750e+01
1.288598442077636719e+01 1.764095306396484375e+01
1.305955696105957031e+01 1.756757545471191406e+01
1.330275440216064453e+01 1.698099136352539062e+01
1.361483097076416016e+01 1.693801116943359375e+01
1.341476440429687500e+01 1.718570709228515625e+01
1.325075340270996094e+01 1.672351074218750000e+01
1.331230735778808594e+01 1.686093711853027344e+01
1.369454097747802734e+01 1.706726074218750000e+01
1.362262821197509766e+01 1.696304130554199219e+01
1.323596954345703125e+01 1.735096931457519531e+01
1.394169807434082031e+01 1.731672668457031250e+01
1.362720203399658203e+01 1.763344192504882812e+01
1.414326477050781250e+01 1.813140487670898438e+01
1.416047096252441406e+01 1.809964752197265625e+01
1.355096912384033203e+01 1.761439895629882812e+01
1.366702842712402344e+01 1.784905052185058594e+01
1.335480403900146484e+01 1.799920082092285156e+01
1.380533790588378906e+01 1.836622619628906250e+01
1.383697414398193359e+01 1.796713829040527344e+01
1.359277629852294922e+01 -6.622363567352294922e+00
1.362163829803466797e+01 -6.444411754608154297e+00
1.367221546173095703e+01 -5.920592308044433594e+00
1.343859672546386719e+01 -5.664342880249023438e+00
1.365141296386718750e+01 -5.723744392395019531e+00
1.363959789276123047e+01 -5.727778911590576172e+00
1.402391147613525391e+01 -5.483352184295654297e+00
1.378360939025878906e+01 -5.758591651916503906e+00
1.398938846588134766e+01 -5.111273288726806641e+00
1.384897994995117188e+01 -5.012736797332763672e+00
1.360076236724853516e+01 -5.269380569458007812e+00
1.336571693420410156e+01 -5.408576011657714844e+00
1.308613777160644531e+01 -5.742235183715820312e+00
1.324253654479980469e+01 -5.052764415740966797e+00
1.300912284851074219e+01 -4.867700576782226562e+00
1.334578132629394531e+01 -4.539179325103759766e+00
1.332631206512451172e+01 -4.391773700714111328e+00
1.345356750488281250e+01 -4.105935096740722656e+00
1.359877109527587891e+01 -4.237626552581787109e+00
1.396403598785400391e+01 -4.321895122528076172e+00
1.401795482635498047e+01 -3.866525650024414062e+00
1.383908081054687500e+01 -3.705782890319824219e+00
1.413208389282226562e+01 -3.879468917846679688e+00
1.435101032257080078e+01 -3.833775758743286133e+00
1.410063648223876953e+01 -4.004926681518554688e+00
1.420447254180908203e+01 -4.360781669616699219e+00
1.432165813446044922e+01 -3.915562391281127930e+00
1.456908226013183594e+01 -4.438500404357910156e+00
1.452438640594482422e+01 -4.383010387420654297e+00
1.466160297393798828e+01 -4.568893432617187500e+00
1.479740619659423828e+01 -4.306608200073242188e+00
1.503402614593505859e+01 -3.943732738494873047e+00
1.501424121856689453e+01 -3.650490760803222656e+00
1.487747478485107422e+01 -3.336560726165771484e+00
1.543754005432128906e+01 -3.520471096038818359e+00
1.547272586822509766e+01 -3.270400285720825195e+00
1.574205303192138672e+01 -3.359976768493652344e+00
1.589838695526123047e+01 -3.114763021469116211e+00
1.571504306793212891e+01 -2.966794252395629883e+00
1.564713954925537109e+01 -3.326258420944213867e+00
1.613002967834472656e+01 -2.866807460784912109e+00
1.640636062622070312e+01 -2.880500793457031250e+00
1.613554954528808594e+01 -3.443004846572875977e+00
1.639232826232910156e+01 -2.907576799392700195e+00
1.600617408752441406e+01 -3.141305446624755859e+00
1.586321353912353516e+01 -2.624183177947998047e+00
1.540153980255126953e+01 -2.493297576904296875e+00
1.509891510009765625e+01 -2.564040184020996094e+00
1.488112068176269531e+01 -2.654857635498046875e+00
1.489742660522460938e+01 -2.446118593215942383e+00
1.493307876586914062e+01 -2.709665536880493164e+00
1.534291934967041016e+01 -2.295715093612670898e+00
1.539196491241455078e+01 -2.928752183914184570e+00
1.545565319061279297e+01 -2.943524599075317383e+00
1.551518535614013672e+01 -2.579435348510742188e+00
1.523812007904052734e+01 -2.733814477920532227e+00
1.476975154876708984e+01 -3.013485193252563477e+00
1.469768905639648438e+01 -3.151674032211303711e+00
1.505993080139160156e+01 -3.255697965621948242e+00
1.384832382202148438e+01 -6.420897006988525391e+00
1.396390914916992188e+01 -6.242078304290771484e+00
1.331626033782958984e+01 -6.078343391418457031e+00
1.281030845642089844e+01 -5.934206962585449219e+00
1.255838203430175781e+01 -5.831889629364013672e+00
1.231871032714843750e+01 -5.584927082061767578e+00
1.191386318206787109e+01 -5.483057975769042969e+00
1.184563446044921875e+01 -5.362232685089111328e+00
1.155952548980712891e+01 -5.451913833618164062e+00
1.159753036499023438e+01 -5.536135673522949219e+00
1.149337196350097656e+01 -5.742296695709228516e+00
1.138047695159912109e+01 -5.786911487579345703e+00
1.108636474609375000e+01 -5.460424423217773438e+00
1.092466926574707031e+01 -5.627543926239013672e+00
1.099597358703613281e+01 -5.652250289916992188e+00
1.077270698547363281e+01 -5.915682315826416016e+00
1.079178428649902344e+01 -5.759203910827636719e+00
1.087434673309326172e+01 -6.108184337615966797e+00
1.061400032043457031e+01 -6.389066696166992188e+00
1.104340076446533203e+01 -6.565525531768798828e+00
1.074274253845214844e+01 -6.760935783386230469e+00
1.085989475250244141e+01 -6.737697601318359375e+00
1.080997467041015625e+01 -6.916724681854248047e+00
1.107200431823730469e+01 -6.701948165893554688e+00
1.165674495697021484e+01 -6.517828941345214844e+00
1.211314010620117188e+01 -6.343599796295166016e+00
1.215213871002197266e+01 -6.620659351348876953e+00
1.226694107055664062e+01 -6.025206089019775391e+00
1.186032581329345703e+01 -6.384698867797851562e+00
1.195391750335693359e+01 -6.426665782928466797e+00
1.193592834472656250e+01 -6.843475341796875000e+00
1.218063354492187500e+01 -7.085292339324951172e+00
1.208788108825683594e+01 -7.026025295257568359e+00
1.166302967071533203e+01 -7.282125949859619141e+00
1.153996372222900391e+01 -7.417280673980712891e+00
1.153736686706542969e+01 -7.519323348999023438e+00
1.117861938476562500e+01 -7.311288356781005859e+00
1.131699752807617188e+01 -7.438463211059570312e+00
1.092472553253173828e+01 -7.706986427307128906e+00
1.083507728576660156e+01 -7.637072563171386719e+00
1.037820148468017578e+01 -7.900655269622802734e+00
1.053015041351318359e+01 -7.668357849121093750e+00
1.051720523834228516e+01 -7.336997985839843750e+00
1.024671459197998047e+01 -7.127576828002929688e+00
1.005706310272216797e+01 -7.091680049896240234e+00
9.952360153198242188e+00 -7.471940994262695312e+00
9.964441299438476562e+00 -7.634146690368652344e+00
1.004577732086181641e+01 -7.892543792724609375e+00
1.008146858215332031e+01 -7.896040439605712891e+00
1.028480815887451172e+01 -8.227535247802734375e+00
1.042109870910644531e+01 -8.348065376281738281e+00
1.046157455444335938e+01 -8.526128768920898438e+00
1.102375411987304688e+01 -8.239057540893554688e+00
1.067016315460205078e+01 -8.137565612792968750e+00
1.092763710021972656e+01 -8.449964523315429688e+00
1.068391227722167969e+01 -8.807392120361328125e+00
1.100542736053466797e+01 -8.925699234008789062e+00
1.102599906921386719e+01 -9.057321548461914062e+00
1.143626976013183594e+01 -9.066698074340820312e+00
1.155873394012451172e+01 -8.789333343505859375e+00
1.173538017272949219e+01 -8.440914154052734375e+00
1.166151618957519531e+01 -8.543902397155761719e+00
1.112219715118408203e+01 -8.972931861877441406e+00
1.144033622741699219e+01 -8.594885826110839844e+00
1.145370006561279297e+01 -8.606671333312988281e+00
1.136329555511474609e+01 -8.427235603332519531e+00
1.126879024505615234e+01 -8.623894691467285156e+00
1.091523742675781250e+01 -8.538045883178710938e+00
1.135946941375732422e+01 -8.356391906738281250e+00
1.387220573425292969e+01 1.806900215148925781e+01
1.336755752563476562e+01 1.851920127868652344e+01
1.303807163238525391e+01 1.837540054321289062e+01
1.276917839050292969e+01 1.841295242309570312e+01
1.272627162933349609e+01 1.877270126342773438e+01
1.302079868316650391e+01 1.909682846069335938e+01
1.283454227447509766e+01 1.878701782226562500e+01
1.273533725738525391e+01 1.935299491882324219e+01
1.308733463287353516e+01 1.894648742675781250e+01
1.326716709136962891e+01 1.930144500732421875e+01
1.313465690612792969e+01 1.923454284667968750e+01
1.363640117645263672e+01 1.930038452148437500e+01
1.375801658630371094e+01 1.904032707214355469e+01
1.391358566284179688e+01 1.928250694274902344e+01
1.455345249176025391e+01 2.031126213073730469e+01
1.501069259643554688e+01 2.025722503662109375e+01
1.507950687408447266e+01 2.060478210449218750e+01
1.492758083343505859e+01 2.064022064208984375e+01
1.486111736297607422e+01 2.078586196899414062e+01
1.445975589752197266e+01 2.089300346374511719e+01
1.456667232513427734e+01 2.057517433166503906e+01
1.477457714080810547e+01 2.014081001281738281e+01
1.454968357086181641e+01 1.988198089599609375e+01
1.459298515319824219e+01 1.969985961914062500e+01
1.445328521728515625e+01 1.977361869812011719e+01
1.424758625030517578e+01 2.002753829956054688e+01
1.443434906005859375e+01 1.997071838378906250e+01
1.376714801788330078e+01 1.999515533447265625e+01
1.358006095886230469e+01 2.023781585693359375e+01
1.385002136230468750e+01 2.000419044494628906e+01
1.380626010894775391e+01 1.968029975891113281e+01
1.373126506805419922e+01 1.995403099060058594e+01
1.344439983367919922e+01 1.970402908325195312e+01
1.329031181335449219e+01 1.999591636657714844e+01
1.332725143432617188e+01 2.069791221618652344e+01
1.270864391326904297e+01 2.071177101135253906e+01
1.294541454315185547e+01 2.095342254638671875e+01
1.291156005859375000e+01 2.067041206359863281e+01
1.262060356140136719e+01 2.053759574890136719e+01
1.278125953674316406e+01 2.065455627441406250e+01
1.312622261047363281e+01 2.086873817443847656e+01
1.306118392944335938e+01 2.132836151123046875e+01
1.373958778381347656e+01 2.149337387084960938e+01
1.389233779907226562e+01 2.147273826599121094e+01
1.390983009338378906e+01 2.162043762207031250e+01
1.363661193847656250e+01 2.200517272949218750e+01
1.374843120574951172e+01 2.187651443481445312e+01
1.399484539031982422e+01 2.213576889038085938e+01
1.362486648559570312e+01 2.193714141845703125e+01
1.342236518859863281e+01 2.206920051574707031e+01
1.389654827117919922e+01 2.236851882934570312e+01
1.360394477844238281e+01 2.253206634521484375e+01
1.383302116394042969e+01 2.249930000305175781e+01
1.368269348144531250e+01 2.273980903625488281e+01
1.357707881927490234e+01 2.283045387268066406e+01
1.332475471496582031e+01 2.268949127197265625e+01
1.350225448608398438e+01 2.231659889221191406e+01
1.289990043640136719e+01 2.267822265625000000e+01
1.295306110382080078e+01 2.250588035583496094e+01
1.266413402557373047e+01 2.218619346618652344e+01
1.275410938262939453e+01 2.232453727722167969e+01
1.257019329071044922e+01 2.218221282958984375e+01
1.288784599304199219e+01 2.232360076904296875e+01
1.296351242065429688e+01 2.194276618957519531e+01
1.302817821502685547e+01 2.193772697448730469e+01
1.298287868499755859e+01 2.173384094238281250e+01
1.273597049713134766e+01 2.154253578186035156e+01
1.256716251373291016e+01 2.175379562377929688e+01
1.289420032501220703e+01 2.138429450988769531e+01
1.252252769470214844e+01 2.152270889282226562e+01
1.248319339752197266e+01 2.147739982604980469e+01
1.380156040191650391e+01 1.788567733764648438e+01
1.346711635589599609e+01 1.830896568298339844e+01
1.352599620819091797e+01 1.829434967041015625e+01
1.394718742370605469e+01 1.829000473022460938e+01
1.415380954742431641e+01 1.843979072570800781e+01
1.422811603546142578e+01 1.843279838562011719e+01
1.455193614959716797e+01 1.837535667419433594e+01
1.452218532562255859e+01 1.879274749755859375e+01
1.499798393249511719e+01 1.882773017883300781e+01
1.481873512268066406e+01 1.900322723388671875e+01
1.489113235473632812e+01 1.873825454711914062e+01
1.455266571044921875e+01 1.907099723815917969e+01
1.473635768890380859e+01 1.887393951416015625e+01
1.524586391448974609e+01 1.898160362243652344e+01
1.571956348419189453e+01 1.921649932861328125e+01
1.604006195068359375e+01 1.929819679260253906e+01
1.612896537780761719e+01 1.933552742004394531e+01
1.641666984558105469e+01 1.933339691162109375e+01
1.629426765441894531e+01 1.959332084655761719e+01
1.660442352294921875e+01 1.976428604125976562e+01
1.663255119323730469e+01 1.979428863525390625e+01
1.643057632446289062e+01 1.956375694274902344e+01
1.655608367919921875e+01 1.955087280273437500e+01
1.653510475158691406e+01 1.946009445190429688e+01
1.628596305847167969e+01 1.884356307983398438e+01
1.651534652709960938e+01 1.895409393310546875e+01
1.677377891540527344e+01 1.903651809692382812e+01
1.701895904541015625e+01 1.848200416564941406e+01
1.720143508911132812e+01 1.831140899658203125e+01
1.736822128295898438e+01 1.861815071105957031e+01
1.714831542968750000e+01 1.891517257690429688e+01
1.705982780456542969e+01 1.923765182495117188e+01
1.697628211975097656e+01 1.892897415161132812e+01
1.735334014892578125e+01 1.908942413330078125e+01
1.727442550659179688e+01 1.914674377441406250e+01
1.661102104187011719e+01 1.886058235168457031e+01
1.682931137084960938e+01 1.874868011474609375e+01
1.661232376098632812e+01 1.854695320129394531e+01
1.670784378051757812e+01 1.871490859985351562e+01
1.620686721801757812e+01 1.849830055236816406e+01
1.650837516784667969e+01 1.839088439941406250e+01
1.616488265991210938e+01 1.828873443603515625e+01
1.634833335876464844e+01 1.809278488159179688e+01
1.591764259338378906e+01 1.778161239624023438e+01
1.577791309356689453e+01 1.762290763854980469e+01
1.558557701110839844e+01 1.783288764953613281e+01
1.553107452392578125e+01 1.757721710205078125e+01
1.549281120300292969e+01 1.741691207885742188e+01
1.556033325195312500e+01 1.702495002746582031e+01
1.574176883697509766e+01 1.705859184265136719e+01
1.553712081909179688e+01 1.716797828674316406e+01
1.592895412445068359e+01 1.682857322692871094e+01
1.611253738403320312e+01 1.754175376892089844e+01
1.619060134887695312e+01 1.717808914184570312e+01
1.669403457641601562e+01 1.715757560729980469e+01
1.644176864624023438e+01 1.723462486267089844e+01
1.617367553710937500e+01 1.697651672363281250e+01
1.636801719665527344e+01 1.691928100585937500e+01
1.629361915588378906e+01 1.661081123352050781e+01
1.631217002868652344e+01 1.673003196716308594e+01
1.641391563415527344e+01 1.683297729492187500e+01
1.636143875122070312e+01 1.729001808166503906e+01
1.705665206909179688e+01 1.777757644653320312e+01
1.686290740966796875e+01 1.756213760375976562e+01
1.691562080383300781e+01 1.757675170898437500e+01
1.740709877014160156e+01 1.773527526855468750e+01
1.731460380554199219e+01 1.763639259338378906e+01
1.749753189086914062e+01 1.709893226623535156e+01
1.740508842468261719e+01 1.692054557800292969e+01
1.730523109436035156e+01 1.679648208618164062e+01
1.749488067626953125e+01 1.723113059997558594e+01
1.714980506896972656e+01 1.729746818542480469e+01
1.756898689270019531e+01 1.696935462951660156e+01
1.747062492370605469e+01 1.717158508300781250e+01
1.715831947326660156e+01 1.668947029113769531e+01
1.724374771118164062e+01 1.697376060485839844e+01
1.683692169189453125e+01 1.709389305114746094e+01
