1.090856266021728516e+01 6.617557525634765625e+00
1.084126377105712891e+01 6.574743270874023438e+00
1.053372383117675781e+01 6.318968772888183594e+00
1.080840492248535156e+01 5.882666110992431641e+00
1.016248893737792969e+01 6.090438365936279297e+00
1.020149230957031250e+01 6.086938858032226562e+00
1.002312850952148438e+01 5.828147888183593750e+00
1.018768310546875000e+01 5.566179752349853516e+00
1.023284339904785156e+01 5.394571304321289062e+00
1.003608131408691406e+01 5.432356357574462891e+00
1.108607864379882812e+01 5.511302471160888672e+00
1.108184146881103516e+01 5.733572006225585938e+00
1.098062324523925781e+01 5.440338134765625000e+00
1.121550559997558594e+01 5.576549053192138672e+00
1.074763298034667969e+01 5.095474243164062500e+00
1.080907440185546875e+01 5.047268390655517578e+00
1.065862464904785156e+01 4.880342483520507812e+00
1.049270057678222656e+01 4.760191440582275391e+00
1.024780368804931641e+01 4.578678607940673828e+00
1.006851673126220703e+01 4.943809509277343750e+00
1.039062976837158203e+01 5.020690917968750000e+00
1.017485809326171875e+01 5.356750488281250000e+00
9.808250427246093750e+00 5.215212345123291016e+00
9.392924308776855469e+00 5.264189720153808594e+00
9.466093063354492188e+00 4.861703872680664062e+00
9.599897384643554688e+00 4.742004394531250000e+00
9.557718276977539062e+00 4.736454010009765625e+00
9.512411117553710938e+00 4.823194026947021484e+00
8.910543441772460938e+00 4.900165081024169922e+00
8.753199577331542969e+00 4.881015777587890625e+00
8.692482948303222656e+00 4.706264019012451172e+00
8.498509407043457031e+00 4.543081760406494141e+00
8.215198516845703125e+00 4.689509868621826172e+00
8.194837570190429688e+00 4.355500221252441406e+00
7.789334774017333984e+00 4.099555015563964844e+00
7.824760437011718750e+00 4.007875919342041016e+00
7.678901672363281250e+00 4.274613380432128906e+00
7.595045089721679688e+00 3.865474224090576172e+00
7.563331127166748047e+00 4.341941833496093750e+00
7.333031177520751953e+00 3.855534791946411133e+00
7.085838794708251953e+00 3.749079704284667969e+00
6.617576599121093750e+00 3.844907283782958984e+00
6.679805278778076172e+00 3.669849395751953125e+00
6.825554847717285156e+00 3.621720314025878906e+00
6.845188617706298828e+00 4.146714210510253906e+00
6.872745037078857422e+00 4.353756904602050781e+00
6.915770053863525391e+00 4.768198013305664062e+00
7.153122901916503906e+00 4.349709510803222656e+00
6.511487483978271484e+00 4.409126281738281250e+00
6.370969295501708984e+00 4.080088138580322266e+00
6.087615013122558594e+00 4.235532760620117188e+00
6.227915763854980469e+00 3.943210124969482422e+00
6.021013736724853516e+00 3.751320362091064453e+00
5.952635288238525391e+00 3.401687860488891602e+00
6.141015052795410156e+00 3.451517105102539062e+00
5.949186325073242188e+00 3.796095848083496094e+00
6.114713668823242188e+00 3.965709447860717773e+00
5.657762527465820312e+00 4.004364013671875000e+00
5.394144058227539062e+00 3.601318359375000000e+00
5.345161437988281250e+00 3.624016761779785156e+00
5.189972877502441406e+00 3.438122510910034180e+00
5.335633277893066406e+00 3.898295164108276367e+00
5.455914497375488281e+00 3.405762672424316406e+00
5.133685111999511719e+00 3.600276231765747070e+00
5.114808559417724609e+00 3.802925825119018555e+00
5.367135524749755859e+00 4.200662136077880859e+00
5.477184295654296875e+00 4.335654735565185547e+00
5.392659187316894531e+00 4.477235794067382812e+00
5.347661972045898438e+00 4.338867664337158203e+00
5.257789134979248047e+00 4.458216190338134766e+00
5.084321498870849609e+00 4.399830341339111328e+00
4.681540966033935547e+00 4.336433410644531250e+00
4.351274013519287109e+00 4.292507648468017578e+00
4.248166084289550781e+00 4.550175666809082031e+00
4.091553211212158203e+00 4.754502296447753906e+00
4.374392032623291016e+00 4.577679634094238281e+00
4.105170249938964844e+00 4.378442764282226562e+00
4.304527759552001953e+00 4.511607170104980469e+00
3.909712791442871094e+00 4.796463012695312500e+00
4.267250061035156250e+00 5.621201038360595703e+00
4.337357044219970703e+00 4.966635227203369141e+00
4.412462711334228516e+00 5.441511154174804688e+00
4.613485813140869141e+00 5.506113052368164062e+00
4.503536224365234375e+00 5.327418804168701172e+00
4.617120742797851562e+00 5.607700347900390625e+00
4.267089843750000000e+00 5.491310119628906250e+00
3.984651088714599609e+00 5.078174591064453125e+00
3.519388437271118164e+00 5.322010993957519531e+00
3.683066606521606445e+00 5.374153137207031250e+00
3.833917856216430664e+00 5.375388622283935547e+00
3.876054763793945312e+00 5.903200149536132812e+00
3.708745479583740234e+00 5.798061847686767578e+00
3.607483625411987305e+00 5.543314933776855469e+00
3.632492780685424805e+00 5.968859195709228516e+00
3.368744134902954102e+00 5.840008258819580078e+00
3.487783193588256836e+00 6.165077686309814453e+00
2.139482975006103516e+00 6.527080535888671875e+00
1.988603472709655762e+00 6.495397567749023438e+00
1.573799371719360352e+00 6.370511531829833984e+00
1.718942999839782715e+00 6.228798866271972656e+00
1.905108928680419922e+00 6.345061302185058594e+00
2.113476037979125977e+00 5.909418106079101562e+00
2.096452951431274414e+00 5.973557472229003906e+00
2.126883983612060547e+00 5.848878383636474609e+00
2.223881721496582031e+00 5.840336322784423828e+00
2.667230129241943359e+00 5.602929592132568359e+00
2.169061899185180664e+00 5.502175331115722656e+00
2.140069723129272461e+00 5.375321388244628906e+00
2.210557699203491211e+00 5.017916202545166016e+00
2.367094755172729492e+00 5.159479618072509766e+00
2.720253944396972656e+00 4.844143867492675781e+00
2.767480134963989258e+00 4.807516098022460938e+00
2.754770994186401367e+00 5.364575862884521484e+00
2.459523439407348633e+00 5.658603668212890625e+00
2.648344755172729492e+00 5.675109863281250000e+00
2.756287336349487305e+00 5.826130867004394531e+00
2.893735885620117188e+00 6.070919036865234375e+00
2.596116781234741211e+00 6.258822441101074219e+00
2.220921516418457031e+00 6.808598518371582031e+00
2.150393247604370117e+00 6.725190639495849609e+00
2.388149499893188477e+00 6.978509426116943359e+00
2.998363256454467773e+00 6.868417263031005859e+00
2.893033027648925781e+00 6.841474533081054688e+00
2.753319263458251953e+00 6.736145973205566406e+00
2.821531772613525391e+00 7.018315792083740234e+00
2.936973094940185547e+00 6.747395038604736328e+00
3.095611333847045898e+00 7.039631366729736328e+00
3.096961736679077148e+00 7.301489353179931641e+00
2.468430995941162109e+00 7.492919921875000000e+00
2.039985179901123047e+00 7.362173080444335938e+00
1.785845279693603516e+00 7.316236495971679688e+00
1.755069017410278320e+00 7.008447170257568359e+00
1.599206447601318359e+00 7.469291210174560547e+00
1.645334005355834961e+00 7.675226211547851562e+00
1.558839559555053711e+00 7.643381118774414062e+00
1.765548586845397949e+00 7.704092979431152344e+00
1.843111634254455566e+00 7.928982734680175781e+00
2.439092397689819336e+00 8.087527275085449219e+00
2.182637929916381836e+00 7.996991634368896484e+00
2.546795845031738281e+00 8.225116729736328125e+00
2.720281600952148438e+00 8.121225357055664062e+00
2.801195621490478516e+00 8.152567863464355469e+00
2.566726446151733398e+00 8.545654296875000000e+00
2.668381929397583008e+00 8.796275138854980469e+00
2.722412586212158203e+00 8.858963966369628906e+00
2.764367341995239258e+00 8.923261642456054688e+00
3.335047483444213867e+00 8.877423286437988281e+00
3.448077201843261719e+00 8.915208816528320312e+00
3.106995344161987305e+00 8.975756645202636719e+00
3.281476020812988281e+00 8.538471221923828125e+00
3.686676502227783203e+00 7.986301422119140625e+00
3.579165935516357422e+00 7.864950180053710938e+00
3.827887296676635742e+00 8.100665092468261719e+00
4.053784370422363281e+00 8.341905593872070312e+00
4.226099491119384766e+00 8.540891647338867188e+00
3.996893167495727539e+00 8.495377540588378906e+00
4.187465667724609375e+00 8.753927230834960938e+00
3.955167531967163086e+00 8.929253578186035156e+00
3.758619785308837891e+00 9.224805831909179688e+00
3.503622293472290039e+00 9.211762428283691406e+00
3.623592138290405273e+00 9.384447097778320312e+00
3.758002281188964844e+00 9.664874076843261719e+00
3.690276622772216797e+00 9.312078475952148438e+00
3.197829246520996094e+00 9.573820114135742188e+00
3.459767341613769531e+00 9.373834609985351562e+00
3.870677709579467773e+00 9.209687232971191406e+00
3.895998001098632812e+00 9.755181312561035156e+00
3.859817981719970703e+00 9.713191032409667969e+00
4.074108600616455078e+00 9.572518348693847656e+00
4.446684360504150391e+00 9.611969947814941406e+00
4.470384120941162109e+00 9.149360656738281250e+00
4.677936553955078125e+00 9.522901535034179688e+00
4.748147964477539062e+00 9.392978668212890625e+00
5.042965412139892578e+00 9.169923782348632812e+00
4.814610481262207031e+00 9.558070182800292969e+00
4.955981254577636719e+00 9.762642860412597656e+00
4.916102409362792969e+00 9.776767730712890625e+00
5.644762992858886719e+00 9.501729965209960938e+00
5.843080043792724609e+00 9.805572509765625000e+00
5.847689151763916016e+00 9.490258216857910156e+00
6.022102832794189453e+00 9.726286888122558594e+00
5.994433403015136719e+00 1.010535907745361328e+01
6.383493900299072266e+00 1.022871112823486328e+01
6.351236343383789062e+00 1.016756629943847656e+01
6.493295192718505859e+00 1.025922489166259766e+01
6.377684116363525391e+00 9.717597007751464844e+00
6.296483516693115234e+00 9.481671333312988281e+00
6.128434658050537109e+00 9.900526046752929688e+00
5.921639919281005859e+00 9.711632728576660156e+00
6.285444736480712891e+00 9.258149147033691406e+00
6.604705810546875000e+00 9.166232109069824219e+00
6.463631629943847656e+00 9.313242912292480469e+00
6.499547004699707031e+00 8.840124130249023438e+00
6.725759029388427734e+00 8.838281631469726562e+00
6.874752044677734375e+00 8.997761726379394531e+00
6.828398227691650391e+00 8.758701324462890625e+00
7.089143276214599609e+00 9.546453475952148438e+00
7.279772758483886719e+00 9.242563247680664062e+00
7.077126502990722656e+00 8.970275878906250000e+00
6.999262809753417969e+00 8.847704887390136719e+00
7.305949687957763672e+00 9.012710571289062500e+00
7.463156700134277344e+00 9.280605316162109375e+00
7.534284591674804688e+00 9.454517364501953125e+00
7.425835132598876953e+00 9.770961761474609375e+00
7.288668632507324219e+00 9.928250312805175781e+00
6.995208740234375000e+00 1.033183193206787109e+01
7.123935222625732422e+00 1.029128742218017578e+01
7.568639278411865234e+00 1.035926532745361328e+01
7.693495273590087891e+00 9.982822418212890625e+00
7.825860500335693359e+00 1.020913791656494141e+01
7.770028114318847656e+00 1.053218841552734375e+01
7.984915256500244141e+00 1.031220436096191406e+01
7.875103473663330078e+00 9.796656608581542969e+00
8.194667816162109375e+00 1.002304077148437500e+01
8.229764938354492188e+00 1.008469200134277344e+01
8.459352493286132812e+00 9.780550956726074219e+00
8.366069793701171875e+00 9.606534004211425781e+00
8.128112792968750000e+00 9.234171867370605469e+00
8.125922203063964844e+00 8.862574577331542969e+00
8.166585922241210938e+00 8.273939132690429688e+00
7.988831043243408203e+00 8.463076591491699219e+00
8.108607292175292969e+00 8.618021965026855469e+00
7.876830577850341797e+00 8.497509002685546875e+00
8.538711547851562500e+00 8.674224853515625000e+00
8.588936805725097656e+00 8.994241714477539062e+00
8.842697143554687500e+00 9.133461952209472656e+00
8.862810134887695312e+00 9.720064163208007812e+00
8.833778381347656250e+00 9.616153717041015625e+00
9.177087783813476562e+00 9.981983184814453125e+00
9.185531616210937500e+00 9.907625198364257812e+00
9.072465896606445312e+00 1.012188625335693359e+01
9.335427284240722656e+00 1.015369510650634766e+01
8.969165802001953125e+00 9.955982208251953125e+00
8.987360954284667969e+00 9.222849845886230469e+00
8.273805618286132812e+00 8.480978012084960938e+00
8.648953437805175781e+00 8.316252708435058594e+00
8.713375091552734375e+00 8.196293830871582031e+00
8.829539299011230469e+00 8.174120903015136719e+00
8.702666282653808594e+00 7.984539031982421875e+00
8.672669410705566406e+00 8.059453010559082031e+00
9.152281761169433594e+00 8.153184890747070312e+00
9.164041519165039062e+00 8.606410026550292969e+00
9.279624938964843750e+00 8.684061050415039062e+00
9.392597198486328125e+00 8.688548088073730469e+00
9.536009788513183594e+00 8.861694335937500000e+00
9.715592384338378906e+00 9.384574890136718750e+00
9.746766090393066406e+00 9.427822113037109375e+00
9.640033721923828125e+00 9.457818984985351562e+00
9.939341545104980469e+00 9.753224372863769531e+00
1.007637214660644531e+01 9.993790626525878906e+00
9.979927062988281250e+00 9.784976005554199219e+00
1.048434543609619141e+01 1.033268451690673828e+01
1.046084880828857422e+01 1.012532520294189453e+01
1.037459182739257812e+01 1.030949115753173828e+01
1.043407726287841797e+01 1.000171566009521484e+01
1.029490566253662109e+01 9.883339881896972656e+00
1.071244812011718750e+01 9.392434120178222656e+00
1.043028926849365234e+01 9.224780082702636719e+00
1.042953300476074219e+01 8.798237800598144531e+00
1.051750087738037109e+01 9.189435005187988281e+00
1.094684314727783203e+01 9.130783081054687500e+00
1.097453212738037109e+01 9.234954833984375000e+00
1.119406890869140625e+01 8.866379737854003906e+00
1.148578834533691406e+01 9.035304069519042969e+00
1.165387725830078125e+01 8.854310035705566406e+00
1.161861896514892578e+01 8.634066581726074219e+00
1.142130470275878906e+01 8.267977714538574219e+00
1.136513996124267578e+01 8.526244163513183594e+00
1.118367862701416016e+01 8.428479194641113281e+00
1.139426231384277344e+01 8.602433204650878906e+00
1.088845920562744141e+01 8.623920440673828125e+00
1.084533405303955078e+01 8.587855339050292969e+00
1.069422435760498047e+01 8.386117935180664062e+00
1.074020862579345703e+01 8.235892295837402344e+00
1.084857749938964844e+01 8.035923004150390625e+00
1.116909980773925781e+01 8.088928222656250000e+00
1.171179771423339844e+01 7.712280273437500000e+00
1.158325004577636719e+01 7.165256977081298828e+00
1.134010028839111328e+01 6.971252918243408203e+00
1.156267356872558594e+01 7.155574321746826172e+00
1.089593124389648438e+01 7.371531009674072266e+00
1.109332370758056641e+01 7.244199752807617188e+00
1.085089683532714844e+01 7.020561218261718750e+00
1.038937282562255859e+01 7.009356975555419922e+00
1.001281547546386719e+01 7.499531745910644531e+00
1.029390048980712891e+01 7.607588291168212891e+00
1.018272686004638672e+01 7.512466430664062500e+00
1.015504550933837891e+01 7.132675170898437500e+00
1.023737430572509766e+01 7.169848442077636719e+00
1.008397483825683594e+01 7.608755111694335938e+00
1.250233459472656250e+01 4.691941261291503906e+00
1.255001544952392578e+01 5.533832073211669922e+00
1.293428325653076172e+01 5.690508365631103516e+00
1.280212879180908203e+01 5.923778057098388672e+00
1.284248638153076172e+01 5.786859035491943359e+00
1.269938564300537109e+01 6.354062557220458984e+00
1.297770977020263672e+01 6.449191570281982422e+00
1.234366703033447266e+01 6.556803226470947266e+00
1.240394973754882812e+01 6.016284465789794922e+00
1.226656246185302734e+01 6.052018165588378906e+00
1.216343498229980469e+01 5.907400131225585938e+00
1.203582572937011719e+01 6.084966659545898438e+00
1.202123355865478516e+01 5.930809974670410156e+00
1.227548027038574219e+01 6.178496360778808594e+00
1.225041007995605469e+01 6.205957889556884766e+00
1.273293781280517578e+01 6.765057563781738281e+00
1.289645195007324219e+01 6.986441612243652344e+00
1.316006946563720703e+01 7.064632892608642578e+00
1.356959915161132812e+01 7.082309722900390625e+00
1.364836883544921875e+01 6.712303638458251953e+00
1.357527828216552734e+01 6.384827613830566406e+00
1.366124248504638672e+01 7.148079872131347656e+00
1.383721160888671875e+01 6.531398296356201172e+00
1.423356533050537109e+01 6.706945896148681641e+00
1.403988456726074219e+01 6.874594211578369141e+00
1.348904323577880859e+01 6.980315685272216797e+00
1.326380062103271484e+01 6.769273757934570312e+00
1.300801753997802734e+01 6.855076789855957031e+00
1.313986206054687500e+01 6.598768234252929688e+00
1.299466037750244141e+01 7.035051822662353516e+00
1.274458408355712891e+01 7.437664031982421875e+00
1.290192699432373047e+01 7.391520500183105469e+00
1.331033039093017578e+01 7.812224388122558594e+00
1.351555061340332031e+01 7.507770061492919922e+00
1.364195919036865234e+01 7.775021553039550781e+00
1.376778125762939453e+01 7.619784832000732422e+00
1.378033161163330078e+01 7.572079181671142578e+00
1.391633319854736328e+01 7.626407623291015625e+00
1.424470615386962891e+01 7.532345771789550781e+00
1.458874988555908203e+01 7.380832672119140625e+00
1.427607345581054688e+01 7.012616157531738281e+00
1.429980468750000000e+01 7.011991024017333984e+00
1.452570819854736328e+01 6.696985244750976562e+00
1.482326221466064453e+01 6.776602745056152344e+00
1.501623535156250000e+01 7.141790866851806641e+00
1.523251438140869141e+01 6.875565052032470703e+00
1.515412330627441406e+01 6.885030269622802734e+00
1.517151546478271484e+01 6.763381481170654297e+00
1.626965332031250000e+01 6.770950317382812500e+00
1.640774345397949219e+01 6.625261783599853516e+00
1.661557197570800781e+01 6.379126071929931641e+00
1.623073387145996094e+01 6.869068145751953125e+00
1.636884689331054688e+01 6.170626640319824219e+00
1.587863540649414062e+01 6.480519771575927734e+00
1.586083507537841797e+01 6.600419998168945312e+00
1.612103652954101562e+01 6.329664230346679688e+00
1.581655788421630859e+01 6.312416553497314453e+00
1.597703552246093750e+01 6.455823421478271484e+00
1.661824989318847656e+01 6.558817386627197266e+00
1.685694122314453125e+01 7.097229003906250000e+00
1.697548103332519531e+01 7.252439975738525391e+00
1.662206268310546875e+01 7.469032764434814453e+00
1.677280426025390625e+01 7.514673709869384766e+00
1.612104988098144531e+01 7.906332492828369141e+00
1.539100646972656250e+01 7.761468887329101562e+00
1.507303619384765625e+01 7.370408535003662109e+00
1.521253395080566406e+01 6.515309333801269531e+00
1.506366825103759766e+01 6.294996261596679688e+00
1.515627670288085938e+01 5.753949165344238281e+00
1.509434795379638672e+01 5.680533885955810547e+00
1.515711307525634766e+01 5.251986980438232422e+00
1.507437038421630859e+01 4.956432342529296875e+00
1.555714607238769531e+01 4.505432128906250000e+00
1.568010616302490234e+01 4.879216670989990234e+00
1.527199459075927734e+01 4.727602005004882812e+00
1.513735771179199219e+01 4.936115741729736328e+00
1.561554527282714844e+01 5.139192104339599609e+00
1.569228267669677734e+01 5.400475025177001953e+00
1.600797462463378906e+01 5.319621086120605469e+00
1.583150863647460938e+01 5.511643409729003906e+00
1.571757793426513672e+01 5.501657962799072266e+00
1.544929218292236328e+01 5.569788455963134766e+00
1.543417739868164062e+01 5.017851829528808594e+00
1.537531375885009766e+01 3.911052227020263672e+00
1.526891040802001953e+01 3.473902225494384766e+00
1.534238052368164062e+01 3.353971719741821289e+00
1.510644054412841797e+01 3.655811786651611328e+00
1.537647724151611328e+01 3.212469339370727539e+00
1.520725631713867188e+01 3.795637845993041992e+00
1.503138351440429688e+01 3.686183214187622070e+00
1.519078063964843750e+01 3.339799165725708008e+00
1.489530563354492188e+01 3.137483835220336914e+00
1.491217231750488281e+01 2.967395544052124023e+00
1.516910171508789062e+01 2.665369033813476562e+00
1.503384780883789062e+01 2.353956937789916992e+00
1.517232418060302734e+01 2.107969760894775391e+00
1.528681373596191406e+01 2.325304985046386719e+00
1.492138099670410156e+01 1.686668872833251953e+00
1.444073963165283203e+01 1.935023188591003418e+00
1.449283695220947266e+01 2.077951192855834961e+00
1.477286624908447266e+01 1.997660994529724121e+00
1.442774200439453125e+01 1.765794754028320312e+00
1.418261432647705078e+01 1.603131771087646484e+00
1.473010444641113281e+01 1.371291279792785645e+00
1.432864570617675781e+01 1.235386252403259277e+00
1.426467514038085938e+01 9.084205627441406250e-01
1.456517791748046875e+01 1.268139719963073730e+00
1.471009349822998047e+01 1.121561884880065918e+00
1.403446388244628906e+01 5.893732905387878418e-01
1.442228984832763672e+01 1.037855669856071472e-01
1.408490085601806641e+01 -2.073937654495239258e-01
1.421018981933593750e+01 -1.298571079969406128e-01
1.455164718627929688e+01 3.164039552211761475e-01
1.453717708587646484e+01 6.802903413772583008e-01
1.492523384094238281e+01 5.018546581268310547e-01
1.500063133239746094e+01 4.822786152362823486e-01
1.536820697784423828e+01 6.906662583351135254e-01
1.560749912261962891e+01 8.083772659301757812e-01
1.526424980163574219e+01 9.223286509513854980e-01
1.546484756469726562e+01 7.694927453994750977e-01
1.523733615875244141e+01 -8.388410508632659912e-02
1.543342971801757812e+01 -3.176890313625335693e-02
1.519829368591308594e+01 -3.860541284084320068e-01
1.548183727264404297e+01 -2.875550389289855957e-01
1.519248104095458984e+01 -1.164327189326286316e-01
1.481990909576416016e+01 -1.028033271431922913e-01
1.479503822326660156e+01 4.742399603128433228e-02
1.495712184906005859e+01 -4.264879226684570312e-02
1.446438121795654297e+01 -7.031644582748413086e-01
1.429355812072753906e+01 -1.331991791725158691e+00
1.414494609832763672e+01 -1.661600828170776367e+00
1.381195259094238281e+01 -1.893170833587646484e+00
1.388311481475830078e+01 -2.207262516021728516e+00
1.432778644561767578e+01 -2.116045475006103516e+00
1.437513351440429688e+01 -2.343665838241577148e+00
1.423259258270263672e+01 -2.207676410675048828e+00
1.412979698181152344e+01 -2.671836853027343750e+00
1.411888027191162109e+01 -2.511336803436279297e+00
1.419947338104248047e+01 -2.726021051406860352e+00
1.363564777374267578e+01 -2.135467052459716797e+00
1.377915954589843750e+01 -2.552934169769287109e+00
1.354320907592773438e+01 -2.419109106063842773e+00
1.344919300079345703e+01 -2.510665655136108398e+00
1.329132938385009766e+01 -2.667113542556762695e+00
1.312450790405273438e+01 -3.022836685180664062e+00
1.316188144683837891e+01 -2.880800485610961914e+00
1.695401763916015625e+01 7.465272426605224609e+00
1.665428161621093750e+01 7.710155963897705078e+00
1.630184745788574219e+01 7.458477497100830078e+00
1.605780029296875000e+01 7.392772197723388672e+00
1.574790382385253906e+01 7.367243766784667969e+00
1.597868728637695312e+01 7.285915374755859375e+00
1.608629035949707031e+01 7.379551887512207031e+00
1.601192474365234375e+01 7.981737613677978516e+00
1.576585388183593750e+01 8.108919143676757812e+00
1.574487400054931641e+01 8.145982742309570312e+00
1.601494598388671875e+01 8.356301307678222656e+00
1.606994056701660156e+01 8.783390045166015625e+00
1.552741241455078125e+01 8.782789230346679688e+00
1.557539463043212891e+01 8.882894515991210938e+00
1.539530467987060547e+01 8.901432991027832031e+00
1.583020687103271484e+01 8.825381278991699219e+00
1.578694248199462891e+01 9.327111244201660156e+00
1.593566417694091797e+01 9.659421920776367188e+00
1.618650054931640625e+01 9.453310966491699219e+00
1.637031936645507812e+01 9.393447875976562500e+00
1.641995429992675781e+01 9.527957916259765625e+00
1.663275337219238281e+01 9.411373138427734375e+00
1.691636085510253906e+01 9.162080764770507812e+00
1.702361488342285156e+01 9.534480094909667969e+00
1.717917823791503906e+01 9.612939834594726562e+00
1.721356582641601562e+01 9.943340301513671875e+00
1.696169090270996094e+01 1.007593536376953125e+01
1.715825843811035156e+01 1.039541435241699219e+01
1.705963516235351562e+01 1.053190231323242188e+01
1.672046279907226562e+01 1.049659633636474609e+01
1.683810806274414062e+01 1.032188224792480469e+01
1.664059066772460938e+01 1.065476894378662109e+01
1.653557968139648438e+01 1.022443389892578125e+01
1.629228782653808594e+01 1.003721904754638672e+01
1.606745529174804688e+01 9.793634414672851562e+00
1.654207038879394531e+01 1.079093360900878906e+01
1.685813140869140625e+01 1.088838386535644531e+01
1.647637748718261719e+01 1.122049617767333984e+01
1.675305557250976562e+01 1.127737617492675781e+01
1.673288726806640625e+01 1.151703071594238281e+01
1.715988159179687500e+01 1.172478485107421875e+01
1.723097801208496094e+01 1.197960948944091797e+01
1.738765525817871094e+01 1.267006874084472656e+01
1.750584793090820312e+01 1.270648193359375000e+01
1.712678337097167969e+01 1.277554321289062500e+01
1.687084197998046875e+01 1.247833061218261719e+01
1.650898170471191406e+01 1.268469142913818359e+01
1.600424957275390625e+01 1.237763309478759766e+01
1.600308990478515625e+01 1.217845153808593750e+01
1.590179634094238281e+01 1.217240524291992188e+01
1.605989456176757812e+01 1.233539009094238281e+01
1.568954277038574219e+01 1.237759113311767578e+01
1.562707901000976562e+01 1.277489376068115234e+01
1.554947471618652344e+01 1.273950958251953125e+01
1.543443775177001953e+01 1.282175159454345703e+01
1.531694793701171875e+01 1.296800804138183594e+01
1.531758975982666016e+01 1.289535903930664062e+01
1.380129146575927734e+01 -3.054711341857910156e+00
1.356748008728027344e+01 -3.168575525283813477e+00
1.384884929656982422e+01 -3.292576789855957031e+00
1.333791828155517578e+01 -3.661694049835205078e+00
1.361736583709716797e+01 -3.612542867660522461e+00
1.330340385437011719e+01 -4.030819892883300781e+00
1.315901279449462891e+01 -3.514550209045410156e+00
1.324542045593261719e+01 -3.598735809326171875e+00
1.289888095855712891e+01 -3.497594833374023438e+00
1.263296031951904297e+01 -3.576123952865600586e+00
1.243155670166015625e+01 -3.474518775939941406e+00
1.274432277679443359e+01 -3.737298250198364258e+00
1.292421054840087891e+01 -4.253026962280273438e+00
1.286668777465820312e+01 -4.419985294342041016e+00
1.241203403472900391e+01 -4.415137767791748047e+00
1.304602622985839844e+01 -4.372453212738037109e+00
1.295080471038818359e+01 -4.850998878479003906e+00
1.286721611022949219e+01 -4.674813747406005859e+00
1.271608257293701172e+01 -5.013904094696044922e+00
1.267859554290771484e+01 -5.055209159851074219e+00
1.250157642364501953e+01 -5.415731906890869141e+00
1.187887859344482422e+01 -4.971770763397216797e+00
1.160578727722167969e+01 -4.896729469299316406e+00
1.122080802917480469e+01 -4.746767520904541016e+00
1.086999797821044922e+01 -5.138245582580566406e+00
1.047744369506835938e+01 -5.123934745788574219e+00
1.052541351318359375e+01 -5.143588066101074219e+00
1.086361789703369141e+01 -4.709088802337646484e+00
1.095383358001708984e+01 -4.775468826293945312e+00
1.072964954376220703e+01 -5.054912567138671875e+00
1.022166156768798828e+01 -4.856202125549316406e+00
1.016965484619140625e+01 -4.488666057586669922e+00
1.019654846191406250e+01 -4.348268508911132812e+00
9.980389595031738281e+00 -4.243898868560791016e+00
1.036198234558105469e+01 -4.164457321166992188e+00
1.070155143737792969e+01 -4.066448688507080078e+00
1.042437648773193359e+01 -4.324024200439453125e+00
1.043041610717773438e+01 -4.673697471618652344e+00
1.061854743957519531e+01 -4.724656581878662109e+00
1.069002246856689453e+01 -4.491677761077880859e+00
1.089882373809814453e+01 -4.228670120239257812e+00
1.114831733703613281e+01 -4.292206287384033203e+00
1.190466499328613281e+01 -4.112576007843017578e+00
1.200089168548583984e+01 -4.652964591979980469e+00
1.199805831909179688e+01 -4.878658294677734375e+00
1.170575714111328125e+01 -4.389727115631103516e+00
1.125280380249023438e+01 -5.130219459533691406e+00
1.137450218200683594e+01 -4.993859291076660156e+00
1.113636779785156250e+01 -5.096110820770263672e+00
1.122607994079589844e+01 -5.388070583343505859e+00
1.063208389282226562e+01 -5.399544239044189453e+00
1.089314460754394531e+01 -5.563193798065185547e+00
1.086748600006103516e+01 -5.624771595001220703e+00
1.067205142974853516e+01 -5.690820217132568359e+00
1.075845718383789062e+01 -5.909633636474609375e+00
1.131110382080078125e+01 -6.310255527496337891e+00
1.088309955596923828e+01 -6.612240314483642578e+00
1.111070728302001953e+01 -6.615293025970458984e+00
1.114411544799804688e+01 -6.568037986755371094e+00
1.121089744567871094e+01 -6.381981372833251953e+00
1.149659347534179688e+01 -6.755383491516113281e+00
1.171101188659667969e+01 -6.600113868713378906e+00
1.180405044555664062e+01 -6.720444679260253906e+00
1.201660060882568359e+01 -6.137304782867431641e+00
1.199307155609130859e+01 -6.275601387023925781e+00
1.151903629302978516e+01 -6.133267879486083984e+00
1.199213790893554688e+01 -6.105469226837158203e+00
1.172592735290527344e+01 -5.862955093383789062e+00
1.184072303771972656e+01 -5.701050281524658203e+00
1.156587886810302734e+01 -5.616447448730468750e+00
1.159868335723876953e+01 -5.716336727142333984e+00
1.366558933258056641e+01 -3.058353185653686523e+00
1.397689151763916016e+01 -3.114306449890136719e+00
1.397864913940429688e+01 -3.443524360656738281e+00
1.407556915283203125e+01 -3.353687047958374023e+00
1.397697925567626953e+01 -3.641676902770996094e+00
1.430759239196777344e+01 -3.665408134460449219e+00
1.407122802734375000e+01 -3.964519977569580078e+00
1.439577674865722656e+01 -4.302583694458007812e+00
1.414265346527099609e+01 -4.559759616851806641e+00
1.457509231567382812e+01 -4.391580581665039062e+00
1.428372192382812500e+01 -4.451242923736572266e+00
1.438069629669189453e+01 -4.503207206726074219e+00
1.483633422851562500e+01 -3.734541893005371094e+00
1.419557094573974609e+01 -4.134181022644042969e+00
1.393960666656494141e+01 -4.766093254089355469e+00
1.401717472076416016e+01 -4.925185203552246094e+00
1.383920860290527344e+01 -5.198857784271240234e+00
1.394640541076660156e+01 -5.300723552703857422e+00
1.420672416687011719e+01 -5.465451240539550781e+00
1.422792816162109375e+01 -5.622803688049316406e+00
1.425914287567138672e+01 -5.338951110839843750e+00
1.472890377044677734e+01 -5.207416534423828125e+00
1.468283557891845703e+01 -5.211319923400878906e+00
1.458068752288818359e+01 -5.103551387786865234e+00
1.494169521331787109e+01 -4.761315822601318359e+00
1.494165229797363281e+01 -4.604803085327148438e+00
1.502502250671386719e+01 -5.011785507202148438e+00
1.504559803009033203e+01 -4.995696067810058594e+00
1.499282264709472656e+01 -4.970523834228515625e+00
1.509479904174804688e+01 -5.231559276580810547e+00
1.510183143615722656e+01 -5.933922767639160156e+00
1.525899982452392578e+01 -5.890819549560546875e+00
1.555991077423095703e+01 -5.753848075866699219e+00
1.553113555908203125e+01 -5.816346645355224609e+00
1.545352554321289062e+01 -5.838794231414794922e+00
1.566031932830810547e+01 -5.718148231506347656e+00
1.573802280426025391e+01 -6.084053039550781250e+00
1.606635856628417969e+01 -5.642681121826171875e+00
1.641348075866699219e+01 -5.560799598693847656e+00
1.643797683715820312e+01 -5.342557430267333984e+00
1.636844444274902344e+01 -5.349331378936767578e+00
1.633647727966308594e+01 -5.537292480468750000e+00
1.642637825012207031e+01 -5.647192955017089844e+00
1.673016166687011719e+01 -6.237408161163330078e+00
1.683165550231933594e+01 -6.428894042968750000e+00
1.684783935546875000e+01 -6.115414619445800781e+00
1.647030830383300781e+01 -6.113986968994140625e+00
1.666470909118652344e+01 -6.399022102355957031e+00
1.619386863708496094e+01 -6.413517475128173828e+00
1.644795608520507812e+01 -6.560298442840576172e+00
1.588931846618652344e+01 -6.362252712249755859e+00
1.582914733886718750e+01 -6.602173805236816406e+00
1.546761226654052734e+01 -7.212605476379394531e+00
1.550448131561279297e+01 -7.453426837921142578e+00
1.573936748504638672e+01 -7.186350822448730469e+00
1.592972469329833984e+01 -7.732519626617431641e+00
1.590266704559326172e+01 -7.852555751800537109e+00
1.583506488800048828e+01 -7.409268379211425781e+00
1.599445343017578125e+01 -7.302007198333740234e+00
1.629344177246093750e+01 -7.575154304504394531e+00
1.675262260437011719e+01 -7.385204315185546875e+00
1.673128890991210938e+01 -7.483630180358886719e+00
1.684394454956054688e+01 -7.522353649139404297e+00
1.662416267395019531e+01 -7.714939117431640625e+00
1.695572280883789062e+01 -8.002127647399902344e+00
1.662836647033691406e+01 -7.948397159576416016e+00
1.650485038757324219e+01 -8.056541442871093750e+00
1.635246658325195312e+01 -7.934860229492187500e+00
1.609868049621582031e+01 -7.693256855010986328e+00
1.585899448394775391e+01 -8.005267143249511719e+00
1.556889724731445312e+01 -7.998110771179199219e+00
1.526301002502441406e+01 -7.826547622680664062e+00
1.501411724090576172e+01 -7.574371337890625000e+00
1.478545951843261719e+01 -7.817786693572998047e+00
1.475076961517333984e+01 -7.658782482147216797e+00
1.495648765563964844e+01 -7.778800964355468750e+00
1.458082008361816406e+01 -7.225851535797119141e+00
1.478126335144042969e+01 -7.400322437286376953e+00
1.491053199768066406e+01 -6.873929500579833984e+00
1.465721893310546875e+01 -7.042990207672119141e+00
1.502715587615966797e+01 -6.914028167724609375e+00
1.492745494842529297e+01 -8.012279510498046875e+00
1.511761951446533203e+01 -8.155098915100097656e+00
1.528780460357666016e+01 -8.209251403808593750e+00
1.534167861938476562e+01 -7.547277927398681641e+00
1.528003311157226562e+01 -8.031276702880859375e+00
1.518421649932861328e+01 -7.964222431182861328e+00
1.565875816345214844e+01 1.324369239807128906e+01
1.600407409667968750e+01 1.319448184967041016e+01
1.628310966491699219e+01 1.297496509552001953e+01
1.685837364196777344e+01 1.294952869415283203e+01
1.700091934204101562e+01 1.320568752288818359e+01
1.760064125061035156e+01 1.328426742553710938e+01
1.784582519531250000e+01 1.346048545837402344e+01
1.789653015136718750e+01 1.362294101715087891e+01
1.798532867431640625e+01 1.371266174316406250e+01
1.806590080261230469e+01 1.398419761657714844e+01
1.810442924499511719e+01 1.389211368560791016e+01
1.847899436950683594e+01 1.440871906280517578e+01
1.832409858703613281e+01 1.435965538024902344e+01
1.862789535522460938e+01 1.408803939819335938e+01
1.848569107055664062e+01 1.340015888214111328e+01
1.873082733154296875e+01 1.368947792053222656e+01
1.887929725646972656e+01 1.349512577056884766e+01
1.913491249084472656e+01 1.348052978515625000e+01
1.918252754211425781e+01 1.399620056152343750e+01
1.918452453613281250e+01 1.432256412506103516e+01
1.909574699401855469e+01 1.390070629119873047e+01
1.893168830871582031e+01 1.383542919158935547e+01
1.921727371215820312e+01 1.425249099731445312e+01
1.906139945983886719e+01 1.410796356201171875e+01
1.932541084289550781e+01 1.420048999786376953e+01
1.983729362487792969e+01 1.431370258331298828e+01
1.969533538818359375e+01 1.397760200500488281e+01
1.994976043701171875e+01 1.378736019134521484e+01
2.020733070373535156e+01 1.362345981597900391e+01
2.022878265380859375e+01 1.400657176971435547e+01
2.032866859436035156e+01 1.364582443237304688e+01
2.046608734130859375e+01 1.393080806732177734e+01
2.099185371398925781e+01 1.418136310577392578e+01
2.072993850708007812e+01 1.425278854370117188e+01
2.096179199218750000e+01 1.424147033691406250e+01
2.112706756591796875e+01 1.422417449951171875e+01
2.129218101501464844e+01 1.419431304931640625e+01
2.121809959411621094e+01 1.442129325866699219e+01
2.105886650085449219e+01 1.450132560729980469e+01
2.158002090454101562e+01 1.455392932891845703e+01
2.117059707641601562e+01 1.506539726257324219e+01
2.111248588562011719e+01 1.521740722656250000e+01
2.135158157348632812e+01 1.540745925903320312e+01
2.107643508911132812e+01 1.493733596801757812e+01
2.153706932067871094e+01 1.479781627655029297e+01
2.156844329833984375e+01 1.492463397979736328e+01
2.163869667053222656e+01 1.470703983306884766e+01
2.097788810729980469e+01 1.514525318145751953e+01
2.078675460815429688e+01 1.492430210113525391e+01
2.082542800903320312e+01 1.524270915985107422e+01
2.084162139892578125e+01 1.469022083282470703e+01
2.057792663574218750e+01 1.504617023468017578e+01
2.100143241882324219e+01 1.560029125213623047e+01
2.084222793579101562e+01 1.553622531890869141e+01
2.088111305236816406e+01 1.587569332122802734e+01
2.092583465576171875e+01 1.567980003356933594e+01
2.068612098693847656e+01 1.585861301422119141e+01
2.041507720947265625e+01 1.565261840820312500e+01
2.020372009277343750e+01 1.600604438781738281e+01
2.030283355712890625e+01 1.583873748779296875e+01
1.995282936096191406e+01 1.542873477935791016e+01
1.985531234741210938e+01 1.549610424041748047e+01
1.997342491149902344e+01 1.521981906890869141e+01
1.984288024902343750e+01 1.509891700744628906e+01
1.577022838592529297e+01 1.285756778717041016e+01
1.593441295623779297e+01 1.322102928161621094e+01
1.607503890991210938e+01 1.306572151184082031e+01
1.639803123474121094e+01 1.292368793487548828e+01
1.657214355468750000e+01 1.295425891876220703e+01
1.690884017944335938e+01 1.332382106781005859e+01
1.707394409179687500e+01 1.349600410461425781e+01
1.690703010559082031e+01 1.342681789398193359e+01
1.721988868713378906e+01 1.362518119812011719e+01
1.698758125305175781e+01 1.387899398803710938e+01
1.657960128784179688e+01 1.377285766601562500e+01
1.628783607482910156e+01 1.390825557708740234e+01
1.633258438110351562e+01 1.403259277343750000e+01
1.627945137023925781e+01 1.389095020294189453e+01
1.633958053588867188e+01 1.427470684051513672e+01
1.651537895202636719e+01 1.421135997772216797e+01
1.675749206542968750e+01 1.459283542633056641e+01
1.718200874328613281e+01 1.432340812683105469e+01
1.738214492797851562e+01 1.451829338073730469e+01
1.769484138488769531e+01 1.464939117431640625e+01
1.763161849975585938e+01 1.500714015960693359e+01
1.767199134826660156e+01 1.496093082427978516e+01
1.774577331542968750e+01 1.496281147003173828e+01
1.751013183593750000e+01 1.475656795501708984e+01
1.708956527709960938e+01 1.487702560424804688e+01
1.684345817565917969e+01 1.520601654052734375e+01
1.674255752563476562e+01 1.515378189086914062e+01
1.647877693176269531e+01 1.536925888061523438e+01
1.688650321960449219e+01 1.569567680358886719e+01
1.665980148315429688e+01 1.579151248931884766e+01
1.642826461791992188e+01 1.540104103088378906e+01
1.636628150939941406e+01 1.555414676666259766e+01
1.638417816162109375e+01 1.541230010986328125e+01
1.607822799682617188e+01 1.518333435058593750e+01
1.611884498596191406e+01 1.557857990264892578e+01
1.638691139221191406e+01 1.597114467620849609e+01
1.604538536071777344e+01 1.598735904693603516e+01
1.591227436065673828e+01 1.631127166748046875e+01
1.590452384948730469e+01 1.641632843017578125e+01
1.568252182006835938e+01 1.669334983825683594e+01
1.568397140502929688e+01 1.624859046936035156e+01
1.565275859832763672e+01 1.611340713500976562e+01
1.538953304290771484e+01 1.581162166595458984e+01
1.574827861785888672e+01 1.606259536743164062e+01
1.608817291259765625e+01 1.636704254150390625e+01
1.551786422729492188e+01 1.570921707153320312e+01
1.553116893768310547e+01 1.618500137329101562e+01
1.532838344573974609e+01 1.634752845764160156e+01
1.502005386352539062e+01 1.656507492065429688e+01
1.521870136260986328e+01 1.668084144592285156e+01
1.502042865753173828e+01 1.671383476257324219e+01
1.500455856323242188e+01 1.697270584106445312e+01
1.482202720642089844e+01 1.693201255798339844e+01
1.508276367187500000e+01 1.698851585388183594e+01
1.525784397125244141e+01 1.678199768066406250e+01
1.530595779418945312e+01 1.747906494140625000e+01
1.544247245788574219e+01 1.756503486633300781e+01
1.590330123901367188e+01 1.715443801879882812e+01
1.535773468017578125e+01 1.752404022216796875e+01
1.575934505462646484e+01 1.721808433532714844e+01
1.549295711517333984e+01 1.726640892028808594e+01
1.578071498870849609e+01 1.720307731628417969e+01
1.575659465789794922e+01 1.740046882629394531e+01
1.603502464294433594e+01 1.731053543090820312e+01
1.605543136596679688e+01 1.721795463562011719e+01
