-1.353288226833409269e-01 -7.067686743467016530e-02
4.135365544590577369e-02 -2.150290065325477160e-02
6.039735360387477742e-02 1.864402288430172527e-02
-2.107254126836602404e-02 -5.483977108987910659e-02
3.119194868838092924e-02 1.380739602859037789e-02
1.447806227972654458e-01 -2.132112306303100314e-03
1.104872298861974966e-01 -5.249183005135901747e-02
7.178891403774542712e-02 -7.046456087169859772e-02
1.033475785242916889e-01 -6.822222969176218454e-02
7.887115539950823734e-03 -8.131756466789190341e-02
-2.425410355659610509e-02 -7.772302200977820874e-02
-1.974853098464065537e-01 -4.008239294441866274e-02
-1.749950202978679537e-01 -7.309078001350724496e-02
-2.411152130732492627e-01 -8.523334388619507873e-02
-2.256580499739846979e-01 -8.221952047105456074e-02
-1.884481238770262246e-01 -7.882107985556671692e-02
-2.117153889731490102e-01 -5.898101121133927233e-02
-2.160437558944645897e-01 -3.699067073274823342e-02
-1.977799081665296554e-01 -6.391285803034123247e-02
-2.114650077474871936e-01 -5.272886060339980474e-02
-1.984382562475588141e-01 -6.552046424869666097e-02
-1.639198231478387335e-01 -1.085899336836090578e-01
-8.267950867494840150e-02 -1.169315173025544802e-01
-1.108459521087704069e-01 -1.254285829786810913e-01
-1.633166167145805314e-01 -1.034077967937546694e-01
-1.829648535684064714e-01 -7.602166657592208943e-02
-1.531811415064339987e-01 -8.744694727735764783e-02
-1.950354752607624531e-01 -3.014913766898956807e-02
-1.802365480519924068e-01 -3.029263988064472002e-02
-1.695249464008841411e-01 -3.304423545085725944e-02
-1.764822040011142512e-01 -5.704175574879899457e-02
-1.858593833856926059e-01 -3.581011427850995521e-02
-2.172608128379540926e-01 -2.183893234019863849e-02
-2.007394523986342216e-01 -3.907204355503181986e-02
-1.819254222888708750e-01 -7.015166848252228637e-02
-9.320891990972501873e-02 -9.888583809302557703e-02
-1.082599883331688967e-01 -1.003640535654098526e-01
-6.919896749816453752e-02 -7.848568625228856399e-02
-5.635259734219692090e-02 -5.080096092653666601e-02
-9.427397270260690076e-02 -1.141488694959287148e-01
-9.833003216064878371e-02 -9.127429931864666779e-02
-1.122949138992497542e-01 -1.191197305733484729e-01
-1.195983634417162322e-01 -9.522763431841742288e-02
-1.357007904009086552e-01 -8.971077696849265315e-02
-1.547361163402308504e-01 -1.030327578603014160e-01
-1.211798012178690737e-01 -1.167065051615359950e-01
-1.298102684515798633e-01 -1.759609387295868466e-01
-9.493026629447061382e-02 -1.268324371623305025e-01
-8.320640450893257434e-02 -1.253643538976050575e-01
-1.892491081990213264e-01 -5.473186833724392325e-02
-1.804126451199119519e-01 -5.993612429219158377e-02
-1.810500836900493238e-01 -9.237824716750328569e-02
-1.665608444283102063e-01 -1.753734109235432770e-01
-1.391441563136076309e-01 -1.501919228779196591e-01
-1.370817997869439309e-01 -1.294607668885718876e-01
-1.472203181633423008e-01 -1.575005472087959713e-01
-1.208164721714678896e-01 -1.515099933740271798e-01
-1.036977111590569461e-01 -1.451792217429911103e-01
-1.075267460583654161e-01 -1.461503850822040151e-01
-1.038528776803594733e-01 -1.510348804836834369e-01
-6.417352572564699598e-02 -1.819125203773883370e-01
-6.728461833431224892e-02 -1.828025839838801625e-01
-7.630151184074127069e-02 -1.704005514522254072e-01
-7.720989756391993808e-02 -1.817480350298030789e-01
-1.742478453610450118e-01 -1.102295773115099381e-01
-2.007647513641934167e-01 -1.450036014848437305e-01
-1.828730676872618310e-01 -1.273055867183182088e-01
-1.633947994934012160e-01 -1.738959877968098144e-01
-1.206665014743004555e-01 -1.607734536279405990e-01
-9.043495284571630155e-02 -1.266611081921327764e-01
-1.357346438947334144e-01 -1.677493629045530565e-01
-5.597987233852043387e-02 -1.241032341216393997e-01
-7.269690008214446664e-02 -1.428667784908189964e-01
-4.371312406185914878e-02 -1.160871643270162262e-01
-8.563337326123728055e-02 -1.060398428314556912e-01
-8.079242882291975958e-02 -1.310435369273234840e-01
-1.365320381196203636e-01 -1.532359606064178648e-01
-1.336784017522071044e-01 -1.578461641745423361e-01
-7.775051570267110801e-02 -1.740482163284867156e-01
-3.017532364096318920e-02 -2.025116842027432085e-01
-1.270212117606633051e-01 -1.505773394358262129e-01
-5.765447383582135432e-02 -9.240147060817181790e-02
-2.570478677059119185e-02 -1.691559377086672700e-01
-5.835819247024595646e-02 -1.072795482391237371e-01
-1.149337614881127539e-01 -1.636531742946554790e-01
-7.265947051502834320e-02 -1.150040137985167549e-01
-5.830441113270741493e-02 -7.130500821425002356e-02
-4.989194413160069619e-02 -7.383105523245038493e-02
-2.864523056417488805e-02 -9.427597810841341353e-02
-2.673159661498086467e-02 -8.455447896114536011e-02
-2.718324064786156041e-02 -1.062200629015229020e-01
-2.101990637785323968e-02 -9.995547667401047387e-02
-5.832435300023800472e-03 -1.222528335625265444e-01
4.672327323699051495e-03 -1.406315924455568689e-01
9.151592267069888183e-04 -1.886558586757115796e-01
3.691950336829616115e-03 -1.637180905427561006e-01
2.045565460179129408e-02 -1.909246317622787514e-01
3.658212539493672227e-02 -2.552829984056380619e-01
1.498038488067240243e-02 -2.255181203296666992e-01
6.558829043878926235e-02 -2.715387898256704791e-01
8.033178851154337829e-02 -2.550147508373363237e-01
8.148658672022131289e-02 -2.456196910863012173e-01
7.533367214611680351e-02 -2.806421541866660485e-01
8.041511101923183580e-02 -2.346844095567731936e-01
8.615673509338057923e-02 -2.055062318816525124e-01
9.798274636069978505e-02 -1.887156842783033472e-01
6.750265362645838096e-02 -2.049993410223746593e-01
4.785439573690718901e-02 -1.928781354227171174e-01
4.171762958788107628e-02 -2.125499182649986663e-01
6.671896067061321156e-02 -1.962669627117687998e-01
9.588781951945114790e-02 -2.001196137186170287e-01
9.789938178156083748e-02 -2.044780477032136223e-01
9.763824428839130987e-02 -2.170469776789481775e-01
1.044560350302587842e-01 -2.013251430846732248e-01
1.012960203365861900e-01 -2.290729054670706810e-01
1.052780691013139591e-01 -2.287508344897799251e-01
2.565965462208183098e-02 -1.624968965733021020e-01
4.911710020417450751e-02 -1.838546086509280642e-01
2.904554216853077325e-02 -1.943538055723469660e-01
5.484355752042288645e-02 -1.901626056034341206e-01
3.660319617972203343e-02 -1.952532230646636113e-01
-1.698963847193665777e-02 -1.484114871409658032e-01
1.440802733848339616e-02 -1.812706082096825766e-01
9.575272108003066163e-02 -1.366192802841124654e-01
1.022769722999456038e-01 -1.292422898461956515e-01
9.439007588213273181e-02 -8.360125909556494206e-02
1.083094082636736760e-01 -6.768908624738077806e-02
1.062431741516568079e-01 -1.195627148993373690e-01
5.773833976641192661e-02 -7.372852009570643461e-02
7.910842085048090666e-02 -8.030033309039633083e-02
6.811205157484652439e-02 -1.001587869584863594e-01
6.757082340006330401e-02 -1.295679789682282479e-01
6.362978728765142367e-02 -1.118273458223599387e-01
1.585881082276880960e-01 -7.166129730460313318e-02
1.935929013188486258e-01 -3.674679655809498513e-02
8.657291990540959270e-02 -7.424271035164367594e-02
6.724041526366779375e-02 -1.915006880861563551e-02
1.626242749015583133e-01 -6.923915975719593940e-02
1.962369096723046435e-01 -4.093501997188592201e-02
1.908727576638289403e-01 -5.545163723002911188e-02
2.053610713536573595e-01 -5.609733232232445160e-02
2.041910923632622166e-01 -4.907149475184717502e-02
1.859143427238447721e-01 -5.921390473741555693e-02
8.462954845263005732e-02 -8.727461560425664455e-02
1.027906156270265298e-01 -1.347713479167614858e-01
1.825279135074708015e-01 -6.518062509548376571e-02
1.803947367058215401e-01 -5.655983429538486568e-02
1.637393506490686101e-01 -4.550630394235619797e-02
2.036219813346690916e-02 -1.007179656188104781e-02
1.477757314288478951e-01 -3.322811924307100817e-02
1.867351987942863223e-01 -3.731429134179859580e-02
1.927004256158622586e-01 -5.438021411835274738e-02
1.987795679015387507e-01 -5.825478084495020609e-02
2.003379505228249924e-01 -5.258493767723979029e-02
2.040861240942984656e-01 -4.146882604161249153e-02
1.950439456461270649e-01 -4.555678968293996184e-02
2.096371434620182550e-01 -5.249703288740251161e-02
2.084247424257159309e-01 -1.120403816238065980e-01
1.597397160180374920e-01 -1.228871167738774250e-01
2.009182420393849089e-01 -1.357133487288788611e-02
2.081018019717817691e-01 -4.107746426185904937e-03
1.825906700877797939e-01 -2.367668692248610027e-02
2.081172001226598012e-01 -4.825298241179313066e-03
1.978663509734625292e-01 1.115044369220136340e-02
1.997851176396159001e-01 1.664281195198880070e-02
1.981245574889148597e-01 8.906503629879261585e-02
1.855138225152135611e-01 9.711580101625029438e-02
1.885381848287009388e-01 2.989976615813941946e-02
1.882087373237582018e-01 5.206115513059162564e-02
1.570126025260538682e-01 4.250701270740454840e-02
1.734806444137905468e-01 5.245084194072257427e-02
1.573220660920155167e-01 6.055569651968903400e-02
1.426647654093997630e-01 9.805643450622684998e-02
1.772273314606801764e-01 5.052659196218913656e-02
1.607637070752445663e-01 7.791195087009611386e-02
1.546197887796357529e-01 7.885591501656950830e-02
1.481341801869926478e-01 1.081642126761364481e-01
1.469975638568332688e-01 1.122635005495531968e-01
1.446808994357956790e-01 1.100015500498732479e-01
1.335082928540734515e-01 1.281142701157523545e-01
1.319357882492405709e-01 1.368986206915258352e-01
1.255922549448902914e-01 1.611455335360429397e-01
1.863506797606568066e-01 1.667901618810951336e-01
1.975277599399474227e-01 1.409117462343462690e-01
2.198021948998567787e-01 1.400621553632224459e-01
2.107591329512251421e-01 1.489428074891594733e-01
2.141460670250049381e-01 1.404767414601329756e-01
1.812235302565882167e-01 1.420945850647734321e-01
1.420607455947655029e-01 1.559123780005652882e-01
1.407802589277592220e-01 1.682553562395538438e-01
1.406999305049637106e-01 1.513109112703251991e-01
9.997447193390511522e-02 1.391099802719957812e-01
9.950394483166441484e-02 1.257197174160474551e-01
1.044283239682050196e-01 1.783627136949585967e-01
8.661170978275813115e-02 1.584635066151640070e-01
8.539851640080496631e-02 1.423360751905657917e-01
9.694041215108060994e-02 1.710514388627016324e-01
1.223820490107873360e-01 1.651274420626024364e-01
1.393425512502849961e-01 1.889908736359353636e-01
1.338575700360121468e-01 1.819343554601908219e-01
1.020764387312018268e-01 1.422495903121824279e-01
1.098735196141344961e-01 1.585437649188753684e-01
1.080345905371876275e-01 1.643696931678905737e-01
9.831921278596535141e-02 1.596628655018155207e-01
6.728181357094648041e-02 1.343740251383672424e-01
8.865892759915511290e-02 1.556955557685748559e-01
6.925920680335274915e-02 1.324196379774686683e-01
8.550656289756264350e-02 1.546371222172361615e-01
8.659699879890468688e-02 1.649331841518895669e-01
6.902600475330623875e-02 1.455161719899372708e-01
4.011847622511922895e-02 1.631401830750570936e-01
3.341014487955493856e-02 1.697521041858774116e-01
4.599591395334672039e-02 1.746406103989698866e-01
5.198584723422083886e-02 1.980891753990557391e-01
7.071441620422934393e-02 1.763421200948111223e-01
7.079872037909581972e-02 1.803510525163997680e-01
7.601188496368398162e-02 1.903260952600245304e-01
8.530377850621784219e-02 1.987916283840115150e-01
5.207320860115600275e-02 2.034442119265927051e-01
3.147954211199804203e-02 1.925097157308070794e-01
3.406540772088174213e-02 2.206438202430218154e-01
4.517320673908375994e-02 2.031325325975720797e-01
2.898518190792241309e-02 1.884529340461985059e-01
1.703118928822335877e-03 2.047807237418301229e-01
-1.957597563166123267e-02 2.340323441456833575e-01
-9.704588177149598913e-03 2.459577492147768663e-01
-1.122993594491844896e-02 2.275710808990550893e-01
-2.685663997773507505e-02 2.196356620750144761e-01
-1.468913474681717533e-02 2.355742628060125687e-01
-2.730203640021852673e-02 2.252827025165612396e-01
-2.486407998742843142e-02 2.064427143218477145e-01
-4.395758373086500193e-02 1.994506075367979692e-01
-6.112053379010358445e-02 1.952519749449658226e-01
-4.075979939251818396e-02 2.026829570776736422e-01
-1.579622042468924528e-02 2.301507620047172908e-01
-2.423883512602372295e-02 1.617816398435815983e-01
-1.100920807994117297e-02 1.695425603148211224e-01
-2.381760173993633170e-02 1.836898848984566956e-01
-2.623164053312487115e-02 1.634572475497399757e-01
5.646900203378457357e-04 1.667892643568180955e-01
2.923341573663232329e-02 1.745978097100083226e-01
1.903556259123118446e-02 2.055543475971922107e-01
1.536273022269346242e-02 2.138079387774451667e-01
6.579624260663548318e-05 2.488919243622380595e-01
1.617850791846588490e-02 1.847700974373305272e-01
5.476527657488439171e-02 1.886697983496394282e-01
5.459285725292820773e-02 1.860538937251083880e-01
5.268783042131287148e-02 1.718856456067642258e-01
5.841726078672895665e-03 1.579463222743338058e-01
9.403845672278362405e-03 1.151829366655273135e-01
3.116379587609706403e-03 1.193508991699547966e-01
2.253136530803024565e-03 9.912840104080533621e-02
-2.384334946763405280e-02 1.306684418986029106e-01
-2.553843625536768303e-02 1.103934806706968197e-01
-2.843866675419472190e-02 1.707495902292780199e-01
-1.512437091400814677e-02 1.487834127870830414e-01
-8.107182532560042176e-03 1.640787971354102925e-01
2.813924774703670598e-02 1.658464431514162507e-01
1.774066645243329438e-02 1.642313762625078888e-01
1.449345078923052269e-02 1.805844228522482109e-01
1.397548549710066375e-02 2.057308653796166009e-01
-5.529221097436483323e-02 1.870547595083647541e-01
-4.625347537322490460e-02 1.802042932732861036e-01
8.408864633158809939e-04 1.710206425609455405e-01
-6.112201680873323266e-03 1.657394133813786530e-01
-1.249636285906527249e-02 1.711686499237569381e-01
-3.509301341687644932e-02 1.834538921088612329e-01
6.361970679281714856e-03 1.947788253889781440e-01
1.333805218589460308e-03 1.948641462905646993e-01
-1.533905100797799265e-02 1.848576621496096917e-01
-4.660874423090371338e-02 1.934820290229999351e-01
-4.994304692012493246e-02 2.151866342337036830e-01
-6.988062316276318076e-02 2.015237063071525503e-01
-6.861432158647927382e-02 1.972713064015987061e-01
-5.465985253187370663e-02 1.955635701310854679e-01
-4.046785858568413552e-02 1.897993046046665966e-01
-2.633406347933418649e-03 2.074304538125522901e-01
1.467730916327627047e-02 2.047274332378805906e-01
1.036153843423633369e-01 1.511796202971737446e-01
1.101509387586423055e-01 1.397355406692791513e-01
7.158675370624952017e-02 1.124848875339214266e-01
7.923908075187506561e-02 1.027493365221908844e-01
7.842966811596581433e-02 1.317424559104383996e-01
1.649297763644001769e-01 1.060174678317052921e-01
1.759138748003093167e-01 9.761365352558196151e-02
1.500507731615375318e-01 1.047014448128547881e-01
1.587948613591954605e-01 9.899269957726121449e-02
1.792235376433622962e-01 1.176358775265990003e-01
1.213046833067297492e-01 1.141112085358349099e-01
8.265832569962847098e-02 1.368509116666741798e-01
7.865144075529684198e-02 6.061528371739470511e-02
1.014028187136460923e-01 6.045477412188039745e-02
8.109581306428613467e-02 3.342267866584570229e-02
3.565008499872204112e-03 -3.306405811594480271e-02
5.235473321804043345e-02 3.153970428619369461e-03
8.044302542662960798e-02 -1.410529520459957026e-03
1.364075346738140571e-01 5.955081992481964237e-02
1.556198131338823731e-01 1.762994456202010285e-01
1.220283403027307284e-01 6.458396077277619995e-02
1.139211788058959313e-01 8.316052559217707030e-02
9.360830418919309504e-02 6.099733455926235892e-02
1.826010617360499522e-01 5.023223905886053248e-02
9.951850155353272886e-02 3.645539566820885091e-02
1.148661386433641740e-01 3.561853842276559851e-02
1.372348697476305501e-01 6.843609991031016082e-02
2.294287457952852716e-01 5.596597824199727594e-02
2.211875376452921704e-01 6.611698482728172593e-03
2.199403715670711634e-01 5.025044723203565822e-03
2.100681234008016651e-01 1.576305585086617764e-02
2.254511425804922309e-01 3.437182110668313834e-02
2.214491799958675233e-01 5.124849598108651046e-03
2.178003230951757740e-01 -4.406443206777237165e-03
1.992433215002511193e-01 -6.635931638208380536e-03
2.300911467593779458e-01 -2.893424389924591569e-02
2.278766037724878624e-01 -1.497476308310114607e-03
2.165298494333852963e-01 2.574360644855048022e-02
1.986570137662716506e-01 2.413853854104107757e-02
1.854745978995433198e-01 4.261963798035683232e-02
1.391171183947616519e-01 2.125174461171315185e-02
1.450779557616701798e-01 1.989244058817468339e-02
2.027317038649706360e-01 3.882070169791722314e-02
2.117235368107265592e-01 1.387517927074394773e-02
2.058329447423136171e-01 -1.197412380875682858e-02
2.446790575963246617e-01 5.172552662838158372e-02
1.605210529726554258e-01 1.076931666926730785e-01
1.676515467821720062e-01 1.110804794095072469e-02
1.679361040494456725e-01 1.028827170440498387e-02
1.307083677051145698e-01 6.876398025372227468e-03
1.496592422194935879e-01 -3.556309526293284506e-02
1.652151329892330711e-01 -4.884906649907939935e-02
2.003211920617145314e-01 -3.038898700821294693e-02
1.672677008917502484e-01 -5.212085802478613750e-02
1.840028263709918843e-01 -4.748296092437894952e-03
1.966382572861287426e-01 3.751248293313195342e-03
2.046571879393850046e-01 2.464286830077055956e-02
1.664472374881799110e-01 -2.980945277776179264e-02
1.403719134293375248e-01 -7.513925997341882115e-03
1.636108924869165704e-01 9.931667078173229263e-05
1.687956237828842909e-01 1.613301290369607496e-02
1.572858565969635081e-01 2.057453449704923706e-02
1.871357750981848533e-01 2.987608694342394969e-02
1.751220059592529521e-01 3.386469184251920256e-02
1.277347295370970526e-01 2.750246829629028958e-02
1.664939788696703782e-01 3.932611304451962692e-02
1.607723317225942805e-01 9.589345709381632415e-03
1.472176255905111864e-01 1.997476740486829605e-02
1.818780919070735747e-01 7.490172456397219125e-02
1.723603658302367558e-01 6.707874169135669140e-02
1.806814396170700332e-01 7.189217841296446920e-02
1.752525676939293009e-01 3.841377961690364828e-02
1.482811077159082169e-01 8.692306656399167997e-02
1.656097070995288800e-01 8.329255982762044652e-02
1.442737740094380827e-01 1.148865432968501077e-01
2.210571582202345842e-01 5.190037557660336781e-02
1.735257450087120401e-01 1.137624852946609588e-01
1.884943043058435463e-01 8.663341163930073086e-02
1.948788853220518036e-01 9.599259846688770748e-02
1.959386932074397014e-01 5.808591656056012742e-02
1.810615131007648204e-01 9.114769931222445332e-02
1.899742797672398231e-01 9.331209313013467954e-02
1.968773914106938527e-01 6.603289451562188717e-02
2.083654076567131586e-01 5.185637935725713465e-02
1.693828150173239955e-01 8.263281637681683944e-02
1.524238273500438390e-01 3.037159046343679281e-02
1.044198816304740679e-01 4.104356782009523086e-02
1.608213730100446770e-01 6.505361138646510721e-02
1.545172466309833736e-01 9.484343082066654107e-02
1.667379512110414297e-01 7.054310125784842012e-02
1.270951032515343915e-01 7.975945551103381936e-02
1.173132806561771463e-01 1.422122448879672707e-01
1.112670522685979269e-01 8.698672768048612558e-02
9.557243790278771578e-02 9.691531653086542242e-02
1.096965741052968180e-01 1.360779890021535377e-01
1.405659048875306516e-01 -2.512141527326024887e-02
1.347571277664970646e-01 -5.576806011509207600e-02
1.666472311399757600e-01 -3.470657662629558077e-02
1.691998883506088125e-01 -1.326114557440533255e-02
1.708621874545966368e-01 -3.666135294811116718e-02
1.393170559512902085e-01 -2.656297248845397932e-02
6.583359504275905494e-02 -3.085726328785262651e-02
9.710895739363782642e-02 -8.841059385075029226e-03
5.911596240068305030e-02 1.727327542623093449e-03
6.272328075592781271e-02 5.613020765492542780e-02
6.464795144896612333e-02 7.431149717318906445e-02
4.464057516401660070e-02 1.256319283226990380e-01
4.652028550030169740e-02 1.197138916447520879e-01
3.382849637128400311e-02 1.860904257679474871e-01
2.100592463247490365e-03 1.989606294006156795e-01
2.687114060433607940e-02 2.058590991606993881e-01
2.104329109241530327e-02 1.997217860828169322e-01
-2.389713606410390559e-03 1.901501384302732856e-01
-1.124455226800829058e-02 1.744058236576217225e-01
-4.094323091663919917e-02 1.686010573482011887e-01
-2.650163056066760087e-02 1.517131844560599963e-01
-2.061901103212185338e-02 1.518873322134403347e-01
3.865300489627814320e-03 2.005996349448508353e-01
7.289429231591858238e-02 2.476280138467234770e-01
-3.781829417129825479e-03 1.861663787598923925e-01
8.142150218631874492e-02 1.530396692422648086e-01
5.384547195885285020e-02 1.767452066619220052e-01
5.556026571518518642e-02 1.727359516925463245e-01
4.418434884898709419e-02 1.806762087333928790e-01
8.361494634078987798e-02 2.090991618008309072e-01
6.555500490954604964e-02 1.847184056484994785e-01
7.998834523740547264e-02 1.701744033820437874e-01
8.469648413035403556e-02 1.748838675256826902e-01
4.109556813289651223e-02 1.609364524509420136e-01
9.376691180454999400e-03 1.869729866324358614e-01
6.196751623129723857e-02 1.707095241845980604e-01
1.860251589244261289e-02 2.026807693622483530e-01
-9.286246852687733699e-02 2.046818418093700742e-01
7.021559429855937437e-03 1.668986921995334050e-01
-2.488631825496473784e-02 1.915630940710446317e-01
-4.451973544035683211e-02 1.799729704146946496e-01
1.729642699483821891e-02 1.986368334938549696e-01
3.053313782139643190e-02 1.275687155934774331e-01
-6.872108490399711327e-03 2.081820041802258103e-01
3.045570181082186967e-02 2.227688492070935278e-01
1.459343622077727970e-02 2.197892509169237507e-01
1.882664979193219169e-03 1.804282536280424343e-01
3.285517336427946650e-03 1.629210749609235342e-01
-1.272321650253109039e-02 1.675591999483541927e-01
4.172048694055995044e-02 1.876782443807574197e-01
5.005727792010412208e-02 1.885649282473934873e-01
3.136186125307896533e-02 1.762233944615383130e-01
9.238403199194517718e-03 1.677247230583848170e-01
5.357846199238625040e-02 1.848562317202931682e-01
6.130517837438029249e-02 1.963126382831802963e-01
4.620541925890673390e-02 1.938339006110519624e-01
-4.667658269183604970e-03 1.498917851501491705e-01
6.561331396782105543e-04 1.461921620325370708e-01
-1.259075892311719083e-02 1.322739866158844924e-01
-1.510984749870479538e-02 1.210372491198040690e-01
-1.151110716161879988e-01 1.104008571983487730e-01
-1.080858896591474633e-01 9.259041349230656692e-02
3.439350893940891496e-02 1.661131621236836553e-01
4.110303581535786066e-02 1.538391530158592646e-01
4.221662854423850059e-02 1.541616867791053835e-01
-2.142703531016504001e-02 1.551309709268632042e-01
-2.710342584735741037e-02 1.482977680103008677e-01
-5.420345442508803929e-03 1.274348302142126466e-01
5.842666024995848278e-02 8.591659125400380459e-02
6.511195747638141851e-02 9.846716405350944279e-02
2.048914873530983949e-02 2.197304210053268453e-02
-4.297566061819019234e-02 4.299528694984212918e-02
2.350854135870850126e-02 1.172126387347050859e-02
1.632333538081135946e-02 9.899144444565503853e-02
5.529883372186224916e-02 -6.645055884032634308e-02
4.356618601508093630e-02 -1.290927679111667226e-01
1.621346052893462425e-02 -1.557949986537080223e-01
-1.188497791113020223e-02 -2.185559123220960076e-01
-5.695071663590047656e-02 -2.637746999718276197e-01
-2.653060727219015702e-02 -1.995168981189478219e-01
-3.887452160095204029e-02 -2.185015700318843068e-01
-6.013739411131886758e-02 -1.901373627331422178e-01
-4.893316732860186064e-02 -1.641039558628011874e-01
-7.793487279870282836e-02 -2.084561277277788283e-01
-6.885570653364540827e-02 -2.135866008764358281e-01
-8.293679663039842109e-02 -1.965167829847574710e-01
-8.481584784729256921e-02 -1.934496480299421894e-01
-8.457494672180702888e-02 -1.811050149805678300e-01
-6.930187426605444179e-02 -2.030352634040473447e-01
-7.691288013539386570e-02 -1.821522995975275727e-01
-7.631828432566854781e-02 -2.244263381419090708e-01
-7.823760493258666293e-02 -2.113846653008748522e-01
-1.019102284541466147e-01 -1.875355520445241564e-01
-8.577538544235437101e-02 -1.852986410697920749e-01
-3.104080349655407092e-02 -1.970997390265148697e-01
-1.730349499851994641e-02 -2.108730063438752078e-01
-6.407896312877024714e-02 -2.184408048335650110e-01
-3.407211811723433875e-02 -2.129010465907587579e-01
-3.138812085009093367e-02 -2.197187672135420822e-01
-9.803705359136941078e-02 -1.954153243633879877e-01
-9.393219826267162897e-02 -2.031552371570179427e-01
-7.291414302863978569e-02 -1.613012259504765511e-01
-7.764971951921394167e-02 -1.506403063733876557e-01
-6.320249561269397631e-02 -1.591063583785972957e-01
-7.317456530715105156e-02 -1.785834766194779322e-01
-9.872264994849695718e-02 -1.473449618473169076e-01
-5.778179256285603804e-02 -1.835280921237025520e-01
-7.829343374738220729e-02 -1.848293480634322916e-01
-1.106718814823826336e-01 -1.685550592290026573e-01
-6.035955240561268614e-02 -2.078347464279104717e-01
-2.313691021274466228e-02 -2.029714410136593816e-01
-2.781228596362687877e-02 -2.012731848433224335e-01
2.233911192663534315e-03 -1.857054579721794385e-01
-7.071565731201868987e-02 -1.605295514056536699e-01
-8.979635731069054994e-02 -1.734005964673316080e-01
-4.077047852903332992e-02 -1.635754543017901297e-01
-8.341757514274100727e-02 -1.809363084641170683e-01
-7.782253501399553908e-02 -1.613552597167180191e-01
-7.448976092080866751e-02 -1.688447492132356675e-01
-9.153250583409897057e-02 -1.728260266680378687e-01
-9.278655059447449283e-02 -1.735873376122242240e-01
-8.357267855686779934e-02 -1.673574813670883898e-01
-9.970848921202123127e-02 -1.673797932596630400e-01
-8.737325211992218177e-02 -1.695253951630226463e-01
-4.237454373363947618e-02 -1.808185925456559373e-01
-8.706388672067830875e-03 -1.567577897742741255e-01
1.029401445739638703e-02 -1.437114189546022380e-01
9.683775079998520330e-03 -1.968834917710144128e-01
-1.725316877885261016e-02 -1.423236500888554468e-01
1.881785335282631227e-02 -1.443458283803045750e-01
-1.259827174473895873e-03 -1.550516802665130311e-01
-2.646525628576783772e-03 1.259411394599577738e-01
1.059390326241816879e-02 1.168694759369037633e-01
-1.970932459993231245e-02 7.800589641903241112e-02
-8.943830121941701017e-02 1.392031825586401428e-01
-1.067080636795323251e-01 1.312677497107827274e-01
-1.625722605649402019e-01 8.430231671074626953e-02
-2.025396757411335458e-01 3.512118551190845841e-03
-1.938361303979277417e-01 -2.431332613506423032e-02
-1.840270174550216187e-01 -6.800943229520160782e-02
-9.217297354867136361e-02 1.552259472263364283e-02
-1.208041732841090149e-01 1.887655880304887207e-02
-2.414683888762663710e-01 -3.918692666249354827e-03
-2.019287421848026398e-01 -4.068203382224814396e-02
-2.379616773829515974e-01 -1.000852110034939312e-02
-2.116602893968285715e-01 -5.677454594294258083e-03
-1.985289061995403337e-01 -7.299905022762990039e-03
-2.416934991840026525e-01 2.478599888127974715e-02
-2.479086865167355602e-01 1.822477825073837458e-03
-1.858473930223039638e-01 -3.096933462004017659e-02
-2.704866669919048228e-01 -1.733513448226287751e-02
-2.531952166990636965e-01 -6.975038046991968721e-03
-2.521145974695018221e-01 -3.169470602764848377e-02
-2.545069764775982346e-01 -4.667094687044796159e-02
-1.911527712144500679e-01 -4.382750581786924726e-02
-1.936769460531037601e-01 -4.836835810582097023e-02
-1.489406758690014765e-01 -5.825220747456211906e-02
-2.320991609958299451e-01 -3.591736842961680554e-02
-2.359376759953147051e-01 -4.035082632829339183e-02
-2.235770698185723382e-01 -3.214708981686689726e-02
-2.342507510689754713e-01 -3.482917633896737142e-02
-2.237995716963784576e-01 -2.466495581227595713e-02
-2.235138784999416428e-01 -2.125096103094784375e-02
-1.916734895571211295e-01 7.404561261802297331e-03
-2.129224329114227376e-01 -9.454769657138029776e-03
-1.817896436943342020e-01 -4.230466656033565059e-02
-1.831739627011410854e-01 2.444075836736637423e-03
-1.814979903757451274e-01 -2.750384788927082505e-02
-1.513388046419977262e-01 -6.233279458823762220e-02
-1.655184681472405550e-01 -2.933267806512384474e-02
-1.758180640837347930e-01 -2.639911470667179183e-02
-1.640840560667211068e-01 -1.375252784524760331e-02
-1.770308297392746699e-01 -2.049033900676318354e-02
-2.741017405178559213e-02 -1.295980740791429220e-01
-1.925559803025253883e-02 -1.173181328967999176e-01
-2.168392183385833491e-02 -1.186338473916802028e-01
-1.248979077260615467e-01 -5.541620255085688562e-02
-2.176317007216259924e-01 -4.368333046300631149e-03
-1.068915512989206534e-01 -5.772999559539877812e-02
-1.024327628810970114e-01 -3.782382218459447165e-02
-1.097815303876458343e-01 -9.176740476598177487e-02
-1.237810509538139897e-01 -1.250284694607378955e-01
-1.373628230523767368e-01 -1.155566643721070569e-01
-1.452694930519182470e-01 -1.237983002485134459e-01
1.434911328398550713e-02 -1.159900003121177164e-01
-3.663838544209976206e-02 -1.141280651636631532e-01
1.004989065880358273e-01 -1.328784692164741432e-01
6.127096727322637465e-02 -5.252587987861940394e-02
-4.159064392649607089e-02 3.184270287259726578e-02
-5.200731068587735595e-02 2.416335193194257824e-02
1.037130602265760870e-01 -9.609228676881539921e-02
-7.307004580032581964e-02 1.531827121739188190e-02
-8.357951516757185229e-02 -3.805474185845209717e-02
-1.018187651207890128e-02 -4.335027533118436527e-02
-6.581230688881289925e-02 3.100634347265144274e-03
-1.097158428296196170e-01 1.425404582970290698e-02
-1.795812711868487732e-01 1.130267047090114524e-02
1.044097353989984107e-02 1.081466969289172492e-01
-1.979637744289723666e-02 1.182336497308360407e-01
-3.374684970970658754e-02 1.035427549950068554e-01
-6.178495418381960841e-02 1.273085878151195838e-01
-9.021321526592734896e-02 1.674150771828043782e-01
-9.234635700803453529e-02 1.105275273238551237e-01
7.905294263110608510e-02 1.679391507236517242e-02
-2.451268380676690228e-01 -3.660199013147475561e-02
-2.291636535857700108e-01 -3.965835479496550992e-02
-1.503751300209714148e-01 3.559475402942391398e-02
-1.438065845756026362e-01 2.607211435776568553e-02
-7.159612161589117008e-02 1.025416297711391755e-01
-4.953969390049429294e-02 1.376938412248042976e-01
-8.975393526478335493e-02 1.278988642892616157e-01
-5.075441587848179836e-02 1.301858122424389419e-01
-3.740281668553054745e-02 1.915540627330068746e-01
-2.259135043153843656e-02 2.101557301845313475e-01
-3.483629342600799705e-02 1.853827839707650194e-01
-3.147762786100090360e-02 1.917848667103756455e-01
-1.893132531371963939e-02 2.162081010038815754e-01
-6.956660886824057866e-02 1.733391160543540366e-01
-2.816569315962166170e-02 2.085192769749590336e-01
-9.206095831175114055e-03 2.129852175393653624e-01
-7.937326063129325482e-02 1.274786826894363789e-01
-1.314837831030765507e-02 2.212579372057728588e-01
-4.641600089240835447e-02 1.433140120333070144e-01
-6.211888931014757087e-02 9.463073159082376062e-02
2.141544637853311835e-03 2.237164525340340215e-01
2.563320920949687526e-02 2.113534062131633973e-01
3.202588196801536835e-02 1.925895673438303979e-01
1.746091058944639410e-02 1.985727025794967460e-01
-2.118033708939788453e-03 2.258365731622156425e-01
1.850073628883031757e-02 1.898043251310913004e-01
-2.134020334231516783e-02 1.807822848838860907e-01
9.725670356286080832e-05 1.964608279556104842e-01
-7.142247959240522089e-03 1.713021987314178318e-01
-2.458704299192921924e-02 2.695658631789242254e-01
-6.763774505397045222e-02 2.344081263414285188e-01
-8.116972909683665277e-03 2.062277432336786787e-01
-6.913358232868869677e-03 2.075626563337976127e-01
3.027035603570371602e-03 1.476392937149202667e-01
2.103030854398601872e-03 1.217656040944427170e-01
-4.398381703322042785e-03 1.274205679924977352e-01
1.290538237718330842e-03 9.068764098924646244e-02
9.098773313961226045e-03 7.962141207007929211e-02
3.795629115835954387e-02 1.024710268653144518e-01
5.180627225972774669e-02 8.325776673806814521e-02
-7.791527451468454983e-03 3.923803646292620129e-02
-2.832077027909190095e-02 1.072997916187161394e-01
2.583935756390348670e-02 7.817391576845855727e-02
1.229215242084669493e-02 -2.890270082924368406e-02
-2.069183846589104162e-02 -9.992390205042037468e-03
-1.492221759442064616e-02 1.828269573775286386e-02
-2.547432462375760764e-02 3.666737267148494073e-03
-1.109885532901943098e-02 -2.520220122307979382e-04
-2.451306735815717008e-02 5.640238890384766026e-04
-2.067464176050469449e-02 5.539435695019178166e-03
-9.199308303829962716e-03 2.338186772724793958e-02
-1.484537759606131130e-02 4.790030971320475423e-02
-5.007298810090660829e-02 1.413807307167358196e-01
1.115906939133735204e-01 -1.049525202174496352e-01
1.431945431377422695e-01 -8.489482998367250954e-02
1.638968240882394678e-01 -5.395296100889158258e-02
1.510347262216983344e-01 -1.207423703233443946e-01
1.628769279855463992e-01 -1.332322059721643970e-01
1.526485870623593977e-01 -1.381941689378062554e-01
1.305161993431092071e-01 -1.264733012371611620e-01
-3.310987392552457165e-02 -2.143456960575632619e-01
-4.360671484571623790e-02 -2.199504687151879190e-01
1.429745655469653320e-01 -1.180007421809429330e-01
1.333638896121870643e-01 -1.138210277180128766e-01
1.584568032307198115e-01 -1.114503856260011389e-01
1.646181531306468715e-01 -1.006261026066732622e-01
1.742345648065081187e-01 -8.930617582916423880e-02
1.642195682087380371e-01 -6.319352738183194040e-02
1.537190670723540264e-01 -5.924428032466678984e-02
1.669120989684217682e-01 -6.567871600970152934e-02
1.840065567062683649e-01 -6.517782033211799719e-02
1.999887995552377395e-01 -6.434759635203478323e-02
2.113387933960277631e-01 -5.145533325549483950e-02
2.244105753717934859e-01 -3.668206261961313303e-02
2.115508755779300643e-01 -5.673112470008633001e-02
1.950244385169181693e-01 -8.511874826697833629e-02
1.576183753177917424e-01 -5.293745436086594314e-02
1.309609927414690234e-01 -6.309109041180580024e-02
1.373116220971346835e-01 -5.454634375846120070e-02
1.512752767517631380e-01 -1.000228611138729712e-01
1.521020789205401180e-01 -1.107419023998089530e-01
1.287424249191490566e-01 -1.083642834589248621e-01
1.642174225647632102e-01 -1.302098069930330559e-01
1.385440210962349261e-01 -1.007809746278223728e-01
1.491320588972644412e-01 -1.250825873698803437e-01
1.714393095885532459e-01 -1.119709987900459891e-01
1.160992949285731546e-01 -1.014154681964256899e-01
1.264643820896580173e-01 -8.614279541945273067e-02
9.095187073402674627e-02 -8.970471867962259704e-02
1.059326027041656709e-01 -8.396922301342804595e-02
1.279292959717801548e-01 -6.353064591458004728e-02
1.233923528227694744e-01 -5.968495072087893344e-02
1.074583659275080705e-01 -4.279113173040231810e-02
4.783208735028673247e-02 -4.763446021758074161e-02
8.817296027458587648e-02 -4.611942521411238616e-02
7.873351514328753853e-02 -4.548369053771971621e-02
5.906500686223551538e-02 -6.400287691056545658e-02
9.232129644736142282e-02 -7.418178387943084873e-02
8.359478009219002692e-02 -9.332892171032926287e-02
8.444317893888339532e-02 -1.282050462820853443e-01
7.562017872392969020e-02 -1.259533822520493285e-01
8.582951036340522033e-02 -1.276644281433341743e-01
1.240829276348712623e-01 -1.460729595894920685e-01
4.730429048607132092e-02 -1.320974688334601022e-01
4.183621848893982059e-02 -8.872839457581668809e-02
3.746673023072791134e-04 -1.015743580410962688e-01
-2.578768856377478685e-02 -8.938634998997463388e-02
-1.164672378107110134e-02 -1.595263857164374091e-02
-5.232286058834272632e-05 -1.063641996908895604e-02
2.993888559518342353e-03 -2.015929278670196279e-02
3.161081204942424450e-02 -8.557066576428719318e-03
3.683247506701068513e-02 -1.697319379372775813e-02
1.414081753262698242e-02 -8.659272153477190134e-03
-4.025016687705029739e-02 -6.792967884889608565e-02
1.181806326913146729e-02 -1.392762466443183134e-01
1.228796561033244916e-01 -8.933918789397929383e-02
1.402127290845135432e-01 -1.065071304320089340e-01
1.404138025702052206e-01 -1.144943321996899771e-01
9.763862293144569271e-02 -1.374478915252603795e-01
4.882400243245208632e-02 -1.471059960085537299e-01
4.979924670236217377e-02 -1.193581775308889675e-01
4.902658347845286618e-02 -1.139775475376393898e-01
5.892598876601138486e-02 -7.883815385255581176e-02
-9.711940513717530477e-02 -9.699549069167581750e-02
-1.717025226066134502e-01 -8.672559719922499910e-02
-8.310839205311591760e-02 -9.968284666294971452e-02
-1.367864582045288935e-01 -7.634345006496787156e-02
-1.457196715959403199e-01 -8.549204824714480566e-02
-1.421008256632622646e-01 -6.511384367974490384e-02
-2.312197274424943882e-01 -5.034744822006352594e-02
-2.418372713541317442e-01 -4.426827087484497963e-02
-2.385648697923929695e-01 -4.388167281037057971e-02
-1.763830275685007998e-01 -1.983788092880214154e-02
-2.224905465621255241e-01 -1.686557502338336192e-02
-1.653882429841680712e-01 -2.974157750431028271e-02
-1.812334030236357196e-01 -5.470022359456968436e-02
-2.108711411762369814e-01 8.813714695235925741e-04
-1.774647406557753326e-01 -4.316162694720302243e-03
-2.018912284747855501e-01 1.157396821936316177e-02
-1.995066186612123038e-01 3.082784833205417033e-02
-1.935859034342510554e-01 2.142976294253824687e-02
-2.143090658480063804e-01 1.758544909479476878e-02
-1.989535473731171289e-01 9.475931596732725670e-03
-2.045643222243445358e-01 2.337000357821075389e-02
-1.885062385739648683e-01 2.488883202413130422e-02
-1.758437557161652010e-01 3.061475292938597992e-02
-1.909192325927996647e-01 3.880503008261101255e-02
-2.140853158505024723e-01 3.286988522462145398e-03
-2.234742752412170463e-01 -1.216737901656643949e-03
-2.253834916881099770e-01 -8.473347895914846864e-04
-2.172161189337206422e-01 1.893802519220960916e-03
-2.202269061925176963e-01 4.230258928246788223e-03
-2.032343595315661833e-01 1.815715628247833655e-02
-2.125236937275287730e-01 1.675761266952665793e-02
1.396445225921058575e-02 5.088952483576489327e-02
-7.265240251134660876e-02 6.912584731721904685e-02
-9.056055716114365384e-02 4.404496613352541085e-02
-1.575428570641685400e-01 2.968185357439052929e-02
-1.937131695719726265e-01 -6.672371211505252406e-03
-1.918193512759577279e-01 -5.078323832801923815e-03
-2.162148745074098932e-01 -7.997943134883365307e-03
-2.106748638359007553e-01 -2.851062120536631411e-02
-2.155835362975930813e-01 -2.308735880895711537e-02
-2.108957810224052210e-01 -1.546735841409911140e-02
-2.135475866180180371e-01 -1.704636656398635444e-02
-2.035122975572966342e-01 -3.502919453244267983e-02
-2.032019224432410898e-01 -3.405125067779304904e-02
-1.698483776884072982e-01 -1.495535587358715751e-02
-1.595975706106605163e-01 -3.224725843452097996e-03
-5.678434859090592673e-02 -4.836828448078261608e-03
-5.376174626643056426e-02 -7.152237737509679720e-03
-6.247144806522420685e-02 2.547504159139298355e-02
-9.000205164402733105e-02 -1.380221948720343830e-02
-8.968385825208971540e-02 1.457838165341153805e-02
-9.331352355945121690e-02 2.486903740667742099e-02
-7.962204314183658760e-03 -2.153818457639609246e-02
1.301173199210469561e-02 -1.274558799632727162e-02
-9.151255695465997791e-03 -2.222552689871883438e-02
-7.642139443890247352e-02 -5.242927681639405341e-02
-3.891778858182317474e-02 -1.660682683800603771e-02
-1.302975259672973542e-02 -2.457437773235568793e-02
-6.664107940385433082e-02 -6.821473396166717607e-02
-4.914109495476862849e-02 -5.214219876804539883e-02
-2.736527680220810985e-02 -4.189242594678974779e-02
-8.266362670238976140e-02 -7.554216423091093813e-02
-5.858638801768457915e-02 -4.718861152700455641e-02
-9.001770222360828966e-02 -3.894418140509502135e-02
-9.509170847380404856e-02 -6.818006007455790218e-02
-1.281847958905845131e-01 -1.453283317284006886e-02
-6.045924070754037788e-02 -1.028653450409531232e-02
-4.914116156789856416e-02 -1.617570841403143111e-02
