7.943699233329559739e-02 8.760305843164337136e-02
7.512309663349107935e-02 8.085947155881398341e-02
7.094706127771302495e-02 1.147636943597420411e-01
1.052888287245335730e-01 1.079592968951486737e-01
8.494314181973464106e-02 1.187158430030953865e-01
6.941676805070809420e-02 1.384754064042261479e-01
4.775270395475856439e-02 1.544652139811188429e-01
5.610367276303204059e-02 1.433602326988019926e-01
3.131221515268729771e-02 1.628178746004929345e-01
1.208353122284680850e-02 1.602136987122144696e-01
2.915212576539593162e-02 1.608311875032608640e-01
1.080428690244174261e-02 8.682273282216430854e-02
9.339332227091325447e-03 1.122099945460768577e-01
-1.525840744706670124e-03 1.602393096157834207e-01
2.813760396959788176e-02 1.819849368153197144e-01
4.469189976354701228e-03 1.622810696164744826e-01
3.064223291359353951e-02 1.575062889557908852e-01
2.696524287631563155e-02 1.548716048160207193e-01
4.981049163956056264e-02 1.824587774875217894e-01
6.389113491077168250e-02 1.650785571836687893e-01
7.196646094334553656e-02 1.659962311417096659e-01
7.147554077026274655e-02 1.642133182394102942e-01
7.133879902502318626e-02 1.188472700128050952e-01
1.067428068014644460e-01 1.083448183496977524e-01
1.001412819745725602e-01 9.796720453727672528e-02
8.069206573737607024e-02 1.106341615485580965e-01
9.689607663420977957e-02 1.121768929262532966e-01
9.770410565046115658e-02 1.211515946441747010e-01
1.106275167378537594e-01 1.025448558137319194e-01
1.055232336046560970e-01 9.213297726135566412e-02
1.194924065589428458e-01 9.418234484683132846e-02
9.297683482979671177e-02 8.163554537986916770e-02
8.674784235512231212e-02 9.187277782711711360e-02
1.026420459093268789e-01 7.206642249265134137e-02
7.944875153347838448e-02 3.470160565061546076e-03
9.380203238961831724e-02 5.001449957155322708e-03
8.831164902438978781e-02 -6.123287671895499135e-03
1.101016083529635092e-01 -8.166099489356338018e-03
8.166766196494008867e-02 -1.612129023828335695e-03
6.336723555156338616e-02 -3.779626206369727376e-02
6.992172914289224162e-02 -5.957114535190414367e-02
1.136949372182831652e-01 -4.055732004054774659e-02
1.276967888396183526e-01 -5.698286914887047000e-02
1.230294159231504481e-01 -4.442584090295140231e-02
1.333485175582303506e-01 -6.474888313877553980e-02
1.358974981093517553e-01 -5.011033176613323425e-02
1.675558806304108528e-01 -1.417114959992508277e-02
1.411375713440448931e-01 -2.484726233340809817e-02
1.286434461930931750e-01 -6.100349162045333451e-02
1.400624142592778176e-01 -7.654837513856078968e-02
1.288011296658707339e-01 -7.913872714929355567e-02
1.229443133726558224e-01 -3.649596610368433663e-02
1.365748681090903915e-01 -6.146791602824022704e-02
1.275177573820318877e-01 -8.297087407303431472e-02
1.231546989872843029e-01 -8.794096430797952724e-02
1.337946325629877087e-01 -8.100425497194949087e-02
1.276414488080908349e-01 -6.494541705001785625e-02
1.410018480245665562e-01 -5.449845567797654416e-02
1.283405674847411249e-01 -5.869029054597368206e-02
1.377503317835850893e-01 -6.408957210950216865e-02
1.277741446761259947e-01 -5.993171259271937862e-02
1.229848834480616465e-01 -7.526047837306146238e-02
1.324470271090070483e-01 -7.005402988399271613e-02
1.390641232762261648e-01 -5.004208054462747773e-02
1.588843247489099830e-01 -2.034570081771917144e-02
1.215702511095558963e-01 -9.122716824169135874e-02
1.247466375812673195e-01 -1.030642974732968453e-01
1.236026393671765394e-01 -9.444673485264472312e-02
1.218915171332907582e-01 -1.212897666376144268e-01
1.179289059739205558e-01 -1.033047906473142791e-01
1.065342131709622608e-01 -9.284078873056890446e-02
7.947622120319074168e-02 -9.718461946955146702e-02
6.900455604997982051e-02 -9.339548573000981679e-02
7.211111079244678090e-02 -9.759117725949614797e-02
9.185993341915597854e-02 -8.688854093487675956e-02
7.542821810458502640e-02 -8.649068150266311927e-02
8.631460514933463057e-02 -8.650069324006437466e-02
8.848707425305127328e-02 -1.114734445488258091e-01
5.542270766470461935e-02 -1.149799456615416687e-01
6.502312349211544773e-02 -1.230026474646179341e-01
8.658136591675610894e-02 -1.269253563687536002e-01
1.116078210976253760e-01 -1.198241573593669534e-01
7.419572258746222337e-02 -1.220884684321401348e-01
1.150400939983024506e-01 -1.112528190249042204e-01
6.841927845186196455e-02 -1.095157742380362398e-01
4.882618592392930917e-02 -1.099815231558295275e-01
3.200424937035382944e-02 -1.497621572068317253e-01
2.221088499124529089e-02 -1.530801660762012295e-01
2.618501743986226260e-02 -1.647384920221121318e-01
3.520922411056452705e-02 -1.468250507024932427e-01
2.457463031364737205e-02 -1.503626722351911749e-01
5.866070611238556609e-02 -1.431049027866457546e-01
5.836793931446047218e-02 -1.524865407259422545e-01
7.058931557712148919e-02 -1.215205207674672355e-01
6.001782243863902633e-02 -1.416748883235280088e-01
4.610225040085037113e-02 -1.662995216725006442e-01
4.819208510612211366e-02 -1.617159156661847896e-01
6.312961122169845167e-03 -1.322113088492143373e-01
1.926929157013094335e-02 -1.477728099592506839e-01
3.214689019377311302e-02 -1.567483575827224029e-01
3.909330240037517390e-02 -1.687428530725240960e-01
2.572758288320153158e-02 -1.621566435882270951e-01
4.602860931404550299e-02 -1.892042954736798399e-01
6.649760921347299021e-03 -1.376673328666300211e-01
-2.429800250319509927e-02 -1.517860196269322504e-01
9.695812547587468258e-03 -1.572728412845805779e-01
2.321351263153427578e-03 -1.435407556214376712e-01
5.937160624989102492e-03 -1.334721644629445481e-01
1.281788436999272730e-02 -1.227420751641170732e-01
5.018735369255525325e-03 -1.107279123702709089e-01
3.703335543035266800e-03 -1.126594931730354326e-01
5.405837331543314646e-03 -1.315575017711859973e-01
-3.250520075892619678e-03 -1.246245489236194742e-01
-2.456822758775513774e-02 -1.298824974782308017e-01
-6.420798775620793417e-03 -1.278896998264314189e-01
-2.487903944322527455e-02 -1.592479528321769644e-01
-3.428830287694075579e-02 -1.463980353546347202e-01
-9.832458293677405828e-03 -1.430950413087830608e-01
-7.584556119029602257e-03 -1.373318645339190736e-01
1.114398476290418688e-02 -1.195140105414840559e-01
-2.914859466624023995e-02 -1.507339691200917930e-01
-2.459422387921459448e-03 -1.658415862507114369e-01
-1.353148361402380963e-02 -1.752135630581966030e-01
-5.960280420189932420e-03 -1.803958587177370565e-01
-8.809046837495082896e-03 -1.813134436330884336e-01
-3.314769941538735221e-02 -1.395197769790967879e-01
-5.465786435286328071e-02 -1.450390435667335554e-01
-3.911663715019363802e-02 -1.530523513660670409e-01
-6.437695738988029326e-02 -1.584968332248556100e-01
-6.934393669586090547e-02 -1.504477302643410508e-01
-7.667295699151478738e-02 -1.535365432509240846e-01
-4.878067954442404097e-02 -1.513700678332447758e-01
-7.582303895501929514e-02 -1.582225594805071467e-01
-8.721296240892097151e-02 -1.591873815426410321e-01
-8.007030846240152655e-02 -1.657151345012778387e-01
-8.220439460177332569e-02 -1.638703814511170975e-01
-9.329243551241180044e-02 -1.854631446134453188e-01
-8.464144849218664668e-02 -1.443276592596039187e-01
-8.949643435544206438e-02 -1.594519496338334397e-01
-8.131467448306899104e-02 -1.626351812623005877e-01
-8.512616906801263872e-02 -1.570199155250409651e-01
-1.018865854708921465e-01 -1.612551642693400011e-01
-1.135724478685325306e-01 -1.553006904064102300e-01
-9.867251168084763269e-02 -1.313112096920145411e-01
-1.016245884873591965e-01 -1.347247724975593197e-01
-1.070293573066284504e-01 -1.382965975533634595e-01
-1.106210722732008239e-01 -1.504296768590438760e-01
-1.103108809339731766e-01 -1.354304358118882667e-01
-9.862576426885738545e-02 -1.444391963585454075e-01
-9.654568252067051437e-02 -1.315209274864717337e-01
-1.159676405645422154e-01 -1.187588951434711548e-01
-1.210257439328952384e-01 -1.034651120097684479e-01
-1.324900458583742613e-01 -1.067918359323732636e-01
-1.310223552072595776e-01 -1.086086184476931782e-01
-1.255186599599500130e-01 -9.363064747299312818e-02
-1.286210185656740390e-01 -1.085896523548285642e-01
-1.069616848626044753e-01 -9.705112221731075628e-02
-1.105558818941468069e-01 -1.143017408865889123e-01
-1.011695914743236807e-01 -1.090629476405574061e-01
-1.248279780781303555e-01 -1.005828001504842223e-01
-1.138289464659885397e-01 -9.933492250874939589e-02
-1.246975750593499466e-01 -1.046662645001854020e-01
-1.104104084001676367e-01 -9.890088391875616336e-02
-9.493681468534531653e-02 -9.616962185188138168e-02
-1.228937482553530414e-01 -1.025943858097692063e-01
-1.214530931908393979e-01 -1.132496458584037052e-01
-1.104313890838823087e-01 -1.092209650234206297e-01
-1.243256771362951651e-01 -9.583005755545319360e-02
-1.209597744303080591e-01 -8.610317884827256574e-02
-1.175881284708478608e-01 -8.272839413400730202e-02
-1.339914280371304611e-01 -8.532386053421853189e-02
-1.375668481915233721e-01 -6.608971578318573181e-02
-1.409573155494777408e-01 -6.554089003608407071e-02
-1.400548122396613193e-01 -6.366903461730516467e-02
-1.378331748758335196e-01 -3.230763172641838016e-02
-1.315304995755935402e-01 -1.451165301846914397e-02
-1.309217369681186793e-01 -5.506965340081639709e-02
-1.261429605167435630e-01 -6.243540937105927779e-02
-1.196107665539676707e-01 -4.577333227098615009e-02
-1.225015374687548897e-01 -1.796816083490389640e-02
-1.379766671699711733e-01 -3.213996155949598588e-02
-1.273445136992632787e-01 -4.773076049696362011e-02
-1.200078190368076697e-01 -5.952429220172011232e-02
-1.180686473447628143e-01 -5.671443326585268174e-02
-1.217217238547404767e-01 -4.252338262482317777e-02
-1.384219696601868277e-01 -7.468924169404494995e-02
-1.384725125168172477e-01 -5.628853651678108333e-02
-1.485249424271651575e-01 -1.222191608396614414e-02
-1.448148897262403478e-01 6.319270631496505357e-03
-1.614080950885652121e-01 -7.783711224444232746e-03
-1.442624911412222766e-01 5.729924895501873131e-04
-1.374489668009546417e-01 1.451539420272038826e-02
-1.657484698581613569e-01 2.987936523642559586e-02
-1.709188560579804617e-01 8.972812343353467335e-03
-1.544510116721427573e-01 2.635899015965119385e-02
-1.408830094250856368e-01 6.748868773867473803e-02
-1.400720086090720129e-01 1.818449839680898877e-02
-1.307923356795951952e-01 6.552831275619144802e-02
-1.287560963256534630e-01 5.940426265626706781e-02
-1.084873311742508700e-01 7.106793672871637713e-02
-1.178606992737595560e-01 5.429173194395397334e-02
-1.359730953527416852e-01 5.462221388605262296e-02
-1.255514833213688952e-01 9.263349734940073965e-02
-1.080660368191930648e-01 1.206358705168966011e-01
-1.219134550259176192e-01 1.030342455655888362e-01
-1.068067951042101366e-01 1.254828091470879814e-01
-1.233806448119038196e-01 1.159148048586570584e-01
-8.876140364908069458e-02 1.450651442050947815e-01
-1.098973778142470908e-01 1.220876225265898340e-01
-1.100134672206895259e-01 1.179206472644689502e-01
-1.134248596106776225e-01 8.943280778862248981e-02
-1.029183231141892196e-01 1.109182299887521428e-01
-7.443184710452580011e-02 1.313003576142310891e-01
-5.820088966378057088e-02 1.150853388149072898e-01
-4.964546214489881648e-02 1.267859934293417423e-01
-3.942184488139303944e-02 1.108830358657252046e-01
-7.932154292118397121e-02 1.169758709378099087e-01
-6.440201734180792115e-02 1.096067536060382069e-01
-3.617322809298859076e-02 1.310053257928917025e-01
-3.837225139626612019e-02 1.325588313360170356e-01
-5.583401254303355099e-02 1.302837015764689577e-01
-2.402102686973695000e-02 1.371090352034322335e-01
-3.462123627558485323e-02 1.241883399180695458e-01
-5.020059879261915686e-02 1.440857191418820349e-01
-4.036819336803864483e-02 1.467916708242649748e-01
-1.049084550504715205e-02 7.618427958117390819e-02
-4.420424147461336079e-02 1.454329906857770582e-01
-3.811291456308214115e-02 9.597551991909616942e-02
-5.753807257860794194e-02 1.321281541075526311e-01
-7.662663809746779464e-02 9.895125982034375101e-02
-4.222229033542934662e-02 1.226303265887880162e-01
-2.966427705475762483e-02 1.074038597283512586e-01
-9.635840904913674926e-03 1.132297670779716658e-01
-1.482369616738009668e-02 1.339432002904271946e-01
2.430858467032598683e-02 1.321029550264226637e-01
2.400661030178924404e-02 1.145271858460799597e-01
4.913756820912908857e-02 1.282330373068273910e-01
3.936423147869910766e-02 1.336099914159624424e-01
1.603533204319427044e-02 1.346269591031378499e-01
3.256112235051952797e-02 1.266661753602762730e-01
3.282922432345167230e-02 1.297529737560092489e-01
-3.980235351078137418e-03 1.505462560002785721e-01
-3.723583294111946357e-02 1.256024825217830210e-01
7.324154947447634491e-03 1.475787525478102491e-01
2.050635574243596989e-03 1.439266109860723730e-01
4.301981787948720021e-02 1.395914786048208789e-01
8.412206248430265099e-02 9.478765705008786180e-02
9.131222070567313054e-02 1.278345490106191085e-01
5.996883226390686827e-02 1.471504794719624698e-01
8.297041216408251874e-02 1.054305846862259033e-01
8.658525040408576734e-02 1.068383829983121230e-01
1.115885656160198747e-01 1.295169549771394424e-01
1.147062061733302302e-01 1.018170987820695012e-01
1.188100056472471550e-01 1.245755977050639757e-01
1.127903191445909920e-01 1.235326295525530499e-01
8.921361807806917066e-02 7.865095129618392134e-02
1.173141663759126457e-01 9.409567291893418395e-02
1.190116650783041297e-01 8.509815401182706240e-02
1.114425133445589300e-01 8.140182501542223004e-02
1.342728140663031755e-01 8.420490001138299097e-02
1.134548447363685070e-01 5.124205321940848712e-02
1.331165168307244795e-01 8.326926725590252931e-02
1.302387684092773945e-01 8.980481701503913172e-02
1.227032748121651695e-01 6.966350534332707567e-02
1.492404449586844095e-01 5.760938464256543795e-02
1.323147541937470251e-01 7.810875366428229882e-02
1.482562783722555233e-01 8.870039827643341757e-02
1.652440764131228035e-01 8.404948712718780801e-02
1.463035944520782450e-01 7.808096677998857538e-02
1.478113097921255059e-01 7.442426734558167667e-02
1.172584924342995050e-01 9.215979024123292784e-02
1.103246046384931678e-01 1.060776690411965734e-01
1.345675342382292861e-01 7.765870408568241456e-02
1.388329016722534559e-01 7.577095454682683529e-02
1.426234823554995701e-01 8.330525719796692818e-02
1.068137293036553609e-01 6.027968585813771318e-02
1.106168761364578895e-01 5.670423231273623299e-02
9.466574647781901553e-02 9.047098989657249846e-02
9.906677044930441156e-02 1.147159229568224803e-01
4.735922430983496162e-02 1.319109344665046202e-01
5.251719461963619273e-02 1.299112248759324018e-01
7.686381999646924208e-03 1.366650794838953631e-01
4.305315323637071839e-02 1.341922972143180792e-01
6.061332881571380310e-02 1.523630051245899453e-01
4.772129414603559772e-02 1.468446400941843810e-01
6.709796285195769594e-02 1.400138637328250946e-01
7.612528323420859888e-02 1.406972552444415436e-01
3.020818041068007095e-02 1.341684782948754096e-01
6.451014855787583213e-02 1.213701610559014682e-01
8.795674712469432610e-02 9.571573787246466514e-02
6.833581206078700142e-03 -8.439909933460984504e-03
-7.515308732435005933e-03 -7.070849921702423990e-02
-1.143866764820407195e-01 9.738989625986958776e-02
-7.830626287123311491e-03 -4.155244722553794179e-02
-2.749593730576678843e-03 4.074213092519989726e-02
3.079308792511967902e-02 -4.013133703137069380e-02
4.801369364286648539e-02 9.942862880911746554e-03
7.380404049183300619e-02 -5.452773959248757851e-03
4.709830696891226937e-02 5.892309265768509718e-02
2.691339220518311828e-02 9.678679899351448623e-02
6.231083864844146059e-02 2.455351050073035016e-02
9.464256198753909222e-02 4.211759561065952194e-03
5.573254839834234503e-02 7.755520865463686950e-03
2.897034511477100671e-02 -1.394537351293243660e-02
4.472315444320935918e-02 -9.424513107326870642e-02
6.010399350140770841e-02 -1.130851172288704215e-01
2.608309695138734050e-02 -6.476415952519377905e-02
3.047729802678938657e-02 -6.489408393951809351e-02
1.084524041792924443e-01 -1.123204742630804637e-01
8.672170832575253063e-02 -1.006255740324552977e-01
3.562630563337510631e-02 -4.516123891040698529e-02
9.778284164865615191e-02 -3.792207938396816025e-02
1.367711293270960915e-01 -1.712940096043702801e-02
1.460856513391780021e-01 -2.256539176400607430e-02
1.369156344818268922e-01 -5.278153453893674740e-02
1.217098477860277250e-01 -5.903725651596698765e-02
7.280200415065402053e-02 -1.623175604236673508e-02
1.024002170949668694e-01 -8.310415984888745722e-02
1.533910920176173032e-01 -1.219343021455980280e-01
1.388968231929820218e-01 -7.938865884839854670e-02
1.491662946589989436e-01 -8.757010150619025379e-02
1.524167980393872912e-01 -7.277660472347266540e-02
1.531130784803095835e-01 -6.269964355216603447e-02
1.491451915415862028e-01 -6.968762478184679920e-02
1.471647930843004437e-01 -7.604813330892042089e-02
1.384304732370345847e-01 -7.444314439575677733e-02
1.384606475784406487e-01 -7.696235686274296994e-02
1.507265340555181132e-01 -8.034998041980126460e-02
1.544034628759469729e-01 -7.933516088751017825e-02
1.344392237226522402e-01 -9.153890669764916388e-02
1.152619661198771017e-01 -7.178935503391963013e-02
1.377505098689640883e-01 -8.297251579762207618e-02
1.630271026601578244e-01 -6.999570692236679881e-02
1.613196200462055918e-01 -6.571560848839760882e-02
1.504279516569347053e-01 -8.143964589778958374e-02
1.554216326394307068e-01 -6.458726509215545475e-02
1.662461294498060738e-01 -4.713924434541229974e-02
1.705103170681943059e-01 -6.143983419003751223e-02
1.719756258273646976e-01 -4.789469921867893498e-02
1.768826905336444988e-01 -4.386178885594434890e-02
1.673307250596606788e-01 -4.216509988551056520e-02
1.527280244998804326e-01 -3.916311186894726876e-02
1.601828120292923541e-01 -5.269635407608880967e-02
1.548311237833044085e-01 -4.974544038970890592e-02
1.213072190047574522e-01 -6.234217610997920545e-02
1.304651037956635062e-01 -3.723923882399303442e-02
1.184432499395113164e-01 2.828969166585685799e-02
1.465625639841680039e-01 1.761921923023719236e-02
1.592120463676339748e-01 -1.005048488409904933e-02
1.255987983805047226e-01 -5.386532876458581531e-02
1.220928092632535128e-01 -4.235921294863195796e-02
1.114967292121314263e-01 -6.366048651911267175e-02
1.096960634236119475e-01 -1.848614998559627506e-02
1.423795721682723781e-01 -1.756242390725309271e-02
1.324875415327319284e-01 -3.873091952346924792e-03
1.227125797732184637e-01 8.906574321405740999e-03
6.538506532944991789e-02 -2.258064588975193868e-02
5.468031424095478460e-02 -3.070427340750630715e-02
3.685579039455900985e-02 -3.861623114809448892e-02
1.265562298994096779e-01 3.266432561024013026e-02
1.131866036342340093e-01 3.645012024892533425e-02
6.594017415132978621e-02 -1.057340477372278181e-02
7.048538606296460285e-02 -8.543454059727352209e-03
6.527970556709285221e-02 -1.621496036505881005e-02
9.138289277529981769e-02 3.168286647808899598e-02
6.902719515378652471e-02 3.786217591460351584e-02
1.010796360972510133e-01 1.247573227040079530e-02
1.143496792445512916e-01 2.565486004913218251e-02
1.157322673451713357e-01 1.196819172280504454e-02
9.805552375492972150e-02 5.903195847594142759e-02
9.678197955794501373e-02 7.225336205409947643e-02
7.839743562882633965e-02 -1.076756931464904754e-02
7.121183528012491049e-02 -8.555830437051770154e-02
5.773834628280948011e-02 -9.663840935145402711e-02
6.475290675530755158e-02 -1.115663383346521265e-01
3.277572357997926566e-02 -1.216151174947303487e-01
5.850167586892923016e-02 -1.157321671721456419e-01
4.127044624529083855e-02 -1.721464208361719317e-01
3.324363734816114524e-02 -1.998162919055509745e-01
3.378563741659541819e-02 -2.026317104443444150e-01
2.593517756603083008e-02 -1.551879401008242343e-01
3.146809829358643285e-02 -1.932369498386820872e-01
2.518729410395618637e-02 -1.979187921921945759e-01
2.601293687722531708e-02 -2.141262089719018769e-01
4.078085614738252707e-02 -2.183485020048778757e-01
3.361378224326628389e-02 -2.107398487080009430e-01
2.330657337240342464e-02 -1.906949591386868370e-01
1.644390859786508050e-02 -2.053964414321369780e-01
1.311466921928174448e-02 -1.953229529257210495e-01
1.095681633391818594e-02 -1.744025733725191873e-01
1.266621127875675913e-02 -1.707003675586070135e-01
1.677569418058976955e-02 -1.657565059608892000e-01
2.232746691506405992e-02 -1.549905435885273186e-01
1.610187336680312525e-02 -1.635940374642376183e-01
1.525614868446651881e-02 -1.686679347796416484e-01
3.052816366316924920e-02 -1.610284393211872944e-01
-1.104298252716478732e-02 -1.589226131053972368e-01
1.735187133758179373e-02 -1.693849176458739059e-01
2.315591314176057916e-02 -1.721855662285456667e-01
1.982773671028321277e-02 -1.834094528923605472e-01
1.616643766444655558e-02 -1.755437778722267472e-01
6.170650730606150845e-03 -1.691479416580919382e-01
1.315738884086390184e-02 -1.803075506304202547e-01
1.140141552601594156e-03 -1.683494847309623677e-01
-2.313430811575035474e-03 -1.684682008967452183e-01
5.176937098311856431e-03 -1.827740999117321852e-01
-6.525591586478270319e-03 -1.714075000773127855e-01
1.468313810812002518e-02 -1.386348150791128775e-01
4.029872893988838134e-02 -1.445271594054403919e-01
4.697306842612317124e-02 -1.496769990046561694e-01
9.572478683578564129e-02 -1.076532571713192110e-01
2.422991267156407100e-02 -1.632925389175729214e-01
1.303237568738260799e-02 -1.632843581204746208e-01
1.038521722332955317e-02 -1.404207554328554264e-01
2.115109055300192983e-02 -1.645459149453847025e-01
9.909960215847541873e-03 -1.480296869881370936e-01
1.870107121222142760e-02 -1.590680198173592685e-01
-2.992415092666267720e-02 -1.326206269625336553e-01
-2.639942388843870974e-02 -1.238987397007899754e-01
-5.148495054604255994e-02 -9.543730138238182281e-02
-2.425216499618823573e-02 -1.152522715970572265e-01
-1.434238147442768244e-02 -1.110060149502681143e-01
-2.964922327506314473e-02 -1.139580583657711088e-01
-4.403799877330710072e-02 -1.083010204767973633e-01
-2.725756724337724882e-02 -9.291967498830244754e-02
-2.307257474955178109e-03 -1.043599019966064828e-01
9.883237669951808885e-03 -1.250754054515930136e-01
6.107331778452971399e-02 -2.868446242977828586e-03
2.285001254713346294e-02 1.383455153809104096e-02
7.553760148347410386e-02 8.596883847306559592e-03
5.482208689815139258e-02 3.232742146416091311e-03
7.985010032608701180e-02 4.441308553767978062e-02
1.035055819121485782e-01 4.966841289811878973e-02
1.204327196207904266e-01 7.210000828209908730e-02
1.300137909239062473e-01 4.163070740186089469e-02
1.073998861983320868e-01 1.027837573496744455e-01
1.059744574337238288e-01 1.193564049810598021e-01
9.560193018494080042e-02 1.329221589002069215e-01
7.413309775089957365e-02 1.548357651334948681e-01
7.286446203217385176e-02 1.620551349221911464e-01
7.381655655487659451e-02 1.422285780275438782e-01
8.831445943427729262e-02 1.181153279747359369e-01
8.217423695587151855e-02 1.452452219142829348e-01
6.681459562294350674e-02 1.487875849701970066e-01
4.176114659423391107e-02 1.137241988721218178e-01
5.262389558750393131e-02 1.821915047246356611e-01
8.586170063950247788e-02 1.409661864274197041e-01
9.321639305557433142e-02 1.599183663717980153e-01
8.621174971261991171e-02 1.655474782472756701e-01
4.788242245786340084e-02 1.884640390744781180e-01
3.864832268990898295e-02 1.852050766385867908e-01
3.840713943504788647e-02 1.972375488354624617e-01
4.550020216868101014e-02 1.889791510332658464e-01
5.467722557266257305e-02 4.974111625409980558e-02
4.281800262372360139e-02 5.897788173757128466e-02
5.260998266726873984e-02 1.029740193164747353e-01
4.345729017819447565e-02 1.172394150380730166e-01
4.134535062525306059e-02 1.738389776692958466e-01
3.435052145623253284e-02 1.789851219968971729e-01
3.258405919081926172e-02 1.806599815954819388e-01
3.359416502573465968e-02 1.858223205622370200e-01
3.641365448498889296e-02 1.491690995037183443e-01
3.926308176600521588e-02 1.350057912256378279e-01
-1.706212642593177981e-02 1.596591742329844799e-01
9.242720213332141291e-03 1.826202897959481042e-01
1.324629935762689469e-02 1.838361899818143630e-01
3.141547823796491268e-03 1.792838156988424692e-01
-1.631820953741619160e-02 1.837847121769441427e-01
3.086191096764710241e-03 1.942508566834057482e-01
7.382113390563396771e-03 2.327341276179805962e-01
8.335013471347756456e-03 2.306875927030648255e-01
3.993518016026674500e-03 2.230044551964167343e-01
-2.715431772319685990e-03 1.878797854672895618e-01
-3.604939892901931359e-03 1.734921897846815608e-01
-1.609775375112148382e-02 1.701499613037666392e-01
2.005259037066426525e-02 1.629638266989281714e-01
1.172822167458845502e-02 1.512110821111331826e-01
4.837564104536904233e-03 1.576409882843399224e-01
-1.084318325354326901e-02 1.622728999497123625e-01
6.039081113464023730e-03 1.752701496873771969e-01
6.746269283850730297e-03 1.750508375431258090e-01
-1.012416214449653185e-02 1.738932046672045373e-01
-2.243099991099423846e-02 1.720095510920661985e-01
-2.141490178133354308e-02 1.778940930527257991e-01
-7.125436707728389531e-03 1.611002077289285239e-01
-1.131226327226386111e-03 1.774417561900392404e-01
-1.413631999540830401e-02 1.733219179016751710e-01
-8.259105274190560106e-03 1.748777830760724072e-01
3.806125241201881865e-03 1.709458248625643773e-01
-8.085582637371236531e-03 1.801279960470329455e-01
-7.864062512678536565e-03 1.809356466318539358e-01
-3.337864832612344457e-02 1.650172512919444168e-01
-2.151941842072435315e-02 1.696943632525769463e-01
-1.518686373298728555e-02 1.634793282194825226e-01
-2.214797076594175393e-02 1.580803249143587219e-01
-2.035108929172626049e-02 1.673785855052697391e-01
-3.790255399171008760e-02 1.624740139942961181e-01
-3.990387469844554336e-02 1.649347309794454708e-01
-5.479409966780628138e-02 1.503713650277541392e-01
7.419774274348036984e-04 1.680188692248294757e-01
-9.757517740122567673e-03 1.478578568580643793e-01
-4.191815111650400161e-02 1.353083137632318522e-01
1.378070992807287065e-02 1.139808644246206454e-01
2.075659526490115925e-03 9.867337984707030829e-02
5.505676447151051575e-03 1.030621827094211074e-01
-7.891244880588041887e-04 1.578012734732014977e-02
2.715254973885797285e-02 -1.359052336930025029e-01
1.180368257136008882e-02 -6.783270416957817850e-02
4.594813698340514951e-02 -8.377239740778372190e-02
4.403302351303099715e-02 -8.299966268758497689e-02
3.346778840607032152e-02 -9.915530114334497602e-02
6.288175811287660677e-02 -1.030177392770218053e-01
6.527086808015945818e-02 -1.190827434052016687e-01
7.050885994198542728e-02 -1.071450348906319294e-01
7.429302398641905725e-02 -1.172097081707868249e-01
9.665230001101683677e-02 -1.050268428713368174e-01
1.090980304602224699e-01 -8.885704662794549624e-02
1.020154413729423976e-01 -1.108099874693223574e-01
1.155376088955767239e-01 -8.777012477782755728e-02
1.148276270108067876e-01 -1.103233023891591474e-01
1.240533400704434269e-01 -1.029120456045791027e-01
9.781483023486090000e-02 -1.098527451661325954e-01
1.153856686762722433e-01 -5.326183637129603549e-02
1.100910122729123891e-01 -5.314857407024538988e-02
9.864707886265770831e-02 -1.815630525524439612e-02
1.216830236758142669e-01 -1.777079493103151178e-02
1.435067524443828513e-01 -2.173678136485077822e-02
1.493065702859782407e-01 -1.409183343295627826e-02
1.413963627907556531e-01 -3.563592780900976670e-03
1.552316823220436792e-01 3.492935580707797784e-04
1.494314526580093339e-01 -1.305501896506538334e-02
1.611555477604560138e-01 -2.465944069281705495e-02
1.512010759389000314e-01 -6.731435328295968558e-03
1.619499421148768992e-01 -4.177040981652650059e-02
1.588981486264556819e-01 -2.793151188215398789e-02
1.625167878762671936e-01 -1.304674495140151387e-02
1.772767600863860704e-01 1.088972266737599746e-02
1.789732793191929627e-01 9.181993099089576227e-03
1.571723788701462898e-01 8.166045228967421660e-03
1.567919328488990294e-01 9.252538561142116535e-03
1.539528846063781542e-01 3.678200461338369375e-03
1.605361334212490887e-01 8.553007366406847195e-03
1.583328388514593510e-01 1.618449385232778592e-02
1.577232192080980089e-01 2.669744420504461396e-02
1.524654376085295138e-01 3.197337938293599163e-02
1.498813964984154201e-01 1.090398967143117390e-02
1.407002604352123321e-01 1.596207634427991573e-02
1.401076702062188650e-01 2.451863080970072620e-02
1.474358612918267308e-01 1.092213142377185253e-02
1.458289523956706191e-01 2.174790752716286232e-02
1.240728515497812601e-01 3.396243167660804863e-02
1.325331759111033347e-01 2.448818934022612553e-02
1.424874585169441377e-01 1.256421287792852150e-02
1.519877347096701414e-01 3.624865559875166399e-02
1.495525061943916711e-01 3.099655881839126492e-02
1.581878884832810250e-01 2.760532346723991448e-02
1.608753526772554454e-01 7.141208394107003560e-03
1.632684973914065030e-01 2.661272565114848263e-02
1.562123651132456825e-01 1.037204377480486182e-02
1.407258824691174637e-01 -2.753187994390238202e-02
1.500192679727780920e-01 -4.064058608557132371e-03
1.672287600498410243e-01 -1.468430818471180540e-03
1.510267971348659144e-01 -1.970593465879220268e-02
1.202803564487107957e-01 -3.598148857405931988e-02
1.187493119240131539e-01 -4.467078064627599820e-02
1.512561599726952033e-01 1.109957054763738293e-02
1.558105154555085858e-01 2.365004719941769806e-02
1.460402729585389137e-01 8.068252703926281563e-03
7.667809920683371638e-02 -3.084744292189452522e-02
4.455899867993837887e-02 -3.447591025856017698e-03
5.218018473536319146e-03 1.782483271322499868e-02
7.140168542448624422e-02 5.660880637542710370e-02
1.311382220069782500e-01 3.704133588139957300e-02
1.377774007611946849e-01 3.855902678525547495e-02
1.192952660443782759e-01 4.956551294005930725e-02
8.668016434593024677e-02 5.425864145446659265e-02
5.297495752121447743e-02 5.117591119661038523e-02
5.193011947222394425e-02 4.282792531843533645e-02
2.265524279417696629e-02 4.337590237740265170e-02
-1.051928073142383740e-04 2.944718958645185618e-03
6.972042588259328962e-04 2.459833514714409360e-03
1.829337534540150531e-03 2.275254975830189649e-03
9.944476779659029014e-03 1.151502843265651659e-02
5.995242614836553130e-02 -2.492615972147782175e-02
9.256251363036079038e-02 -3.549889667502931223e-02
1.480403164591967691e-01 -6.829158984381944117e-03
1.074775314235806439e-01 -3.077068812354101859e-02
9.219265255882845567e-02 -1.532864752052007923e-02
9.313408978463103005e-02 6.478094963733360689e-03
8.576050362287979123e-02 -2.995782854138398163e-02
6.476306318707925058e-02 3.072571043500468922e-03
4.295124387823198719e-02 -4.489123364998666085e-03
3.475755785063330827e-02 -1.132967494411519713e-02
1.216308669204365853e-02 -1.113260900280308441e-01
5.490060585479072247e-02 -1.515815442208196806e-01
2.884881297393256105e-02 -1.364603814710590446e-01
3.573034923347791908e-02 -1.404356589530113553e-01
5.417636600936376334e-02 -1.450181853167169799e-01
3.527065800115503774e-02 -1.579129469187612600e-01
5.171224870650893701e-02 -1.288107128853287486e-01
4.573397540222483987e-02 -1.498870061878542492e-01
4.802937072138749319e-02 -1.483465676594138138e-01
4.031404149989923497e-02 -1.510936904553567273e-01
4.864764211419710452e-03 -1.310008513977440614e-01
4.513435497463652406e-03 -1.299067059594400109e-01
-6.399980177426864425e-03 -1.400471323076915020e-01
-4.276126295242044240e-02 -1.339430444657205566e-01
-2.094175953772728013e-02 -1.167916638738959734e-01
6.653451740827290295e-02 -1.038261133336950137e-01
-6.400261635803222715e-02 -1.534830842462123757e-01
-8.554548778839704548e-02 -1.530766822809743466e-01
-8.413622027193398689e-02 -1.400834839856819891e-01
-8.976656204956044716e-02 -1.316258420353812741e-01
-8.569928677384494597e-02 -1.498081032346164354e-01
-8.435799778565103435e-02 -1.446284009434078421e-01
-7.552488507437914167e-02 -1.546574014960797050e-01
-8.036283595809858016e-02 -1.576132292258866641e-01
-8.505254745929609339e-02 -1.479502943001069770e-01
-9.145114399680556727e-02 -1.249175772844449833e-01
-9.514292625087754363e-02 -1.513686097592041035e-01
-8.848742485864119489e-02 -1.619121546235181286e-01
-8.328965803179921856e-02 -1.457639846233403924e-01
-7.433984931076262348e-02 -1.370439783884124796e-01
-1.030068315475574092e-01 -1.317143393384132832e-01
-9.751782834401621913e-02 -1.530809340693982112e-01
-9.456528406338475523e-02 -1.554649630382111680e-01
-8.358674340016532256e-02 -1.463507870775160313e-01
-8.713154399970463038e-02 -1.610512787710453864e-01
-8.315862614902418126e-02 -1.537460161779851398e-01
-8.421667590707006268e-02 -1.517541200834169879e-01
-9.518404171275657299e-02 -1.529780897630196590e-01
-9.394536885904934687e-02 -1.407062040347367982e-01
-9.939509310618255267e-02 -1.413611352767201457e-01
-8.568388238856053385e-02 -1.432245872916769747e-01
-8.669325362128751933e-02 -1.374390274107386289e-01
-7.729661755397750078e-02 -1.268571607989288086e-01
-6.870266794154854251e-02 -1.162790896317591333e-01
-7.726949292468696107e-02 -1.239035813970318228e-01
-7.359256410425810135e-02 -7.317228817496151949e-02
-8.725193528108378394e-02 -1.195845768729169450e-01
-9.588859199346669304e-02 -9.810770277097978498e-02
-1.336844978864059341e-01 -1.227943543531928305e-01
-5.635530740357381357e-02 -3.752760913912381313e-02
-1.741723701943077047e-06 5.233016601549855991e-03
-6.168868068136415528e-02 -1.200891595336706918e-01
-4.404627417826299102e-02 -9.637013485831096016e-02
-1.903222375707541367e-02 -3.702031067634015127e-02
-6.223410611076033057e-03 -2.615176556050015366e-02
-8.879509517672223504e-03 -3.869475845248596113e-02
-4.875970999104556336e-02 -1.185747659919105385e-01
1.453388725629700499e-02 -1.636241784146351408e-02
1.853125984687483893e-02 2.865532877480579579e-03
-5.509303823714770815e-02 -1.488046366452372704e-01
-1.256096560234562683e-02 -1.079507933183009305e-01
-2.496384703981091233e-02 -1.122921475574816252e-01
-9.595780042388463160e-02 -7.735039377327056209e-02
1.104898038707817845e-02 -5.240319771639712770e-02
-7.170157007240367079e-03 1.311670607080417730e-02
-8.834893565062009249e-03 1.338321084049332380e-02
-6.737047800318845397e-03 7.919890887706289295e-03
-4.516310045913445037e-02 7.080897276179469978e-03
1.446485412867402898e-02 7.355382496915522338e-03
5.186903618722336039e-03 9.745007798763892504e-02
-1.470181759482779363e-02 1.999009770684385609e-02
2.462470013098978089e-02 7.926557959082994320e-03
-8.424731633130401812e-03 2.608905724641609816e-02
7.834031474350874749e-04 1.383753725077351178e-02
1.427361547487322468e-01 5.237652943089031454e-02
1.710038584354494073e-01 5.027014669829083654e-02
8.383128245138714296e-02 1.090294564589672499e-01
1.044237010836369800e-01 1.250128752228879536e-01
8.512087659315517585e-02 1.423528259704122390e-01
1.477697825078075067e-01 1.145287329628101175e-01
1.486450498849715141e-01 1.121931432170879955e-01
1.520162172399756317e-01 8.688009857487805077e-02
1.525436282202512761e-01 5.867740161666779725e-02
1.577776242913856986e-01 5.229288495443634027e-02
1.439751615125250961e-01 5.713505980073918522e-02
1.547205105022665395e-01 5.854859023596230283e-02
1.641776900332720113e-01 6.936057098329410919e-02
1.574699150171280093e-01 4.476243896478544759e-02
1.629524069739991254e-01 3.824288349875121229e-02
1.680960358456219383e-01 4.520622494669545438e-02
1.689070589223079233e-01 6.340720458881504706e-02
1.512025451432768564e-01 6.630712463994892225e-02
1.039932130708877689e-01 5.053381879742009641e-02
1.651161777199847414e-01 4.370738048459014286e-02
1.272034255577422501e-01 3.082178193181273756e-02
1.111685735102960898e-01 4.282798375270032570e-02
8.123573813882260797e-02 5.902297629463758820e-03
2.330792849083433357e-02 -1.173282685118630375e-02
3.099451640170073838e-02 -4.774344908021811718e-02
1.112618568578890021e-01 3.829103472439318936e-03
1.464274305725076497e-01 2.343412980770371093e-02
1.381359979325046117e-01 -5.161768537025438613e-03
1.013603988275971896e-01 -1.701309103420886029e-03
1.425836023609374226e-01 1.827083641462049456e-03
1.676085048599084415e-01 2.871376860496169595e-02
1.721728442542825865e-01 2.005041021606341137e-02
1.703824851570733545e-01 3.051549455800308189e-02
1.561552887492728414e-01 3.564674927836870150e-02
1.558083673006242786e-01 2.344511823210546422e-02
1.517096877813538802e-01 1.653467370689542387e-02
1.357715806160551542e-01 -1.166950567296588803e-02
1.068604433246370389e-01 -1.624494688204172060e-02
1.262189807129086294e-01 8.103101786531390072e-03
1.024092437976154568e-01 -2.312831825576610115e-02
9.370870452068064127e-02 -4.338345709309036208e-02
1.032405463468362566e-01 -5.624887912894269149e-02
1.020059026748291464e-01 -6.078188106177910555e-02
1.032041501475010059e-01 -3.971187639919989548e-02
1.179724367187524187e-01 -5.976130714567874647e-02
9.800377882199100277e-02 -8.004059602994725853e-02
1.162494384161538857e-01 -9.985567754798453655e-02
1.107628171045569598e-01 -9.147779002164001250e-02
7.146748797203061887e-02 -1.227642467938038773e-01
3.263318292958567596e-02 -1.182243607480350928e-01
6.093615308651500334e-02 -8.340057739708227336e-02
7.929746243884090717e-02 -1.429708378872594499e-01
1.404387977078164207e-02 -3.573546918812447321e-02
-2.619290884821966377e-03 -1.168749716576802586e-02
1.325297477675574029e-02 -3.486228874899573865e-02
-1.295327377938542551e-02 -2.943420187541230353e-03
-3.859783548495952094e-03 -1.429777943473770595e-02
7.298380149678322659e-02 -6.758990145080170930e-02
3.950956306089187242e-02 -3.620189149125713213e-02
-5.764696065753664375e-03 -2.046150918317285808e-02
-2.533960997210701893e-02 -3.719866874858721723e-02
6.483276135228946586e-03 -3.183170133359698034e-02
3.667064838240526731e-02 -2.583471236901250731e-02
8.264410966322251195e-02 -1.704235894886162173e-02
4.553691001742953687e-02 -1.817771167431826360e-02
1.242031098741912254e-01 -1.087743268928624031e-02
1.022626127486727238e-01 -4.340241205561878174e-02
1.209877115741403303e-01 -9.736553195395371285e-02
1.157490407618068928e-01 -9.575775489157495324e-02
4.423067880564426901e-02 -8.475903492884639956e-02
2.725243059322641354e-02 6.993605388556639602e-02
-9.936860290605474544e-02 7.912442466729177615e-02
-1.503322975477337231e-01 7.927764487525790216e-02
-1.024552454770810972e-01 8.959921744497156837e-02
-1.529375975999671677e-01 1.003736277425002626e-01
-1.378894164645922404e-01 1.023095605067143588e-01
-1.138446179793414503e-01 1.285064985366341228e-01
-1.302248666193783766e-01 1.501889610783026796e-01
-9.345073671884780719e-02 1.411583071603634276e-01
-9.577483995762375857e-02 1.337915383295274208e-01
-1.203889885299071760e-01 1.427229875610216414e-01
-8.434230957679383911e-02 1.432910131380478735e-01
-1.017905306695883749e-01 1.328652494912768989e-01
-9.423886469399476995e-02 1.322826097828356251e-01
-1.076236059557139635e-01 1.154468187432899501e-01
-1.383928193097100634e-01 7.153420320714240499e-02
-1.219169610818168770e-01 8.584371958139051795e-02
-9.920059048129457879e-02 8.131480248193515004e-02
-7.699316006814367619e-02 1.137116215922292090e-01
-1.021908220802591333e-01 1.530605989451824522e-01
-9.930438086624911176e-02 1.247443892533573184e-01
-1.078159604257176302e-01 1.127200755929075593e-01
-9.187580527856029078e-02 1.241130877151014472e-01
-9.898348214360845609e-02 1.490822049690974371e-01
-8.655754699731345314e-02 1.473354990504181505e-01
-5.105226985706428494e-02 1.415809371557637808e-01
-3.985605042642909046e-02 1.144877955863100871e-01
-5.933897210418735690e-02 1.294332214579959617e-01
-1.962510059222573669e-02 1.321345763115331917e-01
-3.075228411265390829e-03 1.320113078382494087e-01
-1.006788994731327470e-03 1.478365422642640703e-01
-5.023412336521787536e-02 1.598713073103945059e-01
-5.957952092988573478e-02 1.485074010173326464e-01
-6.305791794372650472e-02 1.566029397404241630e-01
-5.005785779617417941e-02 1.407456833371961979e-01
-6.581238397896955507e-03 1.264974728546724159e-01
-3.137375339017957343e-03 1.353142684930924988e-01
-3.839155139921637816e-02 1.756469560886909365e-01
1.750364460184345231e-02 1.056869719803200103e-01
2.997222841382740643e-02 1.222944019122933490e-01
3.839219695871529114e-02 1.518447544109971237e-01
6.958316101155288813e-02 1.151548811554108792e-01
6.903947191460206578e-02 9.016979186898488319e-02
7.067588733199295370e-02 7.384895139835220834e-02
2.614996522862171949e-02 1.678616643565079836e-02
2.676122937915487165e-02 1.248635617629238748e-02
4.373147766243749152e-02 1.282009374172607581e-02
4.056125461439025887e-02 1.686961056605338488e-02
1.564304751811887439e-02 9.554236062566180340e-03
3.091116966173979713e-02 1.371947499224172081e-03
-1.483590336359445414e-03 3.664066603929842791e-02
1.621863337600090021e-02 5.447048514313571760e-02
1.700027375644218991e-02 5.481628242782926597e-02
-1.328199712836634948e-03 3.644389839099615447e-02
-4.888737494712368237e-02 5.655730630988451552e-02
-4.746157888142122500e-02 7.302109368818163193e-02
-4.154229914151839204e-02 1.252667470610035472e-01
