2.742317027054948318e-03 -1.959135677499929951e-01
-4.024146701644434887e-02 -1.969451320134687489e-01
-1.666006962599233254e-01 -1.732778765837573731e-01
-9.615057230739605665e-02 -1.720911240669788234e-01
-9.764289622325574014e-02 -1.861812840692844973e-01
-1.452278542300828312e-01 -2.201476804785635344e-01
-9.956729453538477881e-02 -2.060695877659563247e-01
-1.372799446842915549e-01 -1.899228562820653443e-01
-1.900282778695394637e-01 -1.521699333711528934e-01
-1.769130240247397956e-01 -1.173585359049168636e-01
-6.450722366794103824e-02 -1.047038163595007121e-01
-9.282467460801728520e-02 -2.186300225237887418e-01
-4.458082804475121258e-02 -1.143325467018028591e-01
-2.089347985074674341e-02 -1.060976464752854537e-01
-1.105388089041568767e-01 -9.788367499999807431e-02
-8.748578578954857576e-02 -8.458406786197379679e-02
-4.832116808548152231e-02 -5.750970041932271931e-02
-1.548412242211001377e-01 -1.016620960630689602e-01
-1.720618427158309982e-01 -8.888059001185114050e-02
-1.718338727128529142e-01 -1.323661297801767833e-01
-1.402078035599118866e-01 -1.015158492352656178e-01
-2.033509437081200411e-01 -1.440186827244909762e-01
-2.142051945527199686e-01 -1.512418860988253289e-01
-2.184227704579435603e-01 -1.184423311783223964e-01
-2.217534296481370737e-01 -1.080281874740381121e-01
-2.084614554343196535e-01 -1.041324083839239162e-01
-2.082948686808679672e-01 -9.942942211585410750e-02
-2.102213896728716835e-01 -1.057304010486129625e-01
-2.199421294643987557e-01 -8.364244125400965846e-02
-2.193581744153162150e-01 -8.875868130809022594e-02
-2.257831629233557624e-01 -9.864500466874467910e-02
-2.202257253112157309e-01 -8.774173591183348497e-02
-2.178392806537650661e-01 -8.241095253192728953e-02
-2.235033901990587935e-01 -9.601497522622419456e-02
-2.253506596294404807e-01 -9.262789782196456656e-02
-2.233689925774051399e-01 -7.619457547718688772e-02
-1.970313331708448412e-01 -9.741641645786090764e-02
-1.838016000018456164e-01 -7.442496559852122828e-02
-2.012994899204791910e-01 -4.547623547927993892e-02
-2.146598405962867606e-01 -5.414821148478512342e-02
-1.953942235869585708e-01 -6.559106255805632890e-02
-2.078871542169958841e-01 -4.459881266807288330e-02
-2.079043537395419972e-01 -3.766609658069657030e-02
-2.381576451086059587e-01 -4.028695560999139696e-02
-2.403623970921269781e-01 -1.761634018078361841e-02
-2.102805920869103840e-01 -5.878473679136810015e-02
-1.999528094679379198e-01 -7.092917354520111850e-02
-2.265780483808060297e-01 -5.846913718376952479e-02
-2.248753974210635775e-01 -1.196371273433246771e-02
-1.412539067266388171e-01 -4.209885915821465208e-02
-1.652023590841307232e-01 2.138098381566113943e-03
-1.749386264243300293e-01 -2.293452014893397617e-02
-1.831285505536399960e-01 6.498119191392861746e-03
-1.876945221974709588e-01 9.275722136638357013e-03
-1.638077874842801818e-01 -3.150728631337910979e-02
-1.709732132570944418e-01 1.144557711763080111e-02
-1.771125704718618521e-01 1.639616817751936295e-02
-2.015077887873584495e-01 5.860029262999816996e-02
-1.545016390578629883e-01 3.484892237552725258e-02
-1.410046663082042961e-01 2.225690911983332562e-02
-1.743487685805275300e-01 5.792034447219989585e-02
-1.978580879042216301e-01 8.050695230105960054e-02
-1.655912165904860622e-01 3.744964502381922800e-02
-1.806089295424087859e-01 6.259932701100205665e-02
-1.868539264281990631e-01 7.923193410264328662e-02
-1.522341807846197270e-01 8.179003959078032238e-02
-1.455273847148630673e-01 8.428512620277522904e-02
-1.541649616752760465e-01 1.086515792981894019e-01
-1.478163751038212848e-01 1.003410695053143786e-01
-1.662260287231411282e-01 9.263835856285376757e-02
-1.842587758145781129e-01 1.252826452660860124e-01
-1.847840373112357437e-01 1.284245313364665853e-01
-1.520891552246894929e-01 1.383233290761105017e-01
-1.337850976596827446e-01 1.668052150119573029e-01
-1.260551117347230021e-01 1.719003445785171891e-01
-1.491668938268208289e-01 1.278366507835062282e-01
-1.036001536748024782e-01 1.391907781996872817e-01
-1.137066033001309928e-01 1.335079861637157861e-01
-1.057677151438070479e-01 1.687520759296093631e-01
-1.297346028306214094e-01 1.358903890060626507e-01
-7.601565246432658018e-02 9.724567884753099190e-02
-1.125611121907791889e-01 8.667186890774254693e-02
-1.336962504219149639e-01 9.999333528680492966e-02
-1.256150336722138550e-01 1.185378299643276012e-01
-1.190383535171034013e-01 1.300957928040898104e-01
-1.344497000050994540e-01 1.644324078457561900e-01
-1.358789323503007407e-01 1.678301349966472844e-01
-1.514408655287206029e-01 1.623147584316128322e-01
-1.542551174143364234e-01 1.660549639874880634e-01
-1.650716107271931188e-01 1.829693059463301241e-01
-1.588922424506785114e-01 1.520649334118730767e-01
-1.519232954164003446e-01 1.707716459024204714e-01
-1.466594127998043229e-01 1.743212464366730996e-01
-1.529243425219519448e-01 1.648866904167416991e-01
-1.670235166442733399e-01 1.533060905046174649e-01
-1.484136041715721221e-01 1.629709136742406028e-01
-7.196123213138742869e-02 9.503365741238439801e-02
-5.564932416766012191e-02 8.962832580605790966e-02
-3.808716502720482788e-02 9.800263957585063357e-02
-5.645203155505949810e-02 1.254747041780337469e-01
-6.799047591720704109e-02 1.752309310741944626e-01
-9.407347916387177877e-02 1.475002266526249661e-01
-9.134186640433550330e-02 1.687526865635459172e-01
-9.124644758229819019e-02 1.644383833349924162e-01
-8.177608224365920386e-02 1.390280006388873724e-01
-7.654800167631914398e-02 1.316466430749869965e-01
-8.344295296250059391e-02 1.612020961658021390e-01
-8.518920609309327263e-02 1.492831468972170561e-01
-9.193977153108752465e-02 1.318880324856658848e-01
-9.954835034444853292e-02 1.395533929856742628e-01
-1.138611518416907387e-01 1.321018415968773230e-01
-1.367074608298741722e-01 1.242399878194296037e-01
-1.224747323422876732e-01 1.625156133800275127e-01
-9.865598881015091859e-02 1.708994428619980965e-01
-1.193605719604070581e-01 1.490461918520297746e-01
-1.208498863232937426e-01 1.456190815776680914e-01
-1.035971441218294792e-01 1.680533653171654707e-01
-9.546815253604509777e-02 1.860940070330678320e-01
-3.374014926633623485e-02 1.785998566577449986e-01
-5.184471853983389777e-02 1.796621416237904612e-01
3.066585455717028494e-03 1.808729124087399553e-01
-9.887378339821608839e-03 1.947321219329010700e-01
1.629347990385647191e-02 1.790007523759922781e-01
-4.719145532088302869e-02 2.148559122455317993e-01
-4.012718760216447966e-02 1.768977727152293289e-01
-3.031041290257482576e-02 2.051464255651211377e-01
-2.026140466662870038e-02 1.914901500525395817e-01
-2.419833612239528572e-02 2.082771457578048158e-01
9.846806621617815170e-02 1.359585328456008047e-01
7.627136269470784213e-02 1.247136507484489093e-01
3.187705060503985555e-02 1.322752034792440690e-01
-1.140891363835720707e-02 1.459634500400749102e-01
1.464829032448836978e-02 9.286047665727324707e-02
1.897951320170039591e-02 1.053730129983447561e-01
2.515036895036144166e-02 1.153163652070018502e-01
2.454403125972375033e-02 1.364752745449532567e-01
6.727496560205643850e-02 1.795683947756270271e-01
1.123490041312481258e-01 1.980731619000159205e-01
9.463516061317356343e-02 1.968753162000567158e-01
8.701303154198247736e-02 1.756549872653208333e-01
8.862703153915103826e-02 1.940166770428151111e-01
1.099979544337623821e-01 1.902628339956903003e-01
1.333037581897468515e-01 1.725338627487829068e-01
1.429947513852220520e-01 1.616693619773909296e-01
1.291995566520757477e-01 1.544095932613799294e-01
1.522235383074398984e-01 1.748776793419012099e-01
1.459745141454490136e-01 1.806446080109871122e-01
1.452563068637453270e-01 1.777935727001458410e-01
1.534404445095613467e-01 1.526346694135759796e-01
1.846071424753789603e-01 1.487861054117698978e-01
1.148338190080960969e-01 1.621888951461676054e-01
9.407855324110643569e-02 1.500083619302877980e-01
1.544351526532954655e-01 1.260123964369710969e-01
1.445729347942314169e-01 9.571726210435034521e-02
1.281783731655213032e-01 5.119232523842236898e-02
1.330448203228438153e-01 5.743456700204657706e-02
1.642597729085520097e-01 -7.974712013934787125e-02
2.082795882935510046e-01 -4.216663589044571114e-02
1.791784323126246192e-01 3.209847810155491005e-02
1.665714003698722523e-01 1.058686005934667967e-01
1.692222495218483891e-01 1.160680846606994415e-01
1.922598977462686154e-01 9.769660293186549493e-02
1.984687509185765475e-01 1.066598804029107728e-01
1.373994399301127767e-01 1.203688012841647309e-01
1.492302979838991128e-01 1.109914122318168828e-01
2.041370476680066104e-01 1.021050092117120750e-01
1.939331655825405065e-01 8.564498617111365730e-02
1.828248037869169285e-01 1.099679388680003811e-01
2.153262021489968370e-01 9.499651051457770612e-02
2.127540084636094508e-01 6.396072083363346650e-02
1.931847028431711577e-01 5.711978157303005538e-02
2.125640431537298702e-01 5.389849855199495277e-02
2.136253830910640195e-01 4.206816753345146709e-02
2.124785398637098477e-01 1.825043082036485048e-02
2.515113660445310040e-01 2.363572781801124775e-02
2.274343170877826670e-01 2.276921281896837276e-02
2.259910983176537658e-01 2.758769249973952453e-02
2.222044264269878444e-01 7.046234026598405080e-04
2.207858801756761302e-01 6.930017303460316892e-03
2.147414619991387386e-01 9.277401379963865283e-03
2.093688283862240873e-01 4.957471141511443809e-03
1.961462628965276733e-01 1.029244217989470390e-02
2.033408827870702429e-01 4.689755866111261148e-03
1.953268648481959746e-01 -6.715955578804879908e-04
1.985049673265751602e-01 -3.853280058548171679e-03
1.685497380130630829e-01 -1.020245363822169446e-02
1.833771657992347148e-01 -5.831966181076297245e-03
1.596870552136125387e-01 -3.863118897850807698e-02
1.918512673314917150e-01 -3.203986814782370379e-02
1.822020589439602989e-01 -5.046733919307783839e-02
2.074270415458066563e-01 -4.007555268726801373e-02
1.813525362880922254e-01 -3.704015681375051605e-02
1.667720081569316615e-01 -4.401323653127783841e-02
1.700307288538384920e-01 -1.604018858350361385e-02
1.953952413101861518e-01 -1.826267984635394828e-03
2.075116725016316332e-01 -2.016407761353967293e-03
1.997388549676939740e-01 -4.405065603352049247e-02
1.767005088759177056e-01 -6.897593004902177749e-02
1.940474413620945637e-01 -5.148301970475172712e-02
1.895484213677351704e-01 -4.646972235514094246e-02
2.017338978107203751e-01 -3.627229554271833856e-02
2.032155865188518262e-01 -3.073689163845541583e-02
2.058584974296528147e-01 -7.198058341161470836e-03
1.964522050376416862e-01 -1.352752171143369736e-02
1.561060215705309118e-01 4.104150651509714219e-03
1.344804352465723829e-01 2.567479446008213984e-03
1.685331927411632680e-01 1.193669400000310632e-02
1.669360506023144231e-01 -4.039149395909299306e-02
1.676543596563408456e-01 -5.583718133656825899e-02
1.435593842318838298e-01 -4.304522181391285535e-02
1.373370098795523297e-01 -1.285043499153154002e-02
1.561877738235121493e-01 -1.734729595875813407e-02
1.768414635429376158e-01 -5.965253848334870629e-02
1.715068927787344877e-01 -4.800459437136511687e-02
1.740111025525195032e-01 -3.194539798922352292e-02
1.985620615996424310e-01 -2.492597188285734094e-02
2.012276677384184920e-01 -6.761954396987892787e-03
1.788789890612638989e-01 -8.084644296142563802e-03
1.927229908926243185e-01 -4.265594267936324846e-02
1.287277983193823583e-01 -3.435071777782001262e-02
1.291434655633328099e-01 -3.073454724030616481e-02
1.629899450985963505e-01 -4.441347072942719576e-02
1.544625875637303802e-01 -2.856971545038699406e-02
1.772832571960303860e-01 2.666727269953009238e-02
1.827863920045273705e-01 1.973583421827697706e-02
1.924967074024233893e-01 1.774322664154514423e-02
2.042374533338590648e-01 1.653256853309586355e-02
1.937819755276317668e-01 3.528106946631288238e-02
1.846766965885324741e-01 -8.151308802274910906e-03
1.864740539640529493e-01 1.075028314745093494e-03
1.698900213481738253e-01 -2.106734332527565243e-03
1.836565017473991146e-01 -2.174613200553964648e-02
1.807741932556646280e-01 -5.808426333690501660e-03
1.925055034388903352e-01 -5.543249096457242980e-02
9.909416954578577352e-02 -1.300731702706310090e-02
9.864246036067572665e-02 7.114503264177098052e-03
1.894486699525290141e-01 -2.032979203279631011e-02
1.750596482549926225e-01 -9.365423534972154573e-03
1.504043144214296801e-01 -4.215851954770575422e-02
1.493800341484827210e-01 -5.499649833387686843e-02
1.582375410983758723e-01 -1.196242567792215883e-01
1.729803379287225551e-01 -4.084118223665113984e-02
1.792887244326878682e-01 3.838418391644843330e-02
1.594913470369487551e-01 2.404864766358795914e-03
1.893576418792735361e-01 -1.584877301802475186e-02
1.569825575086396530e-01 -7.053849140648776883e-02
1.813611142410103960e-01 -7.053447139973882674e-02
1.759122240805434667e-01 -7.242120668299575903e-02
1.749371579951016775e-01 -5.572005956670279120e-02
1.647212522366468535e-01 -2.172148129507731756e-02
1.767345444484286487e-01 -1.825432361171034842e-02
1.281671782100179124e-01 -5.214775290029766835e-02
1.244186273236765200e-01 -6.073736601888507503e-02
1.152799016376479663e-01 -4.690578768035276458e-02
1.194352074202468528e-01 -7.325344985234986950e-02
1.083419515451012338e-01 -9.496153718280705980e-02
1.139573048783422415e-01 -1.445186610683948658e-01
1.074514364515165160e-01 -1.545959965399629488e-01
1.043678949998828320e-01 -1.679008812998673827e-01
1.500481258306796961e-01 -1.270849894854216289e-01
1.274326146621566902e-01 -1.212554417600330281e-01
1.091858912621208877e-01 -1.320529618041469400e-01
1.014914674945134460e-01 -1.405280810596315211e-01
1.585944275564819261e-01 -9.034880115666878153e-02
1.594092458502895104e-01 -1.002061339442404247e-01
1.933246979425765066e-01 -1.080162583039205454e-01
1.093414357185533425e-01 -1.512368120215906719e-01
1.024645926363711990e-01 -1.333324143680548746e-01
2.544961410916538047e-02 -1.625340777871564779e-01
3.178277672163357104e-02 -1.441575147116362365e-01
1.218887854634597284e-01 -1.402702336104723335e-01
3.119618649633676064e-02 -1.723477793260713986e-01
4.031394344915134598e-02 -1.824589322866016772e-01
3.228332208276425003e-02 -1.874336651953387722e-01
-3.073307881107779915e-02 -1.809731436077534061e-01
2.366775156978481731e-02 -1.531174191571272603e-01
1.379469168709381577e-01 -1.333202743838401705e-01
8.296297288001866499e-02 -1.425276600404722926e-01
7.793865504174350700e-02 -1.551334416375450553e-01
7.688557320145603113e-02 -1.475526830155551306e-01
6.042113760372088554e-02 -1.702446542762759418e-01
3.398812480018788967e-02 -1.393005759970399882e-01
1.139189040001301403e-02 -1.972942546972386857e-01
-1.329194513601091379e-02 -1.948976909631252030e-01
-5.429893266006400807e-03 -1.208799963919268833e-01
-5.416545098931518226e-02 -1.413133999187425327e-01
-5.561472521264818752e-02 -1.052340937777799940e-01
-5.017611042205400579e-02 -1.251863977265633698e-01
1.544599451180644900e-02 -1.729114962218283313e-01
-6.149313455713811133e-02 -2.972926204445685075e-02
-7.746462137069130838e-02 2.255920781179258650e-01
-5.450827105852572990e-02 3.757039425004585903e-02
5.732520537179140729e-02 6.375771412753762635e-02
-4.195216525913633698e-02 6.112783007404965635e-02
-3.014418962170439809e-02 5.744586736459852960e-02
-5.812302405297258695e-02 2.058323855594137719e-01
2.970683215146613636e-03 2.274839529034820840e-01
-1.186182010214999610e-01 1.719673980003114944e-01
-1.982848774091592048e-01 1.030470138311607442e-01
-1.645956651903633938e-01 -2.649962642350395942e-02
-1.608973607536579586e-01 -4.271844905916576812e-02
-1.435283727512491059e-01 -2.569632112370837454e-02
-1.885829364195358848e-01 -5.164726569477999518e-02
-1.352260192830979924e-01 -1.508274819220948096e-02
-1.335358572412482514e-01 6.131082761454610024e-04
1.608221946238495015e-01 5.016655836261799811e-02
1.937610540458533596e-03 2.714464123151552957e-02
1.033267768596081437e-02 1.206622654115634304e-02
2.062122725624631336e-01 4.063092425255878520e-02
2.090152422591560755e-01 1.630186703366948153e-02
2.297139880397568723e-01 1.559818956840241903e-02
2.248140432493437035e-01 3.529352930639912539e-02
2.414968822517176705e-01 1.324410124013718389e-02
2.364406006346448375e-01 4.522911410599429055e-02
2.436805237477180086e-01 3.550133021584203630e-02
1.621975894103117877e-01 8.180883112323243667e-02
1.857672742603046767e-01 1.086142579335436925e-01
1.216250352195805684e-01 -1.559145623883422850e-02
8.117383725428671537e-02 7.885409708495233483e-02
8.009955769305905637e-02 9.321799555767071310e-02
3.986177992331468856e-02 6.135116943634223718e-02
7.492704663130781394e-03 -5.847449476961757292e-02
1.150310537696012381e-01 -5.357335778913780572e-02
1.885096167304403103e-01 1.855837387803879399e-02
1.757662680308051395e-01 2.055026723114841344e-02
1.587833169875208783e-01 4.309763819485907393e-02
1.828127219583152163e-01 6.326225738254485920e-02
1.859150767507558866e-01 5.466993275850110662e-02
1.949324244029922160e-01 6.444681452493250529e-02
1.701210299819313765e-01 1.299048097709826766e-01
6.107344730643871761e-02 7.887911853744757062e-02
1.853808447507923063e-01 1.426260048167888976e-02
1.932822007283734045e-01 -2.214690414310929029e-02
1.708844241749396531e-01 7.742056849384032491e-02
1.780920273060855041e-01 9.275848625096641542e-02
1.936378223018965783e-01 7.032512573182547744e-02
1.821308183180296580e-01 7.615254350788780435e-02
1.997440889728643865e-01 1.422055306479510367e-02
1.153285415384746881e-01 1.086447023969516062e-01
6.787193296954877053e-02 1.175886649350277313e-01
7.944889088640860741e-02 8.780644857020436511e-02
1.436859017679753547e-01 1.026798556379077687e-01
4.216759545806028631e-02 7.179743684735993836e-02
1.393589060768835874e-01 -1.611293035119494219e-02
1.455054745876635802e-01 -9.333520637831859909e-03
3.644256063869258377e-02 4.202926506307719245e-02
1.847912231641676145e-02 3.461858980077087145e-02
2.743125753548293633e-02 4.332974088108628580e-02
6.416472345460201565e-02 1.234975296471030048e-01
7.881431864565717482e-02 1.404365877414720243e-01
4.255827032732200504e-02 1.646058133448326799e-01
9.773944907974663893e-03 1.701455571117160837e-01
7.026862755379150761e-03 1.680547028962645906e-01
7.972011412655886226e-03 2.105873193287999268e-01
-8.312308982152361025e-02 1.096890100091270220e-01
-4.308158724566980152e-02 9.537748793537090264e-02
-1.357326564446908850e-02 -3.253386736776554822e-02
-5.142623801810435047e-02 -5.446329859604410323e-02
-5.065579245701927469e-02 -2.062159945216954227e-01
-5.364483103752046983e-02 -2.151595281621256350e-01
-3.497884928443117936e-02 -1.983917092702486840e-01
-3.508395828548538375e-02 -2.198535730046959902e-01
-6.066397000054744859e-02 -2.012914353680780311e-01
-5.774551779533059620e-02 -2.228679092768541814e-01
-3.572124566641896731e-02 -1.566105360522491441e-01
9.314782717585484706e-03 -1.197276211118856598e-01
-7.895748504333418086e-03 -1.316703996428993662e-01
-2.189278228790821068e-02 -1.509849836783774546e-01
-2.875795063077966895e-03 -1.323191982004820466e-01
3.817802590307290550e-02 -1.413183286069446820e-01
2.914476178650239266e-02 -1.538296800274012166e-01
1.016649983916304706e-02 -2.210141991123322214e-01
-4.370600769722611523e-02 -2.066065821575376327e-01
-6.191386860887158894e-02 -2.915928251612447952e-01
-4.195151100849003195e-02 -2.280475825658195288e-01
-3.803660235642312981e-02 -2.172665932547021561e-01
-3.422008936683421793e-02 -2.108277346329610058e-01
-3.670413731653569128e-02 -1.996081356885628655e-01
-3.532420275753324346e-02 -2.316898686082982661e-01
-1.905563162967180771e-02 -2.149127884350503226e-01
-4.502932049751694893e-02 -2.132922822786768591e-01
-5.677080427829264697e-02 -2.499739351813346500e-01
-4.104486500174816394e-02 -2.053935287647777330e-01
-4.631299661281933211e-02 -2.333164374873274438e-01
-4.256130532337568106e-02 -2.387442026213704438e-01
-3.673681713631846840e-02 -2.431844854465951833e-01
-5.495134776983041230e-02 -2.269519598946191652e-01
-3.608956697193203833e-02 -2.346305071798763520e-01
-4.498829534726801055e-02 -1.962855892063834762e-01
-4.857507185713384051e-02 -1.963767772075747098e-01
-3.832450898805407624e-02 -1.981211257418414862e-01
-3.720407204372982307e-02 -2.322097070940432051e-01
-3.560493080568393615e-02 -2.191580318731608523e-01
-2.888684527755275983e-02 -2.220899761805947559e-01
-3.317516021654482415e-03 -1.751192577583223497e-01
2.221008294718717496e-02 -2.259416660465998483e-01
-9.270519026637349946e-03 -2.166678812188196912e-01
-5.721139301977847327e-03 -2.169620759261067788e-01
-1.240032690314201574e-02 -2.030632915072959899e-01
-6.119987033965911677e-02 -2.384230091707459920e-01
-6.810868447009053861e-02 -2.500983881931644892e-01
-6.228474876135686733e-02 -2.258835249724984728e-01
-3.436315580955136978e-02 -2.143406098976012031e-01
-4.300017302218916287e-02 -2.293413704883330850e-01
-2.418142737791419486e-02 -1.969745587536490816e-01
4.933582360447620260e-03 -2.122454376278841148e-01
-2.464790081927579687e-02 -2.000963229819300582e-01
-2.796170215114961166e-02 -2.041838338586688395e-01
-3.775986887194069525e-02 -2.114548120690864508e-01
-2.725577297324152659e-02 -2.058252469579174293e-01
-2.266598660588518832e-02 -2.027870668844273527e-01
-1.849559671116322510e-02 -2.005205391009921845e-01
-5.182594518101085040e-02 -2.213378205597996418e-01
-3.221350626935221700e-02 -2.036499362534799906e-01
-3.264165152701797162e-02 -2.251187205058748642e-01
-5.821652737450656173e-02 -2.462341803314601896e-01
-1.958708851647734256e-02 -2.374568263551906644e-01
-1.874301249723971108e-02 -2.097534550717333468e-01
-6.824079948393375894e-02 -2.044641148355445526e-01
-5.505401423513842790e-02 -1.913448191756410566e-01
-5.080395115060015038e-02 -1.917728154095484916e-01
-6.935144811164417611e-02 -1.894259892634572173e-01
-7.197260882318146091e-02 -1.775137860459806705e-01
-6.902212014465068657e-02 -1.810686351243069592e-01
-5.279660961349335463e-02 -1.780324759583687966e-01
-7.152407638843177873e-02 -1.757178970996885470e-01
-8.258357293022822176e-02 -2.005558104802794839e-01
-4.687635730544661289e-02 -1.850497066903440402e-01
-7.785706271669804585e-03 -2.053048850716554519e-01
-7.922491181237296953e-02 -1.060995946883211000e-01
-1.035030410705364001e-01 -1.558566939186769029e-01
-5.427516518797418504e-02 -1.265152680226219739e-01
-9.506461073740610224e-02 -1.452476562163109164e-01
-8.888683447079750999e-02 -1.310740865260533461e-01
-1.116955749329799491e-01 -1.329014812756907082e-01
-1.259120053100218906e-01 -1.161837343666107386e-01
1.801390467282347821e-02 1.715653246309008784e-01
-5.842574582701646167e-03 1.846172906298482741e-01
4.699113104243702460e-02 1.830968848223590018e-01
4.574810570062486786e-02 1.586641270586679475e-01
-3.124232207107848023e-03 1.080419630848685753e-01
1.645293169053767442e-03 1.203037178837609578e-01
-1.558944805282266475e-03 1.579818308679946104e-01
-1.855334341751389490e-02 1.972516266329062962e-01
-1.552587306363118619e-02 1.472235949404653021e-01
1.667645642384670696e-02 1.892611471783956500e-01
3.497726817870261407e-02 2.228391367873201467e-01
6.352806488123405315e-02 2.333318778025801621e-01
1.000167574599425402e-01 2.351111051657464590e-01
8.125672354172154555e-02 2.173486072079419129e-01
7.712038375841377691e-02 2.103759527533346774e-01
9.049648733589397975e-02 1.957861924186096447e-01
4.390413660128119483e-02 2.260343806326324256e-01
8.900203165334510599e-03 2.209872149078981052e-01
5.695822891482906630e-02 2.225255035663862846e-01
6.502217708219361347e-02 2.003474825355937017e-01
5.894775060934583782e-02 2.137452854261762680e-01
7.050768347049857221e-02 2.123359713784290503e-01
7.252531249972564431e-02 2.090096883981141240e-01
7.460194766779751352e-02 2.063380922311985888e-01
6.670061349857128730e-02 1.975025971808276881e-01
6.433189903363539797e-02 2.079002973855349212e-01
7.148398536271671766e-02 2.131393766331844963e-01
3.805459788392224346e-02 2.162012841967804466e-01
4.841344286969077176e-02 2.161008203753150003e-01
2.973680410051838738e-02 2.331562914680160026e-01
5.191879425189852015e-02 2.292470420840396206e-01
4.598508255416702828e-02 1.959171443201927765e-01
3.476293566697412352e-02 2.262352937366601258e-01
2.698725578645889620e-02 2.300545909262216304e-01
2.322413691905984151e-02 2.290578909527421214e-01
2.265976395529369775e-02 2.297304460782371716e-01
2.103630458419734547e-02 2.216209366228093225e-01
9.541695924033487958e-03 2.208735933789903461e-01
5.347088305561641802e-03 2.132534052513832823e-01
-2.721899863483064064e-02 1.943302811859424772e-01
5.498238105882000126e-02 2.312817034384253845e-01
6.730402886965550224e-02 2.272362390698889623e-01
7.599449109064451702e-02 1.914458645532365888e-01
4.222759751177779242e-02 1.343207544721649604e-01
1.313712762474101570e-01 1.571612697074027953e-01
1.463924785361131464e-01 1.320425519494191346e-01
4.687161035353511196e-02 2.094729269335023347e-01
3.016182349398514179e-02 2.066785933453405832e-01
1.779816188747962435e-02 2.150205217081413711e-01
-4.508292179907813502e-02 2.004621654044388135e-01
-8.448144501337553902e-02 1.393407033700131692e-01
-5.332862443071115233e-03 1.087154923168814763e-01
1.660248611883065675e-02 2.426205650061927233e-02
5.904037796195893417e-02 3.661944457037191736e-02
4.266696316802762179e-02 7.366649282426347700e-02
3.068429715594437127e-02 7.528758053676698481e-02
4.764434942660805694e-02 1.213577956389211288e-01
-1.028340116290797357e-01 -1.029690053457666954e-01
-7.357441068052231192e-02 -1.067413346083753573e-01
-6.802448968136311225e-02 -1.138744258603590492e-01
-8.085017945956118890e-02 -1.087338549516876779e-01
-7.476099599991349598e-02 -1.328134772943114772e-01
-5.839141220698886026e-02 -1.621718846293637439e-01
-1.325713754773732989e-01 -1.461446920080037570e-01
-1.231558944985074178e-01 -1.745676953856833691e-01
-1.328321888627957137e-01 -1.678767321815672342e-01
-1.272340423215524430e-01 -1.589185433266598613e-01
-1.357738451576014083e-01 -1.723835014113594966e-01
-1.280675576449410158e-01 -1.773616509623606174e-01
-1.501000587930928221e-01 -1.535960398521551973e-01
-1.687387728331345704e-01 -1.286280759819826980e-01
-1.703624920871265325e-01 -1.192273592593683790e-01
-1.379245414988346519e-01 -1.589146614394917889e-01
-1.343175559134497099e-01 -1.034431480585932817e-01
-1.344833866439323622e-01 -1.719429871817528266e-01
-1.662420360556206567e-01 -8.763193084502915453e-02
-1.700739384743009119e-01 -8.827815601673638657e-02
-1.452083430219197890e-01 -9.607057199225658983e-02
-1.877263914733974803e-01 -9.367971477766919020e-02
-1.703012251488261741e-01 -8.143803093471503607e-02
-8.525372974572188733e-02 -8.262705152040078493e-02
-3.765058720565340328e-02 -9.243067759936268724e-02
-2.789637158939055686e-02 -4.788478653912399408e-02
-5.816220639723444080e-02 -2.698036798104366460e-02
-9.662669231106479906e-02 -7.621360690154264927e-02
-8.469145220138681041e-02 -1.126695578701295414e-01
1.257098273214113729e-02 -1.318321740193749425e-01
-3.269295568186547651e-02 -1.310893814522735568e-01
-3.412343837274636749e-02 -1.012023468644610152e-01
-7.757191120723319622e-02 -8.726653185906957377e-02
-4.092559147420151561e-02 -7.859073212200932967e-02
2.343660299908346435e-03 -5.685093544356137341e-02
-8.607849991880489604e-02 -8.446577207567079748e-02
-1.751289043206294763e-02 -9.565260760159245701e-02
6.167458006971249934e-02 -1.283269462178448228e-01
6.163030183986110966e-02 -1.195552478749399988e-01
1.987933319336585274e-03 -9.936905658955531850e-02
4.893115140610943686e-02 -1.137598011471269571e-01
-3.379110812223152377e-02 -1.233002076521783619e-01
-1.310536448280822386e-01 -1.268108875424276694e-01
-1.453872296875219627e-01 -1.283308571828193911e-01
-1.241221063918692691e-01 -1.787931077597593177e-01
-1.146868670434850745e-01 -1.571507144636424824e-01
-2.089955892966863238e-02 -1.776787153644617534e-01
-3.197210231977008158e-03 -1.277861280947084621e-01
-1.625953883421665802e-02 -1.213817484820274156e-01
7.320763958556839035e-03 -1.305615029530307336e-01
5.479772244862711472e-02 -1.631226852852793729e-01
5.981353139377452999e-02 -1.636108871175498136e-01
6.782007270165189838e-02 -1.758109460804959390e-01
5.809002437731828478e-02 -1.576907765638097814e-01
3.049028276150936648e-02 -1.615864466121496035e-01
-1.066738450194835014e-01 -2.230452112020019917e-01
3.054987045648421460e-04 -1.447542639955798002e-02
4.488031491282169771e-02 -2.595060472420812614e-02
7.931361366110825650e-02 -9.883304357394345763e-02
5.111240125252497490e-02 -2.431271730899791511e-02
6.978076011629583131e-02 7.345635478612295077e-04
7.643038921846895262e-02 1.154937034794077839e-02
6.151564804882252158e-02 1.834872107579426856e-02
1.297646547436415512e-02 -2.386707084654358935e-02
-8.097841985568797300e-04 -1.826089883070568243e-02
2.463020879138205083e-02 -5.654855533374390092e-02
2.838398459607933619e-02 -5.397683416271216450e-02
8.356167401172369044e-03 -7.815115565166236289e-02
-2.280308846354355944e-03 -2.187794097546943428e-01
-1.577437835877005742e-03 -1.681243587817408680e-01
-3.659196967795304983e-02 -1.177861759356946397e-01
-1.023182440362451068e-01 -1.116224733274331637e-01
-3.769243380393603321e-02 -8.468558575392497179e-02
-2.795103423088907829e-02 -1.000781770567270301e-01
1.756241357126218754e-03 -1.001218809998999926e-01
9.546531926727401876e-03 -1.318742205275772739e-01
3.481999722750908632e-02 -1.303462399514941639e-01
4.497875782673525780e-02 -1.421707154267532469e-01
8.693324204094014795e-02 -1.953965352725755000e-01
1.902105666385024152e-01 -1.902454309284986600e-01
1.130538138136058662e-01 -1.914153764731189034e-01
8.598611972754706401e-02 -1.597634862280038481e-01
1.178999792008930264e-01 -1.873458356807985725e-01
3.173909822154129950e-02 -1.681847533858461530e-01
2.056704694286314722e-02 -1.715231327336660394e-01
7.742346900503892237e-02 -1.782969095307007368e-01
1.489448702352724752e-01 -1.652182355664809921e-01
1.751499493830855347e-01 -1.410475706116984529e-01
1.928227713856369707e-01 -1.375691816255699695e-01
1.979427043211433312e-01 -1.313229198551968402e-01
2.102680159355981293e-01 -1.238497491172654286e-01
2.030498720995951856e-01 -1.272179186778469306e-01
2.401660492037201722e-01 -1.437076665061423342e-01
2.308900980793555935e-01 -1.096648390824719738e-01
1.861494293322612237e-01 -1.275560499507589762e-01
1.882170067636076138e-01 -1.637221824219373956e-01
1.781712061731912933e-01 -1.625550865023543679e-01
1.939631302621411257e-01 -1.551643077291472439e-01
1.605574266567427744e-01 -1.561134218722857459e-01
1.202197048313241728e-01 -1.210494255009641890e-01
1.243390413672797179e-01 -1.615612216150088543e-01
8.260157209245314047e-02 -1.721659994187222376e-01
8.373317854920009351e-02 -1.542159641478810794e-01
9.523503576131611692e-02 -1.673849537790969844e-01
8.874579257035808411e-02 -1.632292554461103329e-01
1.025682913638100574e-01 -1.993932506985108266e-01
1.105789508160333057e-01 -1.786312316109610054e-01
1.129913474157872993e-01 -1.590037558386148686e-01
7.994248665178523006e-02 -1.309162231145523381e-01
6.880706795721126812e-02 -1.095903417422130627e-01
7.110307336698815095e-02 -1.082097129505803779e-01
7.729368748516751708e-02 -1.106919617110045245e-01
7.442026226331947825e-02 -1.124253987983813013e-01
6.545256496568585547e-02 -1.112482564966517373e-01
3.807378560148795554e-02 -1.619245197294486571e-01
3.596549197158670219e-02 -1.266811132920078742e-01
4.448388263787252800e-02 -1.386850715279024371e-01
8.835102499983116253e-02 -1.437751415561309143e-01
6.107278578634078858e-02 -1.114014238424026332e-01
5.137068123405588715e-02 -1.797418293525100408e-01
4.878404678301427599e-02 -1.813169886696431587e-01
4.036088956774931680e-02 -1.985448184603865740e-01
5.849096371227531510e-02 -2.429720284533860852e-01
-6.910493373756926294e-02 -1.874336651953387722e-01
-5.891339518096336270e-02 -1.326761864309108641e-01
-1.408694108912588450e-01 2.449112419079280817e-02
-1.406282250252254562e-01 -3.917790262691279307e-02
-1.336730899490358726e-01 -7.192412158083885676e-02
-9.079931088226061986e-02 -1.698075857667397937e-01
-1.109226941056003085e-01 -1.201712030500783207e-01
-1.073708255024404951e-01 -1.183893804926817034e-01
-2.663701178977572609e-02 -6.315458226506681649e-02
-8.378610015703429753e-03 -1.053270846029743689e-04
-4.354554182204314200e-03 -8.318266297759520367e-02
3.659825048415754623e-02 -1.346920344444896556e-01
-4.767167892999440992e-02 -6.016753551431103242e-02
-6.165916883226627704e-02 -5.343397332366900399e-02
-6.039618157629027956e-02 -6.823172720830503191e-02
-7.794097399681207405e-02 -4.372820133303899348e-02
-8.501062474445936212e-02 -2.197816926670222853e-02
-1.465974479941478947e-01 -4.589490137202593967e-02
-1.549703732986801308e-01 -8.681698170109231061e-02
-8.805432960118489416e-02 -6.555232365034363573e-02
-7.106523587127702712e-02 7.938408372516659109e-03
-8.867053920713011128e-02 4.641704063921039264e-02
-7.013025354209866113e-02 4.552869911166172040e-02
-1.000129264589358635e-01 2.869522980215419641e-02
-3.598107040642031101e-02 -5.750280897918166878e-02
-4.640046628950408175e-02 -2.257306847520707330e-02
-4.633510301521270858e-02 -5.197746599596855116e-02
-3.081127630221412381e-02 -4.213138631951329066e-02
-6.743301438457391210e-03 -3.007680725722402734e-02
-8.077039722797048349e-02 2.767087683469099391e-02
-5.797903438989898683e-02 2.372340467406732281e-02
-1.383379261349746703e-01 5.401619824326465980e-02
-1.327858243003277872e-01 -2.200165323017865340e-02
-8.313815939474343553e-02 2.787228426142920878e-02
-7.219499588731108364e-02 3.129735908933571620e-02
3.335502825811645367e-02 7.750711131544280041e-02
5.667854403298664551e-02 1.082968809450226555e-01
1.024421881864611833e-01 1.317906218338831537e-01
1.653928768723338383e-01 8.803870028018989657e-02
1.921175182667300696e-01 7.539021065481686656e-02
2.167992111318873538e-01 5.683095172104266068e-02
2.221566806687110540e-01 6.608313900804321794e-02
1.882439328124287659e-01 5.176228659312567815e-02
1.895472582554750818e-01 5.931461802453379811e-02
1.766610793703005666e-01 3.093033538093781232e-02
1.647846854715316334e-01 3.327906248862918387e-02
1.867090753351078325e-01 -1.272317597137420317e-04
1.778350958078311339e-01 3.778594076019582693e-02
1.292269624847041942e-01 5.136074752840953661e-02
2.002655412768702126e-01 4.979445330753381332e-02
1.966495415714695771e-01 5.409488278765989949e-02
1.986361518506103152e-01 4.773872508233710510e-02
1.782420978654438992e-01 4.915825997906987654e-02
1.822349604820176772e-01 6.075139606052244040e-02
1.721288815987220555e-01 1.951553530412679371e-02
2.677554500245917235e-01 1.279045292880600336e-02
2.446789829284909124e-01 1.776068786434977995e-02
2.108934504756561912e-01 3.060450038545042134e-02
2.034737683627858007e-01 4.282448855002804478e-02
2.024342222414251269e-01 1.979156546916445783e-02
1.684158201752167239e-01 1.018210353534105689e-01
1.978813937661332290e-01 1.028054863009009723e-01
2.033846594247594730e-01 8.922208704086583009e-02
1.443108565242261498e-01 5.965988789894216549e-02
1.455197808684627336e-01 4.246857983316564694e-02
1.359590271683113472e-01 6.442420653037696232e-02
1.831384370078507906e-01 1.196638244044195970e-01
1.580074629544263864e-01 1.750750885702453408e-01
1.769799465964048413e-01 1.735331942637508840e-01
1.190358600951958307e-01 1.880157156480954106e-01
1.428714178689425296e-01 1.770514634614972771e-01
1.014275326674664995e-01 1.542126056612300733e-01
1.222607778420437136e-01 1.819721116501400726e-01
1.297617760407978327e-01 1.929029098203573211e-01
7.086456992860462600e-02 1.725311003571651791e-01
-7.384992289713164515e-02 1.696834380718781898e-01
-9.988255611348277607e-02 1.266414657028419877e-01
-1.069181785580707450e-01 1.038568598200564491e-01
-1.253631762511941417e-01 9.805176652993627395e-02
-6.016358093262672187e-03 1.664878016761781321e-01
-1.930957174858224934e-02 1.680040784351440886e-01
1.629215141157189933e-02 1.588471863895032088e-01
-1.068639920656536992e-02 1.551731909990337055e-01
-6.124632940499817602e-02 1.443414027599568272e-01
-2.817406827621338379e-03 1.496494254868233342e-01
-1.902558516874039429e-02 1.907282533665661806e-01
-3.500466310715359946e-03 1.357535779264693043e-01
-1.039844459655369369e-01 9.873463700728803139e-02
-1.368249206292402320e-01 7.286507212980182502e-02
-9.211168679258077696e-02 4.038658707924572960e-02
-9.563816320121244774e-02 5.192147667954835621e-02
-5.527637222146155466e-02 3.285824120347619753e-02
-5.623147639273951698e-02 4.255734710696555678e-02
-8.811229620844723137e-03 2.548585414288178502e-02
2.610533500205851690e-02 2.668071936767450400e-02
6.881562410177456679e-02 7.374081569768337063e-02
8.179039579390996739e-02 6.129518011992204918e-02
6.377297997595134105e-02 9.129678853480530099e-02
7.636397550841768356e-02 1.236067749661321630e-01
5.773365041555184735e-02 8.518133327698276802e-02
1.013059874362868679e-01 1.283827465285227731e-01
6.762725049728349203e-02 1.615654233580484378e-01
5.156844303080387187e-02 1.539078120934729010e-01
5.879823252831098412e-02 1.986707689792512888e-01
5.327327119130820243e-02 2.116285374240344797e-01
6.631769513419405460e-02 2.084114706849422016e-01
1.103647855016922086e-01 1.665612812932094622e-01
1.701845940669454160e-01 1.154518168991412186e-01
5.694312662907693307e-02 1.455980147068571817e-01
7.016629548325827026e-02 1.626069176924447302e-01
5.573014956555908533e-02 1.694361167886728470e-01
1.112613705873842784e-01 1.739829988525350424e-01
1.118721208351586976e-01 1.762616375423784187e-01
-4.945648196255751639e-02 1.774717831544880831e-01
-3.956889735204603686e-02 1.810549976330573796e-01
-6.129278120088560433e-02 1.629687182998496575e-01
-7.026183788597321900e-02 2.096581089442122736e-01
-4.344302801521926494e-02 1.882800619870078629e-01
-4.139323529727483714e-02 1.822138936112067398e-01
-3.934460569159050486e-02 1.290056803772216265e-01
-4.776649075282098783e-02 1.353752756638743060e-01
-2.355786472164970308e-02 1.183825835554117856e-01
-5.470892609702069503e-02 1.532538813030425717e-01
-1.030891039560728334e-01 2.076757294859176428e-01
-1.043172414609558202e-01 1.788463492234650398e-01
-1.162731631605085775e-01 1.403404855909819171e-01
-1.205261485646003383e-01 1.477867738968019207e-01
-7.849237644151528526e-02 1.366562984293333560e-01
-1.216624438176457795e-01 1.176926035543702231e-01
-1.243769442880554715e-01 1.429611810576151554e-01
-1.195929109038121052e-01 1.504258465371446363e-01
-1.165116011738274726e-01 1.610222935492951202e-01
-9.883394498594502697e-02 1.638421138348561401e-01
-1.279023230094916697e-01 1.845962382979406124e-01
-1.342819646782908993e-01 1.993012049020277676e-01
-1.072959501506970670e-01 1.404788668721263789e-01
-1.132459817673279745e-01 1.958997121751946402e-01
-6.706563447304635106e-02 1.588806549447873417e-01
-6.646232087428489976e-02 1.361685909197734579e-01
-1.086038771566223693e-01 2.183343448483700544e-01
-1.081890531690604951e-01 2.103285123120261779e-01
-8.294289465462882649e-02 1.743670585208174639e-01
-1.173351282706825011e-01 1.750222105791209015e-01
-1.331576422120727687e-01 1.482094052754096836e-01
-1.043505937050139554e-01 1.602645549896515587e-01
-1.020112623635486410e-01 1.838592176754299257e-01
-1.259856884716987480e-01 1.469883845636681396e-01
1.250398019650820168e-02 -6.439080340015744530e-02
-7.881633955320908880e-02 1.148796965173051049e-01
-2.439972537550443715e-02 6.850228892835735772e-02
-1.241584827278036512e-01 3.903111785968915726e-02
-1.084964928172093591e-02 -3.027345319314748984e-02
6.888001690427392708e-03 -5.101766575894046626e-03
1.396423129179583111e-02 -1.149058956209636842e-02
8.992958642032504099e-03 2.168614085599957983e-02
1.973172697810852538e-03 1.456292151932341537e-02
-4.414175316656640535e-02 9.009474836125813679e-02
4.125377450256397438e-04 1.897430827433648284e-02
-4.583970079110712831e-02 4.324493545842231224e-02
-4.916738677558579046e-02 3.018241421571458624e-02
-4.543539570004745398e-02 4.461969053314154138e-02
-7.095892014125297631e-02 3.338744274291489955e-02
-7.652583711831276170e-02 5.773250911164663074e-02
-8.110298917874385338e-02 7.927135633880878773e-02
