-1.993040909497863222e-01 -8.183648479448978053e-02
-2.232689637418581174e-01 -5.855387236667083939e-02
-2.289899546972581634e-01 -4.238592762132524505e-02
-2.088050556837634519e-01 -1.015625694513282162e-01
-1.833284366593458947e-01 -7.595632933083548699e-02
-1.961290156195599210e-01 -8.277320924968460669e-02
-1.746096641726961329e-01 -8.993641194277537942e-02
-1.748927677107237344e-01 -5.679653506480743935e-02
-1.405677884294833091e-01 -1.307311485469737355e-01
-1.493278017199363983e-01 -8.254886760847009175e-02
-1.555874892192384007e-01 -9.402359221804734712e-02
-1.403200436735448364e-01 -8.923186904725546875e-02
-1.361078829340600371e-01 -1.124766024216417304e-01
-1.473654892916949899e-01 -1.480629670959774935e-01
-1.055191538478896796e-01 -1.359584162633062088e-01
-5.499307888022621216e-02 -1.383095753168220032e-01
-3.751969189925761367e-02 -1.497557396283310527e-01
-5.134286783280803818e-02 -1.812429850229806683e-01
-3.341024992140737004e-02 -1.865819944889313409e-01
-1.933805035042680462e-02 -1.708513688934112096e-01
-2.911105025720877888e-03 -1.445592483825540175e-01
-1.634064581844417094e-02 -1.294556496343546026e-01
-4.537042878060275342e-02 -1.120118977117957743e-01
-3.064695776855043755e-02 -1.162808041310188362e-01
-3.091357331653223420e-02 -1.569786623379192114e-01
-3.676651401541409375e-02 -1.681920618864672368e-01
-2.867029020799528524e-02 -1.696425051219676017e-01
3.081744475203068712e-02 -1.118984313467457914e-01
4.879734378698364489e-02 -1.220512423936052776e-01
7.648869395334544075e-02 -1.328847683160094273e-01
5.750744320762143924e-02 -1.055722253469254662e-01
5.086795706545519519e-02 -1.029719718384376342e-01
8.611409760562688254e-02 -1.052309347838953635e-01
5.635160094636051942e-02 -1.213306614077174078e-01
6.760142570586370747e-02 -1.161627054655820640e-01
1.512177469518473649e-01 -1.240011825807056656e-01
1.583253953661986346e-01 -1.339771247338397697e-01
1.633557569901901985e-01 -1.239874523090555986e-01
1.789653928982695708e-01 -1.315384851874078498e-01
1.637248413555410786e-01 -1.301203430824823259e-01
1.749377910044112305e-01 -1.199045544121987578e-01
1.705145440012575675e-01 -1.113045137831249615e-01
1.621421276147515245e-01 -1.140998821167178018e-01
1.668123195521941382e-01 -1.273856028962181142e-01
1.800777115314358412e-01 -7.876024575830757601e-02
1.649355213886471161e-01 -1.146768617906149812e-01
1.576493294539917933e-01 -1.019615638137808949e-01
2.122597020063987650e-01 -9.327784184462618866e-02
2.329124466960089124e-01 -6.180044425403626029e-02
2.103606421402735016e-01 -5.622657049329458923e-02
1.853144271410032407e-01 -9.901992809603228640e-02
2.297402540563109608e-01 -9.589509156316629312e-02
2.264466718183475169e-01 -9.090607905215974949e-02
1.964909015900651312e-01 -9.360764330291997115e-02
1.938849493523245038e-01 -4.867620413298360399e-02
2.036014160319938593e-01 6.217280288926486237e-02
8.915225346722627231e-02 6.802599353241220448e-02
1.045342234753603161e-01 2.790759153050606164e-02
4.797578115210626021e-02 -2.990120114652263655e-02
4.569863892707301534e-02 -2.915454472513912335e-02
1.159328150616740077e-01 1.130016686715998170e-01
1.085995003015012006e-01 1.413505305541947199e-01
1.739335649345872259e-01 9.318635391198694384e-02
1.504445360351260585e-01 1.098470304508137318e-01
7.520286401108668140e-02 1.499885043912920490e-01
1.236818037982821833e-01 1.376786909963374772e-01
1.167580477115161136e-01 2.006953140573202454e-01
1.155124587959987653e-01 5.671091249093134640e-02
1.457871912329288533e-01 -9.084238908757905420e-03
1.945690134810265093e-01 1.317883419723895819e-02
9.117746020413659835e-02 5.479129470897078219e-02
9.932536831991781168e-02 5.023250293065022881e-02
7.053275538839923198e-02 4.413069272663527193e-02
4.007101465204102736e-02 1.058219863199387489e-01
1.122486449200533476e-01 4.041198861900152650e-02
1.641632769230856603e-01 1.499623935470254660e-02
1.671118694228899693e-01 3.135317529064902964e-02
1.154293190018263748e-01 4.080131846985585696e-03
1.331236817079011203e-01 1.251727546677404608e-02
1.236522520546275566e-01 -1.334729038356222662e-02
1.129851640186029793e-01 -1.497971595588579521e-02
8.614167478958424662e-02 7.118992551413619307e-02
4.120998984112016206e-02 1.570763238939156814e-01
1.184507452605900041e-01 1.379917045314668911e-01
1.021969696544804268e-01 1.771967206239668802e-01
1.182666779720189659e-01 1.691230542865071740e-01
1.279714389285886156e-01 1.792327999364253521e-01
9.051649925703995903e-02 2.288579008103323875e-01
7.213205709694077428e-02 2.301154870505925376e-01
9.322718647348998688e-02 2.334853856042808928e-01
9.080716777483592572e-02 2.313213848167525177e-01
9.462799077786708535e-02 2.324071760318764113e-01
5.619553574699815562e-02 2.399485443986303090e-01
1.643619742826624847e-02 2.530036332729016513e-01
9.883380501587771955e-03 2.521625708195794902e-01
4.695931614474951887e-02 2.152716303830743416e-01
4.670006978686146171e-02 2.086279285142970952e-01
1.304352728569803666e-01 2.027620198737748736e-01
1.605584474228021474e-01 1.777865391016339447e-01
3.689238803037600458e-03 2.331717055511102199e-01
-6.423380164499115303e-04 2.282025469462578837e-01
4.362063146408117625e-02 2.143556013130608340e-01
4.345799273053682632e-02 2.346012867719189654e-01
6.458563152454876999e-02 2.089038169945280077e-01
6.914340269711863329e-02 2.292800566747190683e-01
-2.156994433193362704e-02 1.931209363845726446e-01
-6.806057332154061106e-03 1.294803274648324565e-01
-2.342542641537339806e-02 1.469524813874246993e-01
-4.350345759242666560e-02 1.706021244718798902e-01
1.722647537258172046e-02 1.619457214109415732e-01
-1.137608410520769830e-02 1.251784284025667382e-01
9.852819607961299866e-03 1.145233043653828831e-01
5.989297792911551718e-03 1.642772181822400313e-01
2.135076403980115667e-02 6.496078120407516865e-02
-4.076544313628473193e-02 1.102656454381061718e-01
2.081988241993302374e-02 1.959464230021552011e-01
7.592698587406876420e-02 2.193994099385349339e-01
-9.835544293479244263e-03 1.633280798285266233e-01
-1.938163646458782585e-01 3.525240164402183157e-02
-1.186604651622742562e-01 1.590056603420654524e-01
-7.459182526528082557e-02 1.400788141314597557e-01
-1.576645260653326552e-01 1.619811801707368992e-01
-1.484195209221525757e-01 1.801984179487090554e-01
-1.259670858748943856e-01 2.073778072760991409e-01
-1.005280001476755863e-01 1.944282781966132634e-01
-1.009317851085498596e-01 1.797406200320657010e-01
-1.039931524609363361e-01 2.276793969356684377e-01
-9.445778706455437712e-02 2.379235126227058073e-01
-5.284884035262134988e-02 2.542274937002737545e-01
-1.132147794838190141e-01 2.131198602016032007e-01
-1.220005370336159911e-01 2.358338452597295853e-01
-1.182404588185706762e-01 2.013791449047078186e-01
-1.117205793389095536e-01 1.985873674370622899e-01
-3.952566125920190659e-02 1.623459488317705868e-01
-5.257576791111479020e-02 1.674415792349530918e-01
-4.576679456253019036e-03 1.691200382923704337e-01
3.769597758969688017e-02 1.659542108999665921e-01
-3.272853110306304936e-02 1.697106899175890860e-01
-4.781618340712518594e-02 1.771728426151385483e-01
2.719283216313487378e-02 2.248894690555874321e-01
-3.643254265362464057e-03 2.232258066986861633e-01
-5.951175564537252403e-03 2.236066051186123005e-01
1.727719739552203981e-02 2.254595919251350944e-01
1.603059203999176053e-03 2.365200922350167434e-01
-1.197606281726629543e-02 2.283295852849231422e-01
4.791383246590837086e-02 2.437457143426720596e-01
4.215380021624118984e-02 2.435141326492342717e-01
6.366122932164185177e-02 2.354941043511454002e-01
4.056555437570914802e-02 2.389905746808701492e-01
6.362035926849898826e-02 2.182302539793997131e-01
8.468904037602323354e-02 2.449211022454930997e-01
8.546947468201675224e-02 2.389574487342192299e-01
1.092562955108399292e-01 2.288209423849442148e-01
1.159489572954859084e-02 2.801317340370163556e-01
9.909187246998027790e-03 2.788025637591242667e-01
2.005787525491161197e-02 2.263890013448270067e-01
1.196422170768943367e-02 2.561726266260014873e-01
-6.468553424745898325e-03 2.665002736865604849e-01
2.659434686806248782e-02 2.742005566173031372e-01
8.978055503030091256e-02 2.191617962568236933e-01
8.177486520157477290e-02 2.376400591627065295e-01
1.121509250437282834e-01 2.568964485558650201e-01
1.209503462133711960e-01 2.013750791446561050e-01
1.221534112778557973e-01 1.984493648766182117e-01
1.309611722544900547e-01 1.799977127035329305e-01
1.492779461704497324e-01 1.785810785956757629e-01
1.279161012682125120e-01 2.020110706596318362e-01
1.190844122938968241e-01 2.007292231626696122e-01
1.401481153448003725e-01 2.002075894806240597e-01
1.408059519885785649e-01 2.038349472907023396e-01
1.359473520638211919e-01 1.975448499057675666e-01
1.369320158291340572e-01 2.024175300241466968e-01
1.279609579323897073e-01 1.820168624577432337e-01
1.359107768863067334e-01 1.671736889712173713e-01
1.836022589336488708e-01 1.338665910481713628e-01
2.387858703274464145e-01 6.217593968979656660e-02
2.155801282584741962e-01 6.986911170618649580e-02
1.804830878041336351e-01 9.116467138921981184e-02
1.658781112026050941e-01 9.680552188163317473e-02
1.698061186381472909e-01 9.873508327962186859e-02
1.969611800570311988e-01 9.256453423686362980e-02
1.568920816443588051e-01 1.052331842822846336e-01
1.507655144608485709e-01 8.515087905829174519e-02
1.718443807971909154e-01 8.676414431979781461e-02
1.713197811098617074e-01 1.017902103568470024e-01
1.967527432025763801e-01 9.257223252024024407e-02
1.947511728617044302e-01 6.580154789001652071e-02
1.814591368237631341e-01 7.264760880185980318e-02
1.855757855279345503e-01 5.117186429784580798e-02
2.011806058431657995e-01 7.514176096965363705e-02
2.209828401862188318e-01 2.303436570048065721e-02
2.030186293196621639e-01 3.962371022880985250e-02
2.404552647395025444e-01 -8.719776429449424202e-03
2.068399605426997911e-01 -3.825167034365112989e-02
1.628819293146543945e-01 -6.792941923397055604e-02
1.714810618128969621e-01 -5.522556037301969145e-02
2.484977047067289668e-01 -4.380962265468206496e-02
2.353215428302617152e-01 -5.802729811964438267e-02
2.253351696697818152e-01 -7.810598331752563461e-02
2.281780857341434432e-01 -7.295978918943762936e-02
2.330759269085803387e-01 -6.992218320522226860e-02
2.159083717308465100e-01 -5.817685227089113703e-02
2.334139681961592827e-01 -7.302153375448537653e-02
2.341627012378151018e-01 -7.295524020380599051e-02
2.146544013509602555e-01 -3.138270412274597743e-02
2.135271860395716870e-01 -3.956716450448397038e-02
2.049897564489992774e-01 -1.224611926463612700e-02
2.203054579008804914e-01 -1.396603470278577272e-02
2.041259823934210016e-01 -2.604619201658117666e-02
2.384790554101007820e-01 -4.571985919521181357e-02
1.757442778343427381e-01 -8.621627482135291176e-02
1.915862952575093925e-01 -6.530289241744358097e-02
1.769730205063670958e-01 -1.222110567569497652e-01
2.038133354432142830e-01 -1.266143498762430097e-01
2.038355638198905140e-01 -1.092864387892561739e-01
1.407060076082907729e-01 -2.037648129298101352e-01
1.443473956231376976e-01 -1.743561207097986399e-01
1.312455171823695144e-01 -1.940976352592923837e-01
1.947741010823239860e-01 -6.970990970629241390e-02
1.618931498004367309e-01 -1.035646563436821294e-01
2.030261443105774444e-01 -3.448421877277431380e-02
2.525373205882811001e-01 -3.670606082907129641e-02
2.316404136772043376e-01 -3.946190047707932858e-02
1.788083779106983962e-01 -9.501419632540299143e-02
1.814759330784030400e-01 -9.899350065569610668e-02
1.545745484260248603e-01 -1.622446880783512957e-01
1.441325601954867308e-01 -1.549954379061331267e-01
1.148261035115298867e-01 -1.680696725111398282e-01
9.235039865315598784e-02 -1.272379941445043183e-01
1.173863492745907400e-01 -1.232694707435286613e-01
7.756531221392641562e-02 -1.098858467952419371e-01
1.083089650873134691e-01 -8.945254483924303113e-02
1.057704561438733981e-01 -1.043113065164590070e-01
8.450438155269056340e-02 -1.325499679724061464e-01
7.212722484114160448e-02 -1.282789703528285918e-01
6.558938270026837269e-02 -1.034469742520211510e-01
7.135389728376306806e-02 -1.358172060847885609e-01
5.360846679851411639e-02 -1.626175549335863724e-01
1.806519251554617594e-02 -2.281420770969640743e-01
1.190567018063311971e-02 -2.112206337059676087e-01
-2.019878758317957598e-03 -2.090451021563252965e-01
3.639081029276589052e-02 -2.112031209444333313e-01
4.331084220997639261e-02 -2.391288938373838102e-01
7.111041824328870331e-02 -2.283547130150788695e-01
3.279392068864897536e-02 -2.340796031010203004e-01
2.921730573019980584e-02 -2.400347251813659544e-01
-4.557265035432276484e-03 -2.477214278070178355e-01
-1.167502265388756233e-02 -2.534222565916696146e-01
-1.761942524954767178e-02 -2.401404849315637857e-01
-4.051404086259482312e-02 -2.612840535067619818e-01
-3.456485495855419338e-02 -2.105223727429866021e-01
-2.602684633043344034e-02 -2.107927291234750200e-01
-8.063845610695450847e-03 -2.259833584649127147e-01
-8.250741435204111268e-03 -2.269923834646338234e-01
-5.277633568694491822e-02 -2.325487111379391791e-01
-4.525957016738923339e-02 -2.383467682418605738e-01
-6.197436380542902662e-02 -2.022038943289699853e-01
-4.717036491677854132e-02 -2.240702517310677599e-01
-4.909609383602996091e-02 -2.420423608364134227e-01
-4.237393862805798050e-02 -2.511424316315202798e-01
-5.364784135180188790e-02 -2.486839465104096480e-01
-5.218468845040213910e-02 -2.474688341323291740e-01
-6.767473019318966110e-02 -2.033183958087214083e-01
-9.918668257848145542e-02 -1.852107335967333457e-01
-1.209541870235839867e-01 -1.550235649674745197e-01
-9.883620239795740114e-02 -1.612231658653564548e-01
-2.600961059046008605e-02 -1.021907043848925278e-01
-3.409619696357597124e-02 -1.321112074773164446e-01
-6.996943100287249251e-02 -6.777270001378020436e-02
-8.667419771012900565e-02 -1.188473151636675884e-01
-7.482372355478819625e-02 -4.873661566194881917e-02
-2.583515365889654455e-02 -1.186896419895306642e-01
1.695844659806555049e-02 -1.820314258769449023e-01
-3.294093790560116003e-02 -1.309208729074200217e-01
-1.867512525797730000e-02 -1.180427529045802310e-01
2.799998967684539861e-02 -1.562689206016774357e-01
1.125313652102072175e-03 -1.432853824391359665e-01
1.240606693158886366e-02 -1.870429417033196706e-01
-7.715483707821293308e-03 -1.678207946745312040e-01
-1.804881908328870646e-02 -1.675504549569938328e-01
-9.578582842751405535e-03 -1.415483364458913484e-01
2.371936503730933191e-02 -1.950910470738968505e-01
1.893992662716552713e-02 -2.172690516491394275e-01
2.569661996688834757e-02 -2.145505245142289852e-01
4.276258529792001384e-02 -1.841215431395989977e-01
2.348604623122651364e-02 -1.958944345949364674e-01
-1.332566603886091265e-02 -1.618369956554600864e-01
-1.832083551027363644e-02 -2.109840198013182844e-01
2.784165831614273182e-02 -1.995105949019214675e-01
3.411088535491036550e-02 -2.052608793252351516e-01
-3.934789256612083314e-03 -4.232167111640947749e-02
1.343389190581143200e-01 -7.306188309040849427e-02
1.076795221120931817e-01 9.297550092963254020e-02
1.158567153643124958e-01 5.955844419272875168e-02
1.579800390431168045e-01 2.938394148912287090e-02
1.469790088054670762e-01 4.334648842797082791e-02
1.813359143008841379e-01 -1.994342369288189601e-02
1.853620165291496313e-01 -7.000617280989726576e-02
1.786005409224807050e-01 -5.083071953563723239e-02
1.349587141846873006e-01 -7.097146589463583510e-02
-1.643056743368643061e-02 -7.719389503543110098e-02
2.230307251994832068e-02 -5.442316013182869894e-02
3.378677637726276023e-02 -1.723069609807803271e-01
1.575185919401975443e-01 -1.040641366323311334e-01
1.631492030492019407e-01 -1.146532753834296897e-01
1.801226015215150744e-01 -1.215688916186167950e-01
1.636973641492898979e-01 -1.378045795913815375e-01
8.383587228877657782e-02 -2.328670901433007590e-01
1.216506900452311302e-01 -1.841869118964961083e-01
1.059325699944602545e-01 -2.060211597919558990e-01
1.182204966032347621e-01 -1.857447145254933485e-01
1.011646665121680999e-01 -2.097479954196930785e-01
3.385802923874294684e-02 -2.196567192283655490e-01
7.490778814274283437e-02 -1.861997297293144227e-01
7.977761889649553906e-02 -2.153165370361046216e-01
8.320542953649438800e-02 -2.222832002217771941e-01
8.258561774697037450e-02 -2.237522559735798944e-01
9.327178486192617968e-02 -2.506029519289197927e-01
1.189050856148942820e-01 -2.471197619711673066e-01
1.134434701552527874e-01 -2.280666439176438076e-01
1.237809566883959628e-01 -2.539242446544488496e-01
7.955770126877992343e-02 -2.557927446683820882e-01
8.124949901849810863e-02 -2.588914370310794744e-01
1.072973823246090030e-01 -2.300285397721094083e-01
4.076017764375872848e-02 -2.144772408555918330e-01
4.138144327576025183e-02 -2.210519914330001390e-01
1.234902048558448318e-01 -1.634647493528881557e-01
1.402881674482213126e-01 -6.490037800658547684e-02
1.377732699063930755e-01 -6.241878553813172414e-02
5.704425066058159410e-02 -2.101706011837576049e-01
7.111429237940355974e-02 -2.199388229893312618e-01
8.346493833586118849e-02 -2.010964579404559971e-01
7.965507122313332522e-02 -1.742928848106335693e-01
6.477390204251753936e-02 -1.814441734937367046e-01
5.794314605119683242e-02 -1.919742920722811996e-01
4.063038158669775302e-02 -2.131244258501858446e-01
3.349401249337456005e-02 -2.362430873370667261e-01
6.138686980943089400e-02 -2.323440900992705949e-01
3.278985492859725140e-03 -1.980931443094637590e-01
8.731552970091037511e-04 -1.703759249116253427e-01
-2.676708959853864658e-02 -1.790470580212756568e-01
8.242354763662997769e-03 -1.574577388430299651e-01
-1.861491368442445837e-02 -2.061625449314593850e-01
4.647779435157486927e-02 -8.477597099155530225e-02
-7.747822330035953990e-03 -2.276306078150477918e-01
-3.903987791630091596e-03 -2.638072741926305587e-01
-2.684284770540400905e-02 -2.162298500451000083e-01
3.160123664265709204e-02 -2.570495477499437631e-01
-1.646540549855583790e-02 -1.824291038662660680e-01
-4.188672643710602411e-02 -2.473983331865143021e-01
3.914183018218802407e-02 -2.173427018926992749e-01
-4.893445487954751344e-02 -2.318973397191612384e-01
-7.467316546074179162e-02 -2.338882457713729324e-01
-7.208687550521847287e-02 -2.295316172464437754e-01
-7.812712027090927547e-02 -2.328051206284141028e-01
-8.106588996108043954e-02 -2.573158383703804120e-01
-1.074215629671723127e-01 -2.105670961035555344e-01
-1.313186675373984313e-01 -2.152423202522096846e-01
-1.071283783437705639e-01 -1.961141689301907354e-01
-1.197164630209535813e-01 -1.751930007624118713e-01
-5.738827811331864703e-02 -8.660976207848963826e-02
-1.098109468303547082e-01 -8.106457358794894041e-02
-9.959907395356357163e-02 -6.604138190995270663e-02
-1.031957302763660544e-01 -5.081058235931549399e-02
-1.196934181596768093e-01 -7.623490887765800583e-02
-1.330789833417587165e-01 -1.068239962172755492e-01
-1.006939964658528086e-01 -6.087263864338112590e-02
-1.931115051542887373e-01 -1.169063063183201495e-01
-1.877803272753229280e-01 -6.527173269901441477e-02
-1.873392089726622634e-01 -6.703054467204411226e-02
-1.639894323549725141e-01 -1.100213999018843508e-01
-8.157437657476204751e-02 -8.971100387269483056e-02
-1.236350892150649694e-01 5.681862180639988408e-02
-6.361906372405627674e-02 2.933977217167574314e-02
-1.660302439455239865e-01 -9.542522133850050992e-02
-2.128217933335491696e-01 -1.517454292851174169e-01
-2.295539122749241101e-01 -1.664359201513403441e-01
-2.086698858249947663e-01 -1.546279198581791969e-01
-1.848218369826058194e-01 -1.606107524260904917e-01
-1.507483849471880633e-01 -1.810842370885022146e-01
-1.633976643120347572e-01 -1.544261148582349863e-01
-1.299255865108245034e-01 -1.167661625686685217e-01
-1.367972375497146231e-01 -1.218440302660512842e-01
-1.201202479818278546e-01 -1.031276371269752440e-01
-1.075846432689190058e-01 -1.046318350425036875e-01
-1.362998734558466263e-01 -1.510774449041609180e-01
-1.001971405919912933e-01 -1.562447259967794932e-01
-9.174157607983735030e-02 -1.902832691497859663e-01
-1.421557676627988598e-01 -1.371366535307536605e-01
-8.431609020603300642e-02 -1.688730766951304640e-01
-1.104020066978736170e-01 -1.398199051983300967e-01
-1.360192193716206754e-01 -1.984514644084482138e-01
-1.802987955657236741e-01 -1.871075106385672870e-01
-8.785892519700327918e-02 -1.670614140071661480e-01
-9.071033936639105733e-02 -1.887309819575802017e-01
-1.195763026083509206e-01 -2.030717508075510491e-01
-1.140198166370107596e-01 -1.877584321576673543e-01
-9.164163169954955834e-02 -1.784602888636473705e-01
-9.069429294454757484e-02 -1.683668562427891591e-01
-7.986619914417975030e-02 -2.080500906984218135e-01
-1.548872287021336169e-01 -1.813917685127421908e-01
-1.536249934985356724e-01 -1.681696335543786391e-01
-1.363764147214104883e-01 -1.764752814961008942e-01
-1.514331989086865060e-01 -1.857905209778793476e-01
-1.450778660704628575e-01 -1.904842576651296360e-01
-1.274908377634584589e-01 -1.816017383586919220e-01
-1.475315022728232450e-01 -1.714929591599335668e-01
-1.349346445519220838e-01 -2.092740177775980204e-01
-1.484940043132640386e-01 -2.180542598906035079e-01
-1.324817498508825964e-01 -2.131519530452901379e-01
-1.220205742322315323e-01 -2.353042800129929446e-01
-1.195717869486213336e-01 -2.069982419145493524e-01
-1.011311656491189898e-01 -1.488146661429169682e-01
-9.864267055320037614e-02 -1.573456638343911362e-01
-1.038673055232698511e-01 -1.650595770590777001e-01
-8.987525058101374087e-02 -1.769051189809131563e-01
-7.131999650988919692e-02 -1.739501445708637184e-01
-1.919399830561070441e-01 -1.792448805759233044e-01
-1.604306425883894605e-01 -1.830784757309202315e-01
-1.159496113163138997e-01 -1.892046263406546580e-01
-1.327901310856252071e-01 -1.710870996616558615e-01
-7.988479499753106672e-02 -2.199638507417807920e-01
-8.855277047796086820e-02 -2.053640063291699847e-01
-1.517823877105055896e-01 -1.862445863934915902e-01
-1.397508122718773838e-01 -1.863217691826701827e-01
-1.769531749316884117e-01 -1.774558295125089336e-01
-1.318160482942174472e-01 -6.446870759715973842e-02
-1.259121897827206460e-01 -9.977536797547835457e-02
-1.646822945218192613e-01 -7.482267378887320908e-02
-1.770544523480587218e-01 -8.260854596758991641e-02
-1.140093772981894404e-01 -1.083601286784561385e-01
-1.867138317574936757e-01 -1.591691572175879255e-01
-1.728847488078025518e-01 -1.511004064506825395e-01
-1.169687423958357120e-01 -1.534005935369925355e-01
-8.514754646808542216e-02 -1.723576996666716932e-01
-9.365542431500320508e-02 -1.414076678132822340e-01
-5.913649661522998174e-02 -1.362070024982717786e-01
-1.346555567850931112e-01 -1.929110331904270448e-01
-9.830013026884290572e-02 -1.170064256595937657e-01
-7.674730295335653596e-02 -1.071103990196074218e-01
-8.131724224591725669e-02 -7.709159284757233221e-02
-3.106733486291447452e-02 -6.156859595338198821e-02
-1.065659537575995297e-01 2.255168791507818765e-02
-1.220732708148691004e-01 -2.585553661374600251e-04
1.576852381134649927e-01 1.913396002674859209e-01
1.935508738470910761e-01 2.056904335398798689e-01
1.672367249149700752e-01 2.069819288854893857e-01
1.649211912507599076e-01 2.062049354788838829e-01
1.646609992704008152e-01 1.703281855569196979e-01
1.873134147244652770e-01 1.732547496354601702e-01
1.994460093037228321e-01 1.928134049603326405e-01
1.670063596169576170e-01 1.910876064590343870e-01
1.835472378693424056e-01 1.243205863575557180e-01
9.062208404625195224e-02 1.001753954408950015e-01
1.894793817402154190e-01 1.418186928263797386e-01
1.810759556018394778e-01 1.743631358121829622e-01
1.853747136978357302e-01 1.486516858188764723e-01
1.843306798379971412e-01 1.455927512573406135e-01
1.625356898551678919e-01 1.339628779107077117e-01
8.211230662291656157e-02 2.246808155827692000e-01
7.792196601780769505e-02 2.332270598744373424e-01
1.086314098527267902e-01 2.283047241619839407e-01
1.201850002095368186e-01 2.192463274074072099e-01
1.348717669062041713e-01 2.028285883631462672e-01
1.508081049636854631e-01 1.628007640801792666e-01
1.610159620692779570e-01 1.735396027833460975e-01
1.440112205860743233e-01 1.808583541243172499e-01
1.206228692367463246e-01 1.941290949108401276e-01
1.160214786241133833e-01 2.141888051732341036e-01
1.168411958371639997e-01 2.323174460405710018e-01
9.514200949129120177e-02 2.232921085808410866e-01
9.679155832866866149e-02 2.280828236430955391e-01
1.060308814055469367e-01 2.184364579984162946e-01
1.049190293350095587e-01 2.151642543266264473e-01
8.213200223103596376e-02 2.324480002619039309e-01
9.425572378886916403e-02 2.232361210653747707e-01
1.170124909737692842e-01 1.963405517829066305e-01
1.799191968782718198e-01 1.028134571852736268e-01
1.244989882427759986e-01 1.376810321409574212e-01
1.168052038629356498e-01 1.575296728026335802e-01
9.848097327638932752e-02 2.089167307815775199e-01
4.268423193643147012e-02 2.263505265908949404e-01
5.129887764208450329e-02 2.503034353841260273e-01
8.758691085288722311e-02 2.328771545657238873e-01
7.011921426969593141e-02 2.472866914146022999e-01
8.557908357390289766e-02 2.302758679542721010e-01
4.325205948447451154e-02 2.239355484349279668e-01
2.727887755939339617e-02 2.182852083919020747e-01
4.091539303261847865e-02 2.317454902464098632e-01
3.300825622776899088e-02 2.121541588745643470e-01
7.402014440981172227e-02 2.198774866665837713e-01
4.500208175083501849e-02 1.998113611680426283e-01
1.357147122729929212e-01 1.548955601776494384e-01
2.209999363739773015e-01 1.084224231208879285e-01
1.444417912407319482e-01 1.061095055399897541e-01
1.241716612327104091e-01 1.101470802100405211e-01
9.491632648251863147e-02 1.107777645751126805e-01
1.089623110657886723e-01 3.234356486251013102e-02
1.685801586789452133e-01 8.849384195163746691e-02
2.266936000896854486e-01 7.601365821385985821e-02
1.311997107299835152e-01 1.281964137619423239e-01
1.856250912000372011e-01 7.891783561768933586e-02
8.195818265734938074e-03 -1.870521063263870520e-01
-3.573033673698691737e-02 -2.056971320461945807e-01
1.642465000320132013e-03 -1.917558574472073840e-01
8.076592351660881464e-02 -2.270494207460151403e-01
-7.197836636810042710e-02 -2.071175319809848980e-01
-1.170928813810214464e-01 -1.715673425733388324e-01
-8.069457276029132209e-02 -1.613073137680662295e-01
3.707754465937073557e-02 -9.027063741456806123e-02
4.330488937072033556e-02 -1.965405738470904773e-01
7.519759851856067101e-02 -2.430871112031463832e-01
-5.812162291969675057e-03 -1.573055227853559224e-01
8.442122509556715393e-02 -2.289238361075646155e-01
-7.252420819369165272e-03 -1.029088275855032236e-01
-2.167694130624556181e-02 -1.279659901436012714e-01
5.042851338937320155e-02 -6.848219180575651488e-02
7.469720801621157480e-03 -7.129117793607996079e-02
1.365070397602852897e-02 -6.252939004134201728e-02
1.004312508882481032e-02 -5.175265145605371236e-02
5.315287255714470221e-02 -4.091601789328216943e-02
5.348701054844447189e-02 5.369502666338573683e-03
1.943293335933873600e-01 -9.872027824763025469e-03
2.030549212270090775e-01 -1.682228841801380187e-02
2.074251300570290057e-01 -3.519805542923212793e-02
1.872358986762660826e-01 -5.755170417129924082e-02
1.806679132569766200e-01 -1.268488809120133787e-01
1.138115797379683214e-01 -1.712932370288683115e-01
1.312000439890041725e-01 -1.547070688755795009e-01
1.365746205239318778e-01 -1.411275969323423640e-01
1.358992961130459365e-01 -1.463717442180698936e-01
1.208993575832143647e-01 -1.517205514992271687e-01
1.270387385760679277e-01 -1.942493680913865151e-01
1.205386463507568812e-01 -1.931609941188527080e-01
1.196930349118030812e-01 -1.917810351662161961e-01
1.350851026682622913e-01 -2.143529352408957700e-01
1.008150528050976852e-01 -2.028871752989735433e-01
6.069555729703010605e-02 -2.092782668301110816e-01
7.816598660419057931e-02 -1.797936915311014738e-01
6.432218193726298161e-02 -1.373177798084675993e-01
9.577230227701410969e-02 -1.401425999080088969e-01
3.115716899766381512e-02 -1.654594378949840461e-01
-1.900778024663525578e-02 -1.756302532604332167e-01
-6.357237413526561909e-02 -1.538269984538922774e-01
1.663663398335699789e-02 -1.822114024110376707e-01
5.154634745933094064e-02 -1.717358883230238886e-01
-1.098360745605104216e-01 -1.543934388112619405e-01
-7.172310662124668779e-02 -1.552113064367480477e-01
-1.304511193234114685e-01 -1.406261754098981909e-01
-1.345264855664020098e-01 -1.113249258981387213e-01
-1.914079017037646213e-01 -9.151671788714084432e-02
-3.570584219897040418e-02 -9.126362432392122470e-02
-1.101821890478641847e-01 -8.572650070167985026e-02
-1.482196154986259728e-01 -7.460197300245909047e-02
-1.605517989053405203e-01 -1.143140010374744109e-01
-1.159976172782360704e-01 -9.254582174285509721e-02
-1.166487554156995649e-01 -7.152848335319710038e-02
2.031610725565561465e-02 -1.253688776013828915e-02
-4.631652198001511012e-02 -1.579722741079360795e-02
-1.568188646375257705e-02 -1.710278628707383522e-02
7.984536212391467672e-03 -2.495421051514902858e-02
-3.484037893673128106e-02 -1.721533618981706606e-02
-6.205173821854446242e-02 -3.695414300976815336e-02
-1.764379064969369068e-02 -2.645113505255215769e-02
1.364421250688037657e-01 -1.116080044417397804e-01
1.429730020961457737e-01 -1.699993255553591820e-01
-2.422577294784973925e-02 -1.610605354632876074e-01
-8.246464472248064836e-02 -1.171329307838260003e-01
-1.556370948244596153e-01 -1.166208283097705245e-01
-1.905060194791769745e-01 -1.307801126285802196e-01
-1.953228287227470050e-01 -1.309968559641243036e-01
-1.668764052618618154e-01 -5.583740310621281705e-02
-1.566292069288836020e-01 -7.140029527091067141e-02
-1.377428516892848231e-01 -9.715446907066231652e-02
-1.744232390765541041e-01 -5.511086094959338072e-02
-1.648848993434129939e-01 -4.060168798502126336e-02
-1.872061219827725331e-01 -5.564030122419727324e-03
-1.001433942434387242e-01 -3.075895779390962204e-02
-2.487558804700132631e-01 3.868232014732617130e-02
-2.275552246245806376e-01 -1.662003143552284387e-02
-2.047110685929950658e-01 2.612590340857879820e-02
-1.951059937409722334e-01 2.954493267338396262e-02
-1.892608138115333682e-01 2.363050360232646016e-02
-2.080348940870809515e-01 1.750498826760010784e-02
-1.823329753017645383e-01 3.134312336543919331e-02
-2.226822279101319246e-01 5.000251671477374399e-02
-1.951869756829860136e-01 4.771065277250403913e-02
-1.928127717681934472e-01 6.910257846709111362e-02
-2.184626521574380420e-01 7.559528483935737397e-02
-2.258061813065932455e-01 8.844934354090747131e-02
-2.313639919825404290e-01 6.898414237689595718e-02
-2.364024518007333542e-01 6.443551916444245631e-02
-2.433055791541222368e-01 5.622697873559486664e-02
-2.440671759939745111e-01 5.180219874094629806e-02
-2.313247673958119255e-01 8.737075072062924774e-02
-2.161164753262806992e-01 8.623488733765526104e-02
-2.233327161925051929e-01 9.016458606272717557e-02
-2.006252463482321724e-01 1.362020702647664117e-01
-1.848587454191409074e-01 1.345260273352486269e-01
-1.845504641621044939e-01 1.361170475571274463e-01
-1.991243976858610987e-01 9.583587976667534702e-02
-1.910610123891879064e-01 9.645198404959481886e-02
-1.929115330789580030e-01 9.807493048565026073e-02
-1.629665604429441084e-01 9.520123795073316686e-02
-1.678163290036547295e-01 1.208054618541510583e-01
-1.908920167398249768e-01 1.121385694655383097e-01
-1.772363784474222104e-01 1.256030253892795323e-01
-1.893291818996161724e-01 1.297565741985105270e-01
-1.661079099602824627e-01 1.401123066630333702e-01
-1.460871910033025300e-01 1.554712984616947735e-01
-1.355887653576202390e-01 1.511318661022302834e-01
-1.035657394354991823e-01 1.882559878754722082e-01
-9.817700772367009276e-02 1.727527115838278227e-01
-4.513967190324105067e-02 1.887288324368971426e-01
-1.676592806901814822e-02 1.306071012080186611e-01
-5.470856315709867607e-02 1.840895336106672109e-01
-3.544420470760931141e-02 1.622238593895617420e-01
-6.134312956297283126e-02 1.531926232451666092e-01
-8.419612529008069224e-02 1.749684508343094524e-01
-1.382018326754514137e-01 1.414600727942767477e-01
-5.916658990479312791e-02 1.123843229988285009e-01
-5.391327799599819615e-02 1.757603242561862067e-01
-6.064060288452774450e-02 3.552931073000342027e-02
-1.661611147629265053e-02 4.824969923837767877e-02
1.845951708597223795e-02 1.178918782144642262e-02
-1.297185743386828835e-03 6.972140297676650278e-02
1.170675620269288723e-02 1.697294857263527759e-02
4.752965146692282074e-03 7.188434566690438121e-02
-3.532835554056181632e-02 8.303813350813668559e-02
2.536201124722193157e-03 2.662267180194740138e-02
7.393234732082598799e-03 1.462568864966087845e-02
2.257840695705742515e-02 2.585016906064493275e-02
8.139584971740903077e-03 4.261511401555221484e-02
-7.250816489615149844e-03 1.042041054209969370e-01
7.156029292671651403e-04 6.030286986154289458e-02
2.443046896979795494e-03 7.610529611305837105e-02
-7.560929838117498580e-02 8.341610755786295350e-02
-8.401955632947388786e-02 1.312894990416175189e-01
-1.033197609523700822e-01 1.263171828075446979e-01
-1.893506604434959661e-01 1.306580648437489500e-01
-1.728115151380184844e-01 1.497839500044276240e-01
-1.780412323081526083e-01 1.659429634080202276e-01
-1.391174451716891414e-01 1.649194583038526285e-01
1.932950975487553735e-01 5.683775503992196526e-02
2.064972869547340717e-01 3.697281384639910379e-02
2.209093565721692853e-01 2.737108824753362729e-02
1.839666443468088441e-01 4.912001766797364360e-02
1.831315139040539386e-01 3.921780907315455811e-02
2.211767469473740477e-01 -3.963720721914548023e-02
9.437358917299148997e-02 -2.557928988006791596e-02
2.182171069110357409e-01 -6.172195550607058323e-03
2.234956465276926041e-01 -1.763214949552921115e-02
1.637639493016123382e-01 3.702447732607271058e-02
1.357178532392623871e-01 -3.025013375546962632e-02
1.840774696341203054e-01 2.241506629670086959e-02
-5.588468422976510669e-02 -7.904859708447570764e-04
-1.175751738356813070e-01 8.979116099863254652e-02
-1.240132215628260287e-01 9.352011282115074708e-02
-1.529389631416119277e-01 1.229250308827535831e-01
-1.261668163374351503e-01 1.806858425922866496e-01
-1.228027248221813250e-01 1.737294271214985808e-01
-1.157152968989069441e-01 1.531500494052807637e-01
-1.961535101575764550e-01 1.025281374747588070e-01
-2.357461314854989998e-01 6.735214795843033619e-02
-2.347389727362934331e-01 4.746120006408483666e-02
-2.030683515655405946e-01 5.542413276046377624e-02
-2.067230032894086800e-01 4.187329609857452090e-02
-2.109208172280552518e-01 5.960894543156789599e-02
-1.613778813656852329e-01 5.860980989328406360e-02
-2.163064829568945302e-01 4.399698087608185093e-02
-2.382121482604759310e-01 4.914630763896381954e-02
-2.105839423470485250e-01 2.410183808381414008e-02
-1.630219814180753624e-01 4.870080698018182386e-02
-2.356819791240271911e-01 5.902113483950015976e-02
-2.299065003187536760e-01 5.438456040576390010e-02
-2.448730796206198823e-01 6.713407991827922972e-02
-1.922443651826020450e-01 5.539423942631301057e-02
-1.811454567705924612e-01 5.043860280622285835e-02
-1.596677960272098185e-01 7.294938317651836202e-02
-1.538639568792804502e-01 3.731966150359826428e-02
-1.647365324274272513e-01 4.212225308420053382e-02
-2.019873759432648241e-01 3.004181979027866628e-02
-2.173246892426340671e-01 4.507189951565759856e-02
-2.195373625101258996e-01 4.918635704176837348e-02
-2.350592513180726484e-01 7.570459379812495559e-02
-2.205674328169999754e-01 5.377065146664285200e-02
-2.283031245186848968e-01 5.413946922477722717e-02
-1.983837128495535562e-01 6.987915113418305402e-02
-2.246035828047375504e-01 4.101417100633406032e-02
-1.910114900987218423e-01 4.795938897402888396e-02
-1.835134454046502273e-01 8.310108613713423908e-02
-1.792746072805637692e-01 1.277899627289029727e-01
-1.889033435230515201e-01 1.187673329987156967e-01
-1.724213354766615247e-01 7.889030009110954700e-02
-7.387655976077205089e-02 1.235572399078451317e-01
-3.576719101893115205e-02 9.075930344799752747e-02
5.788310943862982200e-02 6.351115445317535857e-02
2.353203930866405447e-01 6.058459037463487934e-02
-1.679124075793031745e-01 1.805085654562610109e-01
-1.414968146013015071e-01 1.763419445619456849e-01
-1.271510052086436138e-01 1.590449515805980596e-01
-1.597801209801141473e-02 1.272635384484358256e-01
4.366650040253352433e-02 1.035376956889129396e-01
-2.351142390564770461e-05 1.312744940542135419e-01
1.365014951633295170e-01 1.102593635055672400e-01
1.410482812854317591e-01 9.796944567414443694e-02
1.853452036115586787e-01 5.162872908923138437e-02
1.494659875728417964e-01 2.175941458237667589e-02
6.853831679056883452e-02 1.332732816822631942e-02
-8.219386343674094098e-02 3.320986127230083490e-02
-1.199981002192904017e-01 2.683190847805173862e-02
-9.689867610937556719e-02 1.882282357305290268e-02
1.957952400474450849e-01 6.649162317830320523e-02
1.784827338586870149e-01 6.440315971353900715e-02
2.285659992341600721e-01 4.272861370650424956e-02
2.179568316159214980e-01 2.759094130631399924e-02
1.501848272803468776e-01 3.996733777072214444e-02
1.744252386306779090e-01 2.594882206222777488e-02
1.670750609640610784e-01 1.038643811753637951e-02
2.128726319971467051e-01 -1.934498838666260561e-03
2.208157274503224909e-01 -2.416902101950484452e-02
2.183515269370080170e-01 -4.018408527200399011e-02
2.425643277774796325e-01 -3.424861297666240145e-02
2.375255347002660500e-01 -3.752384930554000797e-02
2.387659247750615332e-01 -5.967988377984735637e-02
2.418348237813142954e-01 -5.275457387289759353e-02
2.644515638572200178e-01 -3.804272110345208874e-02
2.534818932934118640e-01 -3.083622389784334769e-02
2.586661372701806183e-01 -5.264627302266743081e-02
2.298979188989723754e-01 -3.487632925358204877e-02
2.401393851767956999e-01 -6.124261864234996355e-02
1.772454597557344413e-01 -1.430548505116131797e-01
2.403435396528353918e-01 -9.374408787744258065e-02
2.582579949476115910e-01 -8.594981757140592038e-02
2.355611560660967330e-01 -7.307192251840506636e-02
2.442215748982337065e-01 -6.420818235778000260e-02
2.440334501810864642e-01 -7.423226377644452645e-02
2.466341869151542077e-01 -7.618286215011067786e-02
2.477252436228040977e-01 -3.290892421093161158e-02
1.635083229698359175e-01 -9.011410356970794150e-03
1.274941703536647819e-01 -7.660777573289306863e-02
1.835854126901558803e-01 2.841516376474980624e-03
1.869879039760621586e-01 2.812881719987766344e-02
2.265738267976699916e-01 2.031500125228088982e-02
2.363868552785677313e-01 1.049039410328504035e-02
2.217737471569357355e-01 3.813288849722206580e-02
2.278873005756902603e-01 7.173742842765838679e-02
2.543138244495686817e-01 -5.010332756851517549e-02
2.455714072354049926e-01 -4.534851699999613989e-02
1.892547984862109345e-01 -1.781846628248952291e-02
2.404626131009074963e-01 -6.135523519689731892e-02
2.755237948846279705e-01 -1.700979035736623762e-02
2.383449186542960507e-01 -2.877154262993906336e-02
1.255263841460095009e-01 -9.114720028506313743e-02
7.745340383479790147e-02 -1.457563647735203027e-01
1.633619722709249988e-01 -7.951015353801113572e-02
1.026811283596558294e-01 -5.305455281458249656e-02
1.197447733747563359e-01 -1.418317232540864947e-01
1.200112972765074587e-01 -1.678327253474698466e-01
8.058942953928165120e-02 -1.754419952396777116e-01
7.548142689495816737e-02 -1.741301211049564868e-01
3.179985068747875898e-02 -1.250239211891258362e-01
1.975741933625342964e-02 -1.074883064175295583e-01
1.555585623362474787e-02 -1.123863808732809000e-01
-2.408622906443524947e-02 -1.362328050779442745e-01
1.172440226783539596e-01 -5.489351358207439358e-02
2.092313106341039119e-01 -8.139542481215772396e-02
1.884647413259966375e-01 -1.280098470307165504e-01
5.734959507249869082e-02 -9.158822694149314214e-02
3.431791419000300436e-02 -1.110781475933600992e-01
-3.079077569890454474e-02 -1.363077217057825363e-01
-3.454968750737764244e-02 -8.253158812825027446e-02
-5.419542341434148425e-02 -1.002071550255613092e-01
-5.938359151607820741e-02 -6.006974684513469859e-02
-6.381302880554011459e-02 -6.906617408482472464e-02
-6.995907497880632375e-02 -5.843596949090869297e-02
-3.531066365230396686e-02 -6.236948403176685585e-02
-2.907708908013741447e-02 -5.442583036973152461e-02
-3.884859556993317670e-02 -5.778333168785234480e-02
-2.476760837515229810e-02 -5.946463594415835746e-02
