1.865973182549805487e-01 2.352008778487490320e-02
1.833894412430810694e-01 6.922571980142883108e-02
1.745634191663975598e-01 4.690668373339330899e-02
1.784287135656087431e-01 7.585759573086085783e-02
1.651804913497022798e-01 1.248778320119009327e-01
1.612924959358057186e-01 1.126809778685344543e-01
1.955291992735624373e-01 9.606533436030338657e-02
1.722758140536237437e-01 7.086499667834039728e-02
1.798585026804194187e-01 8.148442390252784440e-02
1.547929468071664039e-01 7.046250656353728048e-02
1.627069927875592070e-01 1.078535327582958864e-01
1.541351920905225659e-01 9.795970092755011682e-02
1.562060818479123203e-01 9.165718960991978137e-02
1.882469461449173542e-01 6.592096680280919163e-02
1.444108495086606769e-01 9.901389881837642515e-02
1.508730175498268489e-01 1.080743335467025668e-01
1.599337583732877432e-01 1.216283260616790873e-01
1.464101005108462417e-01 1.380100254312288111e-01
1.714014314373486225e-01 6.113400121242790197e-02
1.726864313065957224e-01 1.004764213720840266e-01
1.603786332939907966e-01 1.274386114153165384e-01
1.623671397322636323e-01 1.055358803476033197e-01
1.678265151247185782e-01 9.615662567252472592e-02
1.469361468638063217e-01 1.188401242200036040e-01
1.511018892548470494e-01 1.287117297958647877e-01
1.466082752466413563e-01 1.083705087003249828e-01
1.327726752077194594e-01 1.365601589743160871e-01
1.120988848717226066e-01 1.382843616340146409e-01
1.156545983997784022e-01 1.430515872116260301e-01
9.712986452363646384e-02 1.488651833901900590e-01
1.116344073687182969e-01 1.468780762439616805e-01
1.325429039578135404e-01 1.396990458909526667e-01
9.808903549222991458e-02 1.501059306485314770e-01
1.013757850994562448e-01 1.600680029538020799e-01
8.660466462622790074e-02 1.522221974479340822e-01
7.363871834609161948e-02 1.393630283951003412e-01
5.297522280156464342e-02 1.441040922089521226e-01
9.123657741377315389e-02 1.266649028641679275e-01
8.521783502654969866e-02 1.692902870463230125e-01
7.778748182741444805e-02 1.736477074600953352e-01
6.570126545815171970e-02 1.665241615353844906e-01
6.192218993750073924e-02 1.751429259716629772e-01
5.662954893771719039e-02 1.472507252065490269e-01
5.627010579379933264e-02 1.611661348667203786e-01
5.829140813936394688e-02 1.687134164073199050e-01
8.027121271263257252e-02 1.459649007544900068e-01
5.586111271909321996e-02 1.697051521501442284e-01
4.936040480172958905e-02 1.793263843994807594e-01
1.652319965412490932e-02 1.762661077109127228e-01
-2.535766121095150635e-02 1.889426316709089393e-01
2.489302285183047844e-03 1.849395569800353911e-01
-4.214544887484723140e-02 1.777700093293633210e-01
6.046737598371657030e-02 1.198574470173549844e-01
3.540480609973696915e-03 1.817022698478445442e-01
-2.563157731378202381e-02 1.575714785413204200e-01
-2.167842424064605339e-02 1.713234833742654228e-01
-8.960507160517987291e-03 1.442750806993122192e-01
1.471076507184238512e-02 1.605447117685163405e-01
-1.190017924258533408e-02 1.422831759803599994e-01
-1.914207778816282360e-02 1.575711537056672384e-01
-2.163827111815182225e-02 1.553185184003256780e-01
-2.872343021423256343e-02 1.455611800123085275e-01
-4.059369021910857328e-02 1.491563610722251576e-01
-1.624643030736000471e-02 1.484445836877223979e-01
-2.681216594618121216e-02 1.614776897391527466e-01
-5.021440085734818481e-02 1.202265852561522352e-01
-5.063634363030493357e-02 1.161155776726715966e-01
-5.635791136958851616e-02 1.294141993895361609e-01
-5.437633892314307910e-02 1.170470189207949013e-01
-7.493826085765781242e-02 1.150134977571992956e-01
-5.973507773150840000e-02 1.175330855010564279e-01
-8.057592104899032048e-02 9.925172224437740776e-02
-9.301428425365343422e-02 9.979272353106252713e-02
-1.027458981566748558e-01 9.734133253385382489e-02
-9.310195239897395281e-02 4.919576934712487776e-02
-1.225082933524530154e-01 6.560924951255021897e-02
-9.328160525569856310e-02 8.005733342237432437e-02
-8.656921381215536282e-02 4.974063742745069017e-02
-9.512967649552826754e-02 2.977582276844794457e-02
-9.456940995587403975e-02 3.385056120188362216e-02
-1.111781132254382187e-01 2.517304055512713593e-02
-7.850870443321722458e-02 3.958396982540940412e-02
-1.282002635662607137e-01 4.911000024100753425e-02
-1.225390652837519273e-01 6.066026589330807822e-02
-1.196590973700543264e-01 1.267866662593929508e-02
-1.283737757797723811e-01 3.612328634300620862e-03
-1.505715700636798271e-01 3.078504966182786257e-03
-1.314835774117707468e-01 -3.810191028121512596e-03
-9.868241652798960539e-02 1.370078699601449523e-03
-1.087062638289189448e-01 2.264938768047569662e-02
-9.579141044892351686e-02 -1.892229211117231469e-02
-1.134228400319928498e-01 -4.227324359359418277e-02
-1.393856544477119486e-01 -9.541183374134824813e-02
-1.323067359442758606e-01 -1.123834034228675949e-01
-9.328363547853089910e-02 -1.653387550280331630e-02
-1.307574947648493247e-01 -3.146613944736473961e-02
-1.395854283744149826e-01 -6.731793502297014897e-02
-1.562624033527014178e-01 -4.676513347410227173e-02
-1.577644184256278004e-01 -3.817164687379640681e-02
-1.582491107012028164e-01 -3.717097502709002660e-02
-1.551605233360926206e-01 -5.992516905701100738e-02
-1.503319912757838106e-01 -3.349541588353086019e-02
-1.410375811745789021e-01 -3.376151562845684101e-02
-1.563015585425880372e-01 -6.866279210815434859e-03
-1.339107743996573452e-01 -1.876417367185944166e-02
-1.710672005375887816e-01 -3.846047574418545723e-02
-1.700719040962585249e-01 -2.618659026143008856e-02
-1.664076080042892758e-01 -1.629023939266233470e-02
-1.651623130468034273e-01 -5.038479589795728103e-02
-1.763792879486864862e-01 -6.428047803903769175e-02
-1.735112015236877359e-01 -5.135710396998588445e-02
-1.384757647958089199e-01 -4.727622489333729167e-02
-1.433362431932396763e-01 -6.228876072527000929e-02
-1.441449465391784479e-01 -3.775742207102231879e-02
-1.474602691902052731e-01 -3.976452535043946412e-02
-1.370454134654446876e-01 3.525838018222854971e-03
-1.373935748172541715e-01 -3.086475621022584728e-02
-1.134002514604181833e-01 -2.271801233562880176e-02
-1.491373831738723177e-01 -2.977817782693346904e-02
-1.495924654302924761e-01 -1.199976323422187290e-02
-1.480417499967476569e-01 1.516248496691019736e-04
-1.536120567647620838e-01 2.224658522369837507e-02
-1.606730593325576273e-01 -3.282136003925314321e-02
-1.588803163500390192e-01 2.766405057005416265e-02
-1.654269791420677760e-01 -3.028084772568892438e-03
-1.504968828508073675e-01 2.226364378061971086e-02
-1.456725111855949883e-01 1.235348427317224836e-02
-1.747926157070709419e-01 -9.463130207977310006e-04
-1.757582146734935624e-01 6.960100493027848029e-03
-1.823858489989158560e-01 -1.277877769465730895e-02
-1.914825841114843885e-01 -1.024673921885333600e-02
-1.785085356805371781e-01 -2.666382849579064171e-02
-1.479612032484390605e-01 -6.391780527910653764e-02
-1.768369189156161758e-01 -2.756238638086940321e-02
-1.799322528673692745e-01 -3.456989101532270681e-02
-1.988816156574461369e-01 -5.177088212373685827e-02
-1.718474182954798646e-01 -5.319843487001220395e-02
-1.633263544287334723e-01 -5.188445591239814608e-02
-1.621553968611089691e-01 -6.358019483918578296e-02
-1.809880561959429923e-01 -6.588624686895629134e-02
-1.609810285191261292e-01 -8.566349704902775919e-02
-1.185373274165280044e-01 -1.167720705277396354e-01
-1.154029632116779641e-01 -1.137365188298498503e-01
-1.138552712484434959e-01 -1.288684505048430795e-01
-8.259962218091684849e-02 -1.242245250449697941e-01
-8.372983786142573770e-02 -1.291569545395789553e-01
1.717463725434040245e-02 -1.649756574830170963e-01
-3.964181868245235038e-03 -1.594077619950435287e-01
-8.831094510344643118e-04 -1.473439905200473465e-01
-4.398590521734576514e-02 -1.545418363535826234e-01
-2.614385719422890331e-02 -1.295618621812624216e-01
-6.658557430236713981e-02 -1.613695819350400851e-01
-6.438043996446302097e-02 -1.450043492343705831e-01
-3.285293468942576678e-02 -1.284533230337635279e-01
-1.515808094507387245e-02 -1.635365480836960539e-01
7.416959975281241929e-03 -1.883885619960229962e-01
2.019997536967360965e-02 -1.804917198115695287e-01
-6.537198205526333072e-02 -1.595336857853649759e-01
-7.821633985168015279e-02 -1.601967253282124137e-01
-8.819452900281984919e-02 -1.616379461592790667e-01
-4.383877965381512143e-02 -1.759881108601891730e-01
-4.199564654059762675e-02 -1.767702401509624044e-01
-5.946044168042733530e-02 -1.789231384171000583e-01
-1.366773184488412861e-02 -1.785042503486510557e-01
6.624866975530808349e-04 -1.816210734282296124e-01
7.959321511264034685e-03 -1.906770291726456179e-01
3.742395640909929435e-04 -1.934958780088303354e-01
-4.608079923630831708e-03 -1.872046484833083668e-01
-5.049588188279400570e-03 -1.882645372449047172e-01
-2.027415815025773380e-02 -1.716377243876759939e-01
-3.494410793462057047e-02 -1.794607664104637401e-01
-1.611423781361621607e-02 -1.775390261925974822e-01
-4.625835237411130701e-02 -1.750036964132402895e-01
-3.048923994831528178e-02 -1.705061468961595605e-01
-4.004762586902155252e-02 -1.688844673660748474e-01
-1.060984301070889979e-02 -1.525668855569903837e-01
-1.337954639896194592e-02 -1.607521068393900354e-01
-5.491971400883217686e-04 -1.486951943941474397e-01
-1.515237133378536175e-02 -1.649863270848559993e-01
-1.487515846141708453e-02 -1.514820719058522780e-01
-3.721705171512509902e-02 -1.521444367900354200e-01
-4.292995821146390611e-02 -1.685178153693922820e-01
-4.553392513965315996e-02 -1.365126330195207127e-01
-6.463762859286487084e-02 -1.577846207045195404e-01
-5.310923000217857709e-02 -1.510337737171119077e-01
-5.776164491691081204e-02 -1.708106053589379392e-01
-6.630098078914833937e-02 -1.563988468207141713e-01
-6.679329420889401625e-02 -1.591528159820164989e-01
-8.594916501863783531e-02 -1.349178273928967886e-01
-8.249107085120081784e-02 -1.300663819253601305e-01
-6.514995063947826015e-02 -1.073451524673969953e-01
-7.137601313550161197e-02 -1.591891101194194136e-01
-7.052951641068373745e-02 -1.698850861146456170e-01
-6.293631435303623234e-02 -1.436834925064844615e-01
-7.190841252421704966e-02 -1.493698155773984793e-01
-6.634518967217764573e-02 -1.771931761713971265e-01
-6.766399743671296096e-02 -1.734706970164725248e-01
-5.333027441732514362e-02 -1.632763047507864718e-01
-6.222208820745570024e-02 -1.671055049114582580e-01
-5.025779765124455817e-02 -1.617593222504560557e-01
-5.365509132998236286e-02 -1.662313596750835398e-01
-5.660283745208297135e-02 -1.735473957116588917e-01
-5.545068287130575785e-02 -1.670473968105767038e-01
-4.473535729077741246e-02 -1.737803403560227444e-01
-2.076878602403228399e-02 -1.617561863370350350e-01
-6.137746553448306802e-02 -1.693627253969811897e-01
-5.846557002418198423e-02 -1.526169477286163367e-01
-5.286367923573570549e-02 -1.593625848518941956e-01
-6.552516080625410411e-02 -1.719983294437379129e-01
-6.923539615578977457e-02 -1.690264830149074415e-01
-6.239205846297986996e-02 -1.374169754779617780e-01
-5.652229070377437492e-02 -1.342898576069133654e-01
-6.880011638053436240e-02 -1.504590270035334187e-01
-5.407103089019484748e-02 -1.557668915511398466e-01
-4.979222070449103310e-02 -1.539803329397105291e-01
-5.816595286200380854e-02 -1.814374288410746383e-01
-4.270792679567884942e-02 -1.789646923933486122e-01
-3.351158582753557824e-02 -1.731293946944166273e-01
-2.903224272413140045e-02 -1.859084792650635976e-01
-1.573387556597582310e-02 -1.807064861530345290e-01
1.244493566065536273e-02 -1.542379151189998687e-01
-2.615013214449073142e-02 -1.762148086650688894e-01
-1.050811635312929801e-02 -1.679413820091530674e-01
-3.369675152010494223e-02 -1.836593296961541999e-01
-1.369600660209925255e-02 -1.734755695512701645e-01
-1.807236743318751601e-02 -1.596164439148509695e-01
3.161422390075619565e-02 -1.327813458209234632e-01
6.542612341307242618e-02 -1.253641109847049018e-01
9.210141485931648553e-02 -1.067855231053701365e-01
9.554893312750684098e-02 -1.005549129102023403e-01
8.003871159387208889e-02 -1.149354997194002304e-01
5.437362154796747393e-02 -1.260510634290976650e-01
-2.385325516021255879e-02 -1.519586557837768748e-01
-2.889899139109504758e-02 -1.643186398934323722e-01
-2.542124466664090476e-02 -1.660310485201848540e-01
-5.195016173180228188e-03 -1.585996583456952269e-01
6.326883986561689099e-02 -1.275918338941836871e-01
4.128584315737186816e-02 -1.380306400015265111e-01
1.073151926252310234e-01 -9.858021198718946998e-02
6.538288279016316040e-02 -6.432865991197893318e-02
1.351517153100227631e-02 -8.005842037244456644e-02
-1.671461530959815825e-02 -1.314940970894620531e-01
2.245517344091354714e-02 -1.122936363394803905e-01
7.079904254706675948e-02 -9.430076462385827973e-02
4.202534401550526294e-02 -1.220389932893669455e-01
7.597472397118862353e-02 -6.966419171166063351e-02
7.722544743218620611e-02 -8.210772729941660797e-02
8.714301100613225382e-02 -8.488509087458709357e-02
7.324029492379267869e-02 -7.426799996836670748e-02
1.138699388275522667e-01 -5.462986065676772585e-02
1.173408702501292089e-01 -5.317879480667404846e-02
8.050202718473234431e-02 -1.270074920351575709e-01
4.101761324018179944e-02 -1.466721679208852214e-01
1.304502377179820316e-01 -8.525135556722164554e-02
1.491035128101892704e-01 -8.207270751726848668e-02
1.533857337702514423e-01 -4.647508647001381138e-02
1.456327313117599387e-01 -6.626476161381925079e-02
1.472547606648557939e-01 -5.055222056639166461e-02
1.445885471046267357e-01 1.697650624642169440e-02
1.399163234618902851e-01 -1.966530252181339800e-03
1.380447953397975769e-01 -8.485627108062698473e-03
1.301585977698251073e-01 1.453792283186537519e-02
1.165082789900030447e-01 1.020178852363528080e-02
8.104600821385139764e-02 1.701694047669271084e-02
2.507575383871089164e-02 2.589895922251212249e-02
2.509383531559775810e-02 1.963030577488586448e-02
1.430522493766113457e-02 7.532570233614361947e-03
-7.471188788843127239e-03 7.895143044113773698e-03
1.999063597001046830e-03 2.308002293057464030e-02
8.089044317017766994e-02 2.146864131537953510e-02
6.623404590407569459e-02 4.741581676845005311e-02
3.401776723093605931e-02 1.001789031479725228e-01
-5.353229095940299255e-03 8.834484670132689010e-02
2.885214009496394130e-02 6.124893681209673396e-02
1.562289577741032831e-02 5.572108981205605577e-02
-2.111573548898184119e-02 4.816849845789499679e-02
1.917334790491059468e-02 6.453129489116571360e-02
3.683114383573265344e-02 9.645821058914039181e-02
6.678935870001899422e-02 7.280454663557596462e-02
5.619376941530305342e-02 9.125441838733987232e-02
8.937033411788405934e-02 1.098173641806063500e-01
7.669287313196519740e-02 1.258936555677760971e-01
9.187766556267328022e-02 1.156117325872381835e-01
8.198631997404220995e-02 1.148561148832356882e-01
1.043890168398691753e-01 1.435726111056408461e-01
9.319296728854811057e-03 1.264844566588288477e-01
-1.758162665528197402e-02 9.495923772704278898e-02
4.753019639940479768e-02 9.994228536199198376e-02
3.969167470837533379e-02 1.162198499173409810e-01
4.197754319977256565e-02 1.158676281198667973e-01
4.195066929631176278e-02 -1.733685362035487744e-03
1.141584178749302098e-01 -8.350780019880120475e-02
9.407134944380295127e-02 -1.011856437992377511e-01
8.563517387880663356e-02 -1.176604335707802651e-01
7.933255011806558676e-02 -1.159221505348844439e-01
6.016620960534632689e-02 -7.728348681783342444e-02
1.371752852583201232e-01 -7.997627443322802288e-02
6.309049884518395934e-02 -9.197414799850595069e-02
8.255165582393782578e-03 2.323853023564539932e-02
-4.965394066566994336e-02 6.134444474096986677e-02
-1.056456373173397939e-01 1.100605536417242070e-01
-1.595486906938059224e-01 1.114586587866712858e-01
-1.788261125062322876e-01 1.089234914251406977e-01
-1.545611141002307121e-01 4.517222688668152963e-02
-1.160881415536572092e-01 7.730688747854103093e-02
-7.492847206018615758e-02 4.686912461099487087e-02
-8.906436391995049828e-02 5.679269139768518965e-02
-8.307233926520075917e-02 6.402871166730809971e-02
-1.067597361519795757e-01 8.688149331796789221e-02
-8.597338401531787189e-02 5.863964445324724301e-03
-1.012361932243434764e-01 9.146589264439672351e-02
-1.050934416942990723e-01 9.935125313787832035e-02
-9.713635498986049333e-02 5.482109515389593790e-02
-1.004369226060257553e-01 1.013931263258642385e-01
-1.053473007572558739e-01 1.229386880992318215e-01
-9.627681486419971402e-02 1.205631649675581035e-01
-9.746050349069292074e-02 9.311959972051667145e-02
-9.417227962934832108e-02 1.282794235162038332e-01
-9.178804215659422394e-02 1.206623772722453386e-01
-8.368977687981389579e-02 1.379357754971202443e-01
-9.298367474018109924e-02 1.280568111443467494e-01
-9.215010897309541815e-02 1.695085766052570608e-01
-8.845810814801396971e-02 1.343374960048194788e-01
-9.642051715969304770e-02 1.641435159953337775e-01
-8.231898916393100285e-02 1.361908708113712396e-01
-6.645099863936014539e-02 1.053285852261613559e-01
-9.035608538848254045e-02 1.217235154017385218e-01
-1.002765037680728444e-01 1.324326222535603947e-01
-1.017062241676491979e-01 1.144885008732725723e-01
9.001915897748530987e-03 -2.434685386718209860e-02
-4.545986339158404610e-03 -2.070529314751540576e-02
-2.940028151917944282e-02 5.180450105213067064e-03
-2.738071267157168170e-02 2.283981321189071031e-02
-9.267990342974596896e-02 1.174075989894988736e-01
-5.433231744529829627e-02 6.224576372910061578e-02
-7.273476319169855375e-02 3.895643107135039057e-02
-1.183072188372899375e-01 1.163954985499562472e-01
-5.194018396743622229e-02 7.565809666509511200e-02
7.259288497333458989e-02 -9.080202227189790309e-02
-7.208077531926365689e-02 7.961670635252049433e-02
-7.701618455630673821e-02 6.293680785335548089e-02
-1.016505710746849339e-01 1.127706075214530007e-01
-1.253385364238568112e-01 9.680427924972269393e-02
-1.008632569071398616e-01 9.063235811150846533e-02
-8.218616886281905620e-02 1.065312142699704895e-01
-1.134941164705069866e-01 3.188246318820549957e-02
-1.456167144153225901e-01 2.960895406872765187e-02
-1.451609575002381636e-01 3.515880868427097988e-02
-1.340796514582718035e-01 4.672111199625748196e-02
-1.158190027213222006e-01 3.755018629455546264e-02
-8.467412261152845732e-02 3.073916662581679948e-02
-5.050524121005112860e-02 6.968249495134919147e-02
-3.818731707064239311e-02 9.600643291080736275e-02
-5.513256881741502441e-02 1.036021024700510967e-01
-4.057450305163301518e-02 1.202994733792532717e-01
-4.103681290133632392e-02 6.797757628513820261e-02
-1.295375869630270278e-04 1.537059092811719208e-01
-5.864662841979052105e-02 1.102442981783109260e-01
-2.546865505490584006e-02 1.214991789021838131e-01
-3.659138154692677652e-03 1.754720469567247754e-01
-1.476449726166528115e-02 1.641622690074651947e-01
2.492307795829858206e-03 1.695552904709195230e-01
-3.602864672482137523e-05 8.716889166211506945e-02
4.378749622507001338e-02 1.678796882224076192e-01
3.676541771410019727e-02 1.747362067465290936e-01
5.111065678207703938e-02 1.822948450413107990e-01
7.643553457941573703e-02 1.353617777813561907e-01
8.888404265140109617e-02 1.488537141928971685e-01
7.336804279124350958e-02 1.558748119500679707e-01
3.172065130504762159e-02 8.724710833929608111e-02
2.212577759491444335e-02 9.397555416031354303e-02
1.158497153076460187e-02 9.196428423896048365e-02
9.111648192469042062e-02 1.563033201513225612e-01
1.320273522951868339e-01 1.788609323895169190e-01
1.292483832822689249e-01 1.819540299727346599e-01
1.123353027588396558e-01 1.450117579859987738e-01
1.276120986414702729e-01 1.528457819525996519e-01
1.240512002366426364e-01 1.519986730375123274e-01
1.428690045871833514e-01 1.566303172109597686e-01
1.146846516330747995e-01 1.536954770592333930e-01
1.358359128982029873e-01 1.354335039923131589e-01
1.323437172340220236e-01 1.345366202602161498e-01
1.375642509656400392e-01 1.498027215536499035e-01
1.277637843978243481e-01 1.447641957372420018e-01
1.235851985048041918e-01 1.475081574616907421e-01
1.463931091074493762e-01 1.512530127956475678e-01
1.332876271737556961e-01 1.419185104786334084e-01
1.498733233334997583e-01 1.570775159559509304e-01
1.355715341575549071e-01 1.432018986632935809e-01
1.422543655566591014e-01 1.520547946434379072e-01
1.355556047168703093e-01 1.469958916366327084e-01
1.444123862311737783e-01 1.466475303859597346e-01
1.527714320690593264e-01 1.450286119589269951e-01
1.541151147484205175e-01 1.415060191738161666e-01
1.462411235028000522e-01 1.387950907365596009e-01
1.492734768188739569e-01 1.387592463715995594e-01
1.501587039484935382e-01 1.315382747382939643e-01
1.606394513361329157e-01 1.314211340042872322e-01
1.592392347594402124e-01 1.311526198559006262e-01
1.421877742477581086e-01 1.341608103968498500e-01
1.390043348719205984e-01 1.341987661935555298e-01
1.540330312775987920e-01 1.275991926710960123e-01
1.488690564306702491e-01 1.311034322418024312e-01
1.387921922030389554e-01 1.129384975794289481e-01
1.356541048818563633e-01 1.188964582184716540e-01
1.510015775064106058e-01 1.309005224016783486e-01
1.365370581619037293e-01 1.382229052271695957e-01
1.451334714065078968e-01 1.228920866766800846e-01
1.362737288902889643e-01 1.245498479516252421e-01
1.455001109095115097e-01 1.296360496469761703e-01
1.357569278597654250e-01 1.450250012857051685e-01
1.444081383803245688e-01 1.294500437544961746e-01
1.617289251295262187e-01 1.036917820976855226e-01
1.577436664248614562e-01 8.917985548833341769e-02
-5.233647721747106824e-02 9.708729231255200376e-02
-1.198612201084034018e-01 2.430952275442483171e-02
-1.061364764829672014e-01 8.817580097804637862e-02
-1.614317130005494261e-01 2.848238263820282359e-03
-1.262963893093191070e-01 3.024694066182390464e-02
-1.337714823728398117e-01 -2.793728420567103896e-02
-1.768446774902554808e-01 2.901061928925702249e-02
-1.639578599258649239e-01 -2.250298831203508335e-02
-1.774640016503928608e-01 -3.756131191567673583e-02
-1.746527114899839583e-01 -1.001075626793536920e-02
-1.628331914388179424e-01 -8.220110505602565287e-02
-1.576471402611523964e-01 -3.152525953624270988e-02
-1.523271443512677625e-01 -6.796833096270166186e-02
-1.271932230667002506e-01 -8.117924080636930440e-02
-1.585963350270896688e-01 -1.038889136112867706e-01
-1.487302516573324740e-01 -1.108324755967803332e-01
-1.501089541188417864e-01 -1.378111135683745825e-01
-1.695911723169164498e-01 -1.312210227482520364e-01
-1.540763718499398305e-01 -1.163685246970636994e-01
-1.632227943237652690e-01 -1.416247341113729130e-01
-1.423840374506710471e-01 -1.362843485174120017e-01
-1.192262413685187677e-01 -1.383313128795775060e-01
-1.201779973386445377e-01 -1.264963756285646113e-01
-1.336806533267403119e-01 -1.210541665510121018e-01
-1.244611428309503470e-01 -1.554389199845431224e-01
-1.465798896080253710e-01 -1.619301483229895755e-01
-1.227568426018482844e-01 -1.373198870986991615e-01
-1.328140917534993692e-01 -1.395307810226076584e-01
-1.326460267840178509e-01 -1.539718872127279758e-01
-1.387261880970494521e-01 -1.659951541805089470e-01
-1.079666255403168990e-01 -1.702082975895554129e-01
-1.020919227779189253e-01 -1.600406293031825244e-01
-1.469069116550205112e-01 -1.495367061410569631e-01
-1.265570824146715623e-01 -1.392055080906680897e-01
-1.310164512488251609e-01 -1.403358237206087378e-01
-1.674060653463985415e-01 -1.062661233896212004e-01
-1.589788664897409387e-01 -1.161840430334178526e-01
-1.441283549335085623e-01 -1.392115175502518509e-01
-1.337414225812421087e-01 -1.448560117839799988e-01
-1.393092056261049372e-01 -1.422347629743578590e-01
-1.203849676244333061e-01 -1.430122945912707388e-01
-1.224421393223159016e-01 -1.594862722736803129e-01
-1.433887916069803148e-01 -1.609379003393275609e-01
-1.461980078166804642e-01 -1.653108878770943868e-01
-1.463170101088534791e-01 -1.686321575193101274e-01
-1.384412072797826243e-01 -1.167867506005273726e-01
-1.547260056752542690e-01 -1.523810795633739057e-01
-1.647219858252448321e-01 -1.493806226097060541e-01
-1.640032244741987943e-01 -1.334302050381418747e-01
-1.530866600831083668e-01 -8.914892113920792893e-02
-1.463672721793429221e-01 -1.023138355037537806e-01
-1.393851422068742296e-01 -1.273394990600610344e-01
-1.519013472783493079e-01 -1.270674741878843605e-01
-1.484948957329277341e-01 -1.359792153959693273e-01
-1.459230094489093188e-01 -1.284636428125913443e-01
-1.545920734367141336e-01 -1.360306768596397375e-01
-1.512382077860701390e-01 -1.277517155039409602e-01
-1.765682673367609257e-01 -1.104606387233259268e-01
-1.799579273776490962e-01 -1.223000237240515348e-01
-1.680614712513963382e-01 -1.046378971717571021e-01
-1.573440436093815620e-01 -6.958748052279530028e-02
-1.545824158228716605e-01 -1.004329683566322906e-01
-1.574832731678042497e-01 -1.255006793895073469e-01
-1.572854982297361426e-01 -1.240313977554778901e-01
-1.719387221013801703e-01 -1.047543132723836729e-01
-1.735180855407992828e-01 -1.128253923037289830e-01
-1.246048326327647143e-01 -9.119180006835078678e-02
-1.406429308433283787e-01 -1.106777538764369684e-01
-1.460031314121330026e-01 -1.196066114247085199e-01
1.432391048392611665e-01 1.204978105328749494e-01
1.503573284567314983e-01 1.161129789874461860e-01
1.307123800900948096e-01 1.215356104700553580e-01
1.516913785096081213e-01 1.366279496763980750e-01
2.592048114624488295e-02 1.381858989500655277e-01
1.105044290681098107e-01 1.446256158501256772e-01
9.616322858185946676e-02 1.484332644145771318e-01
8.494719695273848792e-02 8.298409641064768971e-02
1.072977139683543718e-01 6.517456943388529045e-02
1.683779111523052985e-01 7.832674024588348605e-02
1.729460499555569020e-01 9.241394423870838426e-02
1.454458258743942523e-01 1.141877655268267316e-01
1.323138573412877828e-01 1.208076162902517736e-01
1.613492922003955943e-01 1.081561421565869763e-01
1.488994035768842206e-01 1.152801378537406524e-01
1.286175649374807495e-01 1.154930801180762828e-01
8.162094233261441012e-02 1.144491457845224353e-01
1.702037249030529942e-01 1.326348199539832962e-01
1.642272111507424026e-01 1.061850893878328456e-01
1.639341844042200014e-01 1.164310055855841408e-01
1.518098185862275795e-01 1.205619155996612707e-01
1.219320473973983382e-01 1.045666207332429654e-01
1.458082175265486280e-01 9.086839494141697726e-02
1.539506979331977388e-01 9.569164217552218743e-02
1.640698157830998150e-01 1.068441809281262811e-01
1.496257111100270931e-01 1.088917574805612215e-01
1.552377092847587459e-01 1.099408392098500109e-01
1.559516230883650489e-01 1.143851031861309597e-01
9.916394790278564020e-02 1.007283689021586659e-01
8.826887888636017476e-02 7.999158543680366662e-02
1.717255049761072516e-01 5.917598559767718591e-02
1.679355349673959108e-01 6.358774102128263161e-02
1.663093577128826051e-01 5.334783428311508369e-02
1.725246381639563009e-01 4.654032221474676406e-02
1.781030908106580601e-01 6.181750540142539468e-02
1.412293716404212085e-01 -1.858428499694431526e-03
1.511392078739253464e-01 9.205579262885388997e-03
1.426678063810779273e-01 3.522532815451792643e-02
1.317509796227291918e-01 3.738417028842475759e-02
1.379290788851932348e-01 2.393820749206735515e-02
1.786099968474386956e-01 5.225437500613091396e-02
1.802682578695425919e-01 2.532454046800655667e-02
1.615151832697366008e-01 9.032312081652470181e-02
1.616334484348505018e-01 9.321182805866062848e-02
1.768975382459703483e-01 8.532787935090244136e-02
1.887261287080673478e-01 7.416285316616953727e-02
1.815008717428756302e-01 7.792275088960418095e-02
1.627302310304402366e-01 6.034656835493264204e-02
1.484237317375243226e-01 2.408641844395836840e-02
1.241038485998150337e-01 -1.407518819707714169e-02
8.121073737104837764e-02 -2.000732596340223934e-02
5.157125499776169658e-02 -3.400803465501976014e-02
6.246264774915073759e-02 -3.152706174943388506e-02
1.684668911339175235e-02 4.560492671722998596e-03
7.160580937276546376e-02 -3.598097396929809955e-02
3.902330661144792767e-02 -4.166095337471596542e-03
2.667505406634365639e-02 -1.569315007681385855e-03
1.500699488531027741e-02 -1.617608152450927730e-03
4.502913053461816278e-02 -9.110859216642193999e-04
1.348082328409869017e-02 -5.946478948070830009e-03
3.911438553112680377e-02 1.790998552592671170e-02
5.940549448032476920e-02 1.008486018217100502e-02
6.264341254330352271e-02 1.959533596745360526e-02
7.870248139401549159e-02 1.705190091386574180e-02
2.524110143301679793e-02 1.768987032815341406e-02
8.866897646164086100e-02 -5.459167372700113319e-02
1.456926884771287956e-01 -5.487689192416834311e-02
1.486499297952453003e-01 9.170240423410604136e-02
1.505371000034063100e-01 9.395943106760495933e-02
1.174902071948372428e-01 1.411867557014603591e-01
1.033295028886418582e-01 1.526816774793510745e-01
6.427413125012179651e-02 1.554876953072353574e-01
6.998536671689860322e-02 1.524262941875601518e-01
7.805460917743556326e-02 1.270324169246993262e-01
2.101326077237401432e-02 1.679675062918757900e-01
3.853440396606060137e-02 1.554204418333490212e-01
-1.280543498895899968e-01 1.066908335124694268e-01
-1.177337214916082814e-01 1.047345607659347921e-01
-7.650446845312330879e-02 9.548865737332429271e-02
-1.218713780923283002e-01 6.973850411416405992e-02
-1.211112251828603131e-01 4.963018393511173243e-02
-1.433231748050388388e-01 5.676677950750494417e-02
-1.388809348047507497e-01 1.092154624557902659e-02
-1.006793749400844984e-01 3.087963930529682641e-02
-9.338442198676814854e-02 1.887808791327261551e-02
-1.191776409573321038e-01 6.472194218538241013e-03
-1.070120459987442957e-01 1.008296895151718046e-02
-1.190034540851561268e-01 2.555489892082398254e-02
-1.486920085060105257e-01 2.927423903890779416e-02
-1.349362055946591588e-01 3.762079744466452491e-02
-1.857389525351428039e-01 4.169644166982541117e-02
-1.761308511424019563e-01 2.726176972437376750e-02
-1.601481873854205817e-01 5.232317769620931786e-02
-1.507727682697852511e-01 3.517390729530416732e-02
-1.510699429177251307e-01 2.074216199415084699e-02
-1.441805785115960192e-01 9.225621466515340069e-03
-1.287821066894931921e-01 5.349356055460127712e-02
-1.299301133688529342e-01 -1.808255837095096730e-03
-1.614830495274301447e-01 1.756111671954564690e-02
-1.915179537166436519e-01 3.949360929227120620e-02
-2.103485515944479023e-01 5.769384172114987164e-02
-2.026941617440531640e-01 4.412860177168215214e-02
-1.821265052108919924e-01 4.996451166088356627e-02
-2.095571769812381302e-01 7.386019379316259570e-02
-1.998744133629827557e-01 5.995008145287378937e-02
-1.893520245433420457e-01 5.902631757047649419e-02
-1.857127782777042158e-01 5.132695047579590580e-02
-1.819037928896031497e-01 5.261562973349916822e-02
-1.895622556793415403e-01 6.355118451662139512e-02
-1.766269751342329497e-01 4.770002610104057822e-02
-1.852916663343988635e-01 6.025742595549385405e-02
-1.738440955997979653e-01 5.849034498957611516e-02
-1.800515799951954432e-01 8.677320435551019728e-02
-1.718339376158730669e-01 9.050549729526438658e-02
-1.424826125777308994e-01 4.369696078042626525e-02
-1.942961231341075734e-01 6.450044175095349941e-02
-1.653290911673511998e-01 1.033635731511884093e-01
-1.906287161160752364e-01 4.229996757290736126e-02
-1.486451821972373522e-01 5.062846011887594394e-02
-2.011421219805377136e-01 6.024092180557673315e-02
-1.796689735704703750e-01 6.797753255726181332e-02
-1.528803519623049278e-01 4.219202531004103557e-02
-1.450426423604083970e-01 2.856734668288165094e-02
-1.572074876982580971e-01 3.632206077539178873e-02
-1.222823951430272726e-01 4.146786356626096237e-03
-7.755346897349879587e-02 -1.209457464049252390e-02
-7.467724916349167963e-02 -1.941630467125767673e-02
-2.773282514935488871e-02 7.549742795356284217e-04
-6.139331376625434657e-04 -2.916924216085824140e-03
1.615886835831071081e-02 -1.237919938790874204e-02
-4.986744514555914443e-02 -2.354613398210405380e-03
-6.350766278593533709e-02 -8.671451842197636442e-03
-5.442552653724126027e-02 -1.101504893897774923e-02
-2.036503404765337144e-02 1.242325522337069284e-02
-2.827187117528147040e-02 1.282919827869867004e-02
-2.829431606954800962e-02 1.103354817325511578e-02
-4.310095294866347904e-02 1.637929277463847158e-02
-1.427803869222612522e-02 -4.676677639288659948e-03
-2.768657979665374233e-02 -1.517470534665106043e-02
-5.111154695670352965e-02 -3.573053583181381738e-03
-1.368321838464927886e-01 5.364920680718830021e-02
-1.471927295487781839e-01 -1.132806869526915977e-01
-1.577836836785969088e-01 -1.320314877029253597e-01
-1.348942643143625775e-01 -1.451235764127650207e-01
-1.395523700998648753e-01 -1.121927373881324436e-01
-1.607087162923331591e-01 -6.618961213482495165e-02
-1.330451248649810736e-01 -1.103973082646356463e-01
-1.270486212263211845e-01 -1.304346581003085759e-01
-9.900986960690914829e-02 -1.418937729942761627e-01
-6.957017677742421968e-02 -1.592987671397241289e-01
-4.341793944802732619e-02 -1.566325910605319838e-01
-3.512271132231183091e-02 -1.499173260708260846e-01
-3.925635745208302420e-03 -1.485694580090105299e-01
3.449398566875083033e-02 -1.342688557325676657e-01
2.029207408589826789e-02 -1.393062446241894459e-01
4.542310620720438341e-02 -1.494168792660720557e-01
2.071163056617207621e-02 -1.681955409204050900e-01
-3.251828993655010713e-03 -1.691896879432703005e-01
-3.433881417596460189e-03 -1.633521163947661003e-01
-2.036775142282897660e-02 -1.289761585112287612e-01
9.038814416871519125e-03 -1.013370609414940143e-01
1.756899398413515681e-02 -1.662985506805750302e-01
1.163880835514885699e-02 -1.575283628552008319e-01
5.744524874387821334e-02 -1.261544236352023785e-01
3.998883373921649498e-02 -1.416214982485201057e-01
-2.479814741545511431e-02 -1.726502870933404599e-01
2.114398994396864194e-04 -1.886057021364919428e-01
-4.034989793798048237e-03 -1.744701038781833746e-01
4.640680226761259401e-03 -1.772417016205099782e-01
4.228360710029838219e-04 -1.200909413835934553e-01
3.315585642969105101e-02 -1.222731997953066113e-01
2.079604410812136220e-02 -1.469794374614314669e-01
-9.995178992826711864e-03 -1.663240502793493225e-01
-9.917818132655026406e-04 -1.762684565225587363e-01
-7.895962941796067641e-03 -1.670708724333581363e-01
-3.128946945649381528e-02 -5.938621048683720427e-02
-3.237703796384443222e-02 -7.108259908493119728e-02
-3.965995638089457598e-02 -1.275294279677370579e-01
-6.115317276280474862e-02 -1.324084095037198483e-01
-5.252857377844809272e-02 -7.124848390743272752e-02
-4.096166029892228666e-02 -9.730539446630152856e-02
-1.664900006936654436e-02 -1.550495294921382661e-01
-6.953257080372964374e-03 -1.310358289449050084e-01
1.062575527258489451e-02 -9.856253343144932844e-02
-2.994822304453145095e-02 4.192685009735870778e-03
1.172014220523245887e-02 -2.196613648847730790e-02
-4.254862926541333988e-03 -8.819862692952144811e-03
8.209552722190406604e-03 -2.241023055424484767e-02
2.504584397126079567e-02 -1.361994414751434845e-01
3.924003758393068524e-03 -1.328815576199281479e-01
7.391897655270841631e-03 -2.390040786634877595e-02
1.026951988074215061e-02 -1.670286812794822065e-02
-7.452988622006063643e-03 7.614422571375148614e-03
-1.790448830718066207e-03 3.232152230134881059e-03
-1.864157476185343207e-02 -1.587960339917188907e-02
-1.728868424109261670e-02 -1.029491640666495289e-02
-1.627623397853887599e-02 -1.248070428268665578e-02
-2.835699373351220631e-02 -5.268207111825256445e-02
-4.447487970138716551e-02 -8.420259242674654754e-02
-1.343897570639438488e-01 -1.233790777891852625e-01
-1.341540388228490144e-01 -1.200586077424234954e-01
-1.611653852459822844e-01 -9.089024638593252992e-02
-1.826603851005651757e-01 -3.321230287126981234e-02
-1.344210787171173649e-01 -1.194266649665281649e-01
-1.502480462467958300e-01 -9.625332674773932895e-02
-1.238566361740693761e-01 -1.337118250557662036e-01
-5.942803307718357714e-02 -1.453508614205562544e-01
-4.009896864274176131e-02 -1.299030520602076078e-01
-4.513111018919687550e-02 -9.581745352273292327e-02
-3.956100019662619344e-02 -1.188632375260949559e-01
-5.288906014455979632e-02 -9.594434557317441103e-02
-1.165974463767997654e-01 -5.191045525833117014e-02
-9.246046445234683275e-02 -8.119356480930645104e-02
-1.505559279776115256e-01 -3.164785063769936374e-02
-1.370437143251050094e-01 -2.084763831713080939e-02
-1.816285821292895619e-01 1.493484623183317884e-03
-1.643475502665650012e-01 -1.987536928784897419e-02
-1.615473295057220371e-01 -2.876737985342328260e-02
-1.426578489189402055e-01 -5.681569226066582150e-03
-1.711924121882090477e-01 4.786013884385876410e-02
-1.478858788579392181e-01 3.600574581127248541e-02
-1.688525959910267271e-01 -8.986044240329182226e-03
-1.591559019207216819e-01 3.992852050399704755e-02
-1.516064214926237386e-01 5.690790810513080694e-02
-1.507199325014283442e-01 5.490044250902358092e-02
-1.516627554910917608e-01 4.850304794646852213e-02
-1.394620782819609994e-01 6.881495887114870424e-02
-1.468739533299021349e-01 9.058221473096920995e-02
-1.510388836318099504e-01 9.406597716184658675e-02
-1.107537529256011066e-01 1.231320402749451620e-01
-1.338078514723165247e-01 9.612720930539386810e-02
-1.266237112046094682e-01 1.030117948793175947e-01
-1.042051286259743220e-01 8.320572802870575269e-02
-1.049442796610965956e-01 8.677812061818422629e-02
-1.265375547944441181e-01 1.089585112072888329e-01
-7.319451808405284809e-02 1.240044363962643087e-01
-6.204373469334380220e-02 1.408913801432919166e-01
-4.065024598037830089e-02 1.286602808258733299e-01
-6.196432486982131338e-02 1.217469785308409880e-01
-9.730908010159718124e-02 1.212573012773576209e-01
-8.783879648155558384e-02 1.219825843288250972e-01
-1.003626976592751213e-01 1.376282310956366828e-01
-1.024528276822760653e-01 1.213674080701052094e-01
-4.480799241687933449e-02 1.346404302387637364e-01
-2.916850191037937204e-02 1.508157715127941279e-01
3.655381852025366141e-03 1.536165419955117240e-01
9.980843277065528166e-03 1.344908184331183865e-01
2.192721555507132908e-02 1.444898595344561720e-01
5.185136328023087077e-02 1.480831415551696340e-01
3.311398074120906754e-02 1.738837505368433234e-01
3.909696934264499796e-02 1.625334305993316464e-01
2.377642684310690008e-02 1.410373687820364319e-01
2.309855261819449349e-02 1.552181941582102542e-01
2.927533223581751942e-02 1.517212259086633819e-01
7.667893955649581015e-04 1.505378871051813172e-01
-1.024726161080519865e-02 1.785337479246952019e-01
-2.219770058131517732e-02 1.921567805096505155e-01
-4.614542513333663026e-02 1.848746398241161437e-01
-2.949587378038560914e-02 1.870554614627479573e-01
1.431132185299766220e-02 1.283508998535814460e-01
3.646174635309681195e-02 9.848417307696018252e-02
2.963847663212973091e-02 8.932682488087696770e-02
2.368251810514170747e-02 8.862914661308993192e-02
5.663712635401146195e-02 1.538993489126380398e-01
5.148896225781727370e-02 1.136211397045776422e-01
4.062043918577969148e-02 5.069845595529581805e-02
5.830530735721617397e-02 2.594311188398608012e-02
2.193017655698681345e-02 8.546707142828822296e-03
1.182812194913569238e-02 1.697111366223700429e-02
1.019928822613175128e-02 2.536044417794169545e-02
-2.361133380750997379e-02 1.462940717142676983e-01
3.872853074986997574e-02 3.508027654169602189e-02
3.071546299339420263e-02 7.060597147913021121e-02
4.592616731428253440e-02 -6.728458314696428300e-03
4.746252126385328007e-02 8.541191183564320055e-03
3.051575778192548716e-02 2.558892857891388031e-04
3.642091701022841937e-02 2.567872064965901618e-02
7.122438984754238256e-02 9.022696321634521288e-02
5.802812884246506125e-02 1.795780695622970491e-01
5.681544238708645389e-02 1.132518015669168876e-01
6.102153936119478900e-02 1.645404276824775636e-01
