-1.734472849851292908e-01 -1.008973425294374809e-01
-1.880856610444188726e-01 -9.935220172940251171e-02
-1.997570079185919667e-01 -1.161954896543574145e-01
-1.742029069037687727e-01 -1.450623980017664294e-01
-1.743116102034512338e-01 -1.349757978525327196e-01
-1.442670318032725219e-01 -1.581518831136914105e-01
-1.762377732540144071e-01 -9.916102431582644872e-02
-1.850765428271370083e-01 -1.304297309046252296e-01
-1.598910339628582256e-01 -1.060160460518177333e-01
-1.447503420529057394e-01 -5.977547336037408038e-02
-1.795628796134734473e-01 -5.398295210401624772e-02
-1.843106243874799155e-01 -1.859337609701313884e-02
-1.361328238903908583e-01 -5.225451648163687013e-02
-1.869392519285152376e-01 -8.142673779455274208e-02
-1.526384529188910544e-01 -9.849384033761056367e-02
-1.449338007166383335e-01 -1.376286447916618139e-01
-1.418965454716251406e-01 -1.235574512090782257e-01
-1.462891694981159063e-01 -1.469805801562650283e-01
-1.724697125992925018e-01 -1.204107353530771973e-01
-1.687285656232700992e-01 -1.412930411796179675e-01
-1.714696393294780075e-01 -1.243723181736861305e-01
-1.736185975406176196e-01 -1.156006216239675449e-01
-1.668606572885067141e-01 -1.119149258555470899e-01
-1.555020508561049675e-01 -1.300803045555789517e-01
-1.518300813550948480e-01 -1.346216965625434969e-01
-1.452301133285541224e-01 -1.451530860305877968e-01
-1.222944889705381150e-01 -1.702677717241329602e-01
-1.081368890807444527e-01 -1.679453455330204292e-01
-5.032574653254164726e-02 -1.857720313153921332e-01
-4.091364496927641509e-02 -1.859376057813741656e-01
-8.397234508373384310e-02 -2.033575134469946810e-01
-5.865916736886001015e-02 -2.061005969408976901e-01
-4.587293082095072333e-02 -2.016898993888300295e-01
-1.043779234435267683e-01 -2.008256032978660011e-01
-9.459651246852883444e-02 -1.974416596754491326e-01
-1.238489723706194812e-01 -1.331433375123335372e-01
-1.122896347512504917e-01 -1.510920960516637657e-01
-8.044601237222327728e-02 -1.686145028897340359e-01
-6.839498310598536579e-02 -1.880213915292127391e-01
-9.807386752773070149e-02 -1.828908695813645791e-01
-7.330565903824445839e-02 -1.683961350875584073e-01
-8.463483227548836141e-02 -1.746262293598071225e-01
-6.800344587925530315e-02 -1.792009139368512805e-01
-6.493270873633617823e-02 -1.980639656769807300e-01
-5.732430424734396429e-02 -2.153001088416106878e-01
-3.314190517994071439e-02 -2.189426742748208365e-01
-2.384526810431046931e-02 -2.244336618403593442e-01
-1.927730466510172564e-04 -2.189602671989923921e-01
-1.988848037499581223e-02 -2.050361667738033744e-01
2.690625122325285626e-03 -2.314058483735030036e-01
-4.868515447043872749e-03 -2.276537203835523326e-01
-4.896614700232909505e-03 -2.152705737007001852e-01
-1.783933069661999132e-02 -2.155743866072751813e-01
-2.209862788324364752e-02 -1.898396377187567541e-01
7.282655040998830924e-03 -2.080887575727508321e-01
1.317129293750663073e-02 -2.049275945472314453e-01
6.303065585627464981e-03 -2.194730106437834671e-01
9.335338596071855732e-02 -2.096766791797013141e-01
9.314030477400175867e-02 -2.129711872496864999e-01
9.950733403757743012e-02 -2.032902875049616698e-01
9.499477083309432190e-02 -1.998088983066906577e-01
7.514724352330577617e-02 -1.956818138384944505e-01
5.578186865067393668e-02 -2.152722922148162799e-01
4.852523890395867706e-02 -2.080449208991114740e-01
3.818120024284633873e-02 -2.176012429340983823e-01
3.777989806938032019e-02 -2.117358960011512803e-01
5.640878041567344570e-02 -2.069878162625289619e-01
7.133217859477286593e-02 -1.949038075453088936e-01
1.063981168872303457e-01 -1.810182717419793474e-01
1.079196863728848210e-01 -1.820098252596080990e-01
1.169877392255560394e-01 -2.000942881593939793e-01
1.021477363130437882e-01 -1.653903665164350445e-01
1.296318451896729673e-01 -1.488614210379359537e-01
1.382059490252380285e-01 -1.669783463781013000e-01
1.074653869717199089e-01 -1.220297140053884510e-01
1.145068602074680031e-01 -1.234636611166405190e-01
1.057684416641500730e-01 -1.248138452284119210e-01
1.046197314869723449e-01 -1.200814505720187025e-01
1.120980349909848767e-01 -1.355139549170914504e-01
1.310228221661831893e-01 -1.459573215095622267e-01
1.220848739394114063e-01 -1.537533607972259297e-01
1.264443510326120623e-01 -1.471769859305841199e-01
1.389686343281682501e-01 -1.534998799651019485e-01
1.318869726203577564e-01 -1.530854267895441212e-01
1.202995999190100834e-01 -1.665363678493280708e-01
1.258546094172125762e-01 -1.694859351833835626e-01
1.362974808445990560e-01 -1.236597901810595618e-01
1.147726837575020614e-01 -1.150630835157641779e-01
1.106138577510344112e-01 -1.444331596890546521e-01
1.165857744046977923e-01 -1.231183417250581308e-01
9.360724544849523265e-02 -1.368199528269286869e-01
1.600556472260295793e-01 -8.091901153715992667e-02
1.764560391104373904e-01 -1.220912164215941093e-01
1.592233621013975364e-01 -1.021623145556727064e-01
1.638547285169149048e-01 -1.115344278974610831e-01
1.666461779886107275e-01 -1.064553812728615684e-01
1.682348714705455550e-01 -1.163248151234330258e-01
1.934267009714886187e-01 -7.165212077578496375e-02
1.784969056964104406e-01 -1.106500557750645236e-01
1.673091749091284997e-01 -1.393144925758717789e-01
1.440210803931656902e-01 -1.353756145307458414e-01
1.545591545898480079e-01 -1.165404813631634312e-01
1.333645597955833706e-01 -1.198551018737784996e-01
1.141718154913848177e-01 -1.506167812617740798e-01
1.428906621967490909e-01 -6.887320334982557912e-02
1.503188375178158842e-01 -8.867545946359817188e-02
1.643665981409689891e-01 -8.245974682431254921e-02
1.531375793238639316e-01 -9.696279717879914550e-02
1.473138845127137109e-01 -1.083333239824214450e-01
1.298795296775748509e-01 -6.395215079631463850e-02
1.208602505857070408e-01 -5.219947305704551732e-02
1.654260329661834672e-01 -7.994323776567344164e-02
1.740961842644234980e-01 -5.870929191088601617e-02
1.937571362831841670e-01 -5.736386284029177524e-02
1.764168773777409771e-01 -7.526362188179487600e-02
1.816454128849223082e-01 -4.992819086548550694e-02
1.755564697890565629e-01 -1.400688583772018332e-02
1.957262913140076221e-01 -1.186238047141953238e-02
1.848235862874552382e-01 -1.249831261506867235e-02
1.866635614859925851e-01 -6.593773001607390258e-03
1.950884458670364141e-01 -1.075010679851473062e-02
1.889706958142076676e-01 -6.212173665300794144e-03
1.820566183600743071e-01 -3.305838612208245649e-03
2.101292018120343164e-01 2.152701986859672026e-03
1.862172866719291053e-01 -7.300142378497989637e-02
1.887640954646235825e-01 -7.140056234928238155e-02
1.969448780227872065e-01 -3.667640447442246932e-02
2.167944879386655976e-01 8.669637928557033524e-02
2.135850463174271130e-01 8.698072055338926245e-02
1.754407904871570778e-01 1.690352184472403430e-01
1.826418889260361389e-01 1.460425190314194599e-01
1.626196120325270889e-01 1.197250482207554007e-01
1.678663958294327463e-01 1.278793103195511593e-01
1.788627453116333199e-01 5.557026931829029542e-02
1.845611924838138906e-01 4.401890531314640170e-02
1.451471149222183232e-01 3.188921397598004637e-02
1.441622170058697028e-01 3.238949091158996318e-02
1.501351458352200852e-01 3.173794832456634102e-02
1.561867913492950011e-01 9.783037737936640943e-02
1.816878805727403789e-01 1.031173423664949601e-01
1.820357486081390086e-01 1.426342686288351314e-01
1.510239671615358770e-01 1.331065496593059616e-01
1.541214577826860443e-01 1.234717148310998519e-01
1.936236310382499215e-01 1.533892396961191451e-01
1.935904404139229817e-01 1.051777534096188377e-01
1.894471028800185919e-01 1.503420374583831487e-01
1.655441589661465762e-01 1.621526131033178275e-01
1.677311429430244916e-01 1.596490293097468371e-01
1.721458163794454821e-01 1.698133995045733036e-01
1.709364630431201570e-01 1.560324163524254848e-01
1.681865637474685427e-01 1.633856324179368547e-01
1.672874895911720117e-01 1.647794493118423242e-01
1.542245395022938392e-01 1.734263715421571483e-01
1.511060334924188564e-01 1.796177118647200310e-01
1.653160334990744773e-01 1.740927035451544647e-01
1.734517123435300734e-01 1.788226515034840869e-01
1.638377327035803188e-01 1.654076244759907499e-01
1.624903448181672927e-01 1.716022707536752623e-01
1.602695002877307096e-01 1.795417622789960144e-01
1.514203613751957389e-01 2.027645532585472532e-01
1.413215568630019625e-01 1.995086389377794533e-01
1.373563185589765923e-01 1.986437166086205408e-01
1.366770248817138211e-01 1.993512783867251725e-01
1.341528771734654957e-01 1.872028836448673406e-01
1.248196561363129620e-01 2.002840674597908543e-01
1.276269654543852883e-01 2.003736923400488978e-01
1.291551759776409514e-01 2.041228056484569175e-01
1.441288807447532461e-01 2.176466524850643180e-01
1.300614737186966685e-01 2.117531976517438297e-01
1.190745396549372226e-01 1.934250552757672825e-01
1.273651250705440385e-01 1.985838307607783459e-01
9.369599650801625768e-02 1.959842723229271166e-01
1.262180168980508166e-01 1.773887844924662283e-01
1.022867247831026893e-01 1.974123429897228776e-01
8.493118857844100811e-02 1.806080711606748990e-01
3.383698952610496996e-02 1.731340493782736467e-01
9.137507037583558756e-02 1.567140839093570936e-01
7.869122013186422016e-02 1.608152304653434339e-01
1.183505500469770461e-01 1.900863027491321300e-01
4.823831986496560781e-02 2.063675637397293372e-01
4.722694153936622674e-02 2.031180283103415918e-01
5.669754540097342310e-02 1.829292157480398306e-01
4.714479874916874258e-02 1.729466148301877226e-01
3.178985327634398228e-02 1.778881730436601971e-01
5.230070154850691849e-02 2.098050580096451623e-01
1.281134505860295758e-01 1.680285769582194333e-01
1.330941559685195341e-01 1.678335256060426717e-01
5.700118354340104332e-02 1.770180223537582698e-01
9.145167532711234726e-02 2.171026408215676884e-01
8.121996268082128101e-02 2.050041994985082050e-01
9.705424251892591503e-02 2.091109239435323952e-01
7.901687127502468599e-02 2.152948659171887158e-01
7.183104285352463758e-02 2.188825699717943940e-01
6.144531930233779193e-02 2.159296966826172448e-01
3.850926895671250016e-02 2.226773549773894689e-01
2.913570106748899005e-02 2.208018152748563445e-01
3.808385661274483591e-03 2.188068679686125118e-01
-2.615247525092028250e-02 2.068010516436747381e-01
-2.937327654173974012e-02 1.982837170286566031e-01
-2.724682285549755861e-02 1.862988869650857304e-01
2.241945844867168636e-02 1.873247525103205746e-01
2.705069379107851238e-02 1.619864997812146545e-01
4.002395710406312507e-02 1.813774703196010252e-01
5.992001787395238865e-02 1.590117518462546842e-01
2.407606600646988726e-02 1.443298303869047228e-01
1.788070246759707743e-02 1.722176444440266796e-01
1.923520835109688090e-02 1.961982273303809199e-01
9.139050787552253571e-03 1.715416275945276514e-01
1.596615759191622255e-02 1.690578504043285801e-01
-2.677287887188903315e-02 1.822090709513224382e-01
-3.876524017793691462e-02 1.893459290023532526e-01
-2.651408047648845870e-02 1.822864769049414302e-01
-1.421901583415555864e-02 2.130531225074589474e-01
-4.908090879245474714e-02 2.102408906659015142e-01
-1.086325202027693254e-01 1.842142856512259674e-01
-1.035372132306221771e-01 1.814765615911765329e-01
-1.281824969879313270e-01 1.748478594260675367e-01
-1.530238078639068744e-01 1.519710140762935702e-01
-1.448727497744801140e-01 1.569475105555669658e-01
-1.610853867098651082e-01 1.708107202390662382e-01
-1.382142503222395236e-01 1.780204112485258006e-01
-9.911685267757122664e-02 1.960067149521889929e-01
-1.112271415534565044e-01 1.858857299569544319e-01
-8.139496712892341224e-02 1.643860989070829726e-01
-7.420487154949102770e-02 1.852861432945847875e-01
-9.421615286539285206e-02 1.692184149647518177e-01
-9.189588938060440360e-02 1.538568648635232627e-01
-1.141626913465226684e-01 1.559885505514282122e-01
-1.168242109564664594e-01 1.524517174273947451e-01
-1.545979959216075283e-01 1.568322099093201749e-01
-1.722350189130139597e-01 1.120371588129740748e-01
-1.312468115484335118e-01 1.309063709892993588e-01
-1.673912849310483508e-01 1.379014079347155308e-01
-1.878040140572057037e-01 9.997809039595578762e-02
-1.754417079989309125e-01 9.604677090020485863e-02
-1.818800628801639785e-01 7.528979281286794778e-02
-1.867483657885181947e-01 7.309328418995673926e-02
-1.759135275058726078e-01 6.021027927726447376e-02
-1.954352653175506493e-01 1.431164356296707810e-02
-2.121602233510371804e-01 9.169911223247208254e-03
-2.014580019289098911e-01 6.249998452269617255e-02
-1.973140964115264739e-01 8.212857604683003465e-02
-1.840797900761231287e-01 7.374039941857957192e-02
-1.839464159042994429e-01 4.566958545361197302e-02
-1.867890275801464550e-01 2.111465294004847421e-02
-1.632994882569478723e-01 1.517203294705279752e-02
-1.828870247701218088e-01 5.718065175910133635e-02
-1.650149876914999425e-01 1.390939475036931383e-02
-1.726975031017487505e-01 3.071533138996726444e-03
-1.866390362506408773e-01 9.278377863146738957e-03
-1.776859709251190356e-01 -1.999367382805133670e-03
-1.758893517988156796e-01 -1.279329811174014821e-02
-1.968648651706361719e-01 -1.369796290029360111e-02
-2.047006050471174565e-01 -2.403603409395619478e-02
-2.076193847638727330e-01 -3.823605069869160517e-02
-1.835107143211536229e-01 -5.402302406664705181e-02
-1.913824410483202509e-01 -5.402546348287116940e-02
-1.699091556936692671e-01 -6.721130553564880206e-02
-1.546548670879071274e-01 -7.249596217966379486e-02
-8.401906536580530660e-02 -1.000549429297746956e-01
-1.238770657073139519e-01 -1.341012052405510524e-01
-8.895538065485579515e-02 -1.230902483883636739e-01
-1.096444919982859229e-01 -8.909203893628270254e-02
-1.082518838897332941e-01 -8.143338611399339455e-02
-1.486718893200812408e-01 -8.809297784215523730e-02
-1.162905395050242985e-01 -5.990647729344866779e-02
-1.117006286016379718e-01 -5.747271177676373938e-02
-6.586007283899300568e-02 -5.345690837942412843e-02
-1.191327579615396731e-01 -7.795145077776176323e-02
-5.209051489298142240e-02 -5.512876046816319459e-02
-7.494311899914320174e-02 -8.058440373144522273e-02
-8.588367502728649905e-02 -1.070968021030149625e-01
-6.795706784363916841e-02 -7.506765301784427968e-02
1.786065556352246439e-02 -4.753670734971203460e-02
-3.473344222019051492e-02 -8.670457863681915733e-02
-7.268306904497334742e-02 -9.352581991948602513e-02
-8.279861450612009677e-02 -9.866514561125941385e-02
-5.880263781111575577e-02 -9.722972756843339948e-02
-1.107318017050106240e-01 -9.888698685086461104e-02
-1.219350573740532184e-01 -1.078983068921862826e-01
-1.432799202077235101e-01 -1.139898423229051272e-01
-1.494603377710739256e-01 -1.264736094636225161e-01
-1.431092047630721231e-01 -1.212883426466015019e-01
-1.061917277109910435e-01 -1.327657304445190867e-01
-7.686344201444746116e-02 -1.350472909524980392e-01
-2.473588076313708306e-02 -1.267695288562066536e-01
-5.341366517570197286e-02 -8.533977987322147185e-02
-3.545419869142379943e-02 -6.407673578789203905e-02
8.607105860249610052e-02 -1.258994801120573992e-01
6.177988341701563801e-02 -1.298044830399457394e-01
4.222996488656943770e-02 -4.827045462256868147e-02
3.668076629626797897e-02 2.236138213793900306e-02
-1.338929300678877443e-01 1.177459607608880854e-01
1.851459387573335669e-01 -7.427442768015600494e-02
1.848994921821424109e-01 -1.133124273602268972e-01
2.178297324931442180e-01 -1.168512120172396779e-01
2.126934433284319026e-01 -6.482484284819332865e-02
1.837993081832259568e-01 -9.906449625174613971e-02
1.747626619042103036e-01 -1.256652670271841965e-01
1.766695863348805851e-01 -1.014996016268944617e-01
1.375803516322637587e-01 -1.351849468459330184e-01
1.198725200338026514e-01 -1.487793110160161025e-01
1.370203053582432218e-01 -1.068063659355554806e-01
1.879366746087608453e-01 -1.166284095748237881e-01
1.608769950277701977e-01 -1.415847807963434568e-01
7.133021249811462294e-02 -1.655157452285151987e-01
1.332614780759755757e-01 -1.855460030180888231e-01
1.046582160085976071e-01 -1.590792399345087871e-01
8.747402876862162002e-02 -1.587716113440488797e-01
1.684839103805897964e-01 -1.086378505092650132e-01
9.932310349886049050e-02 -9.131058968728465730e-02
7.716415285740613195e-02 -1.535644698812450026e-01
9.098610363844017446e-02 -2.032307366217352973e-01
6.384227512047670194e-02 -2.095536160925741964e-01
4.332669729357476601e-02 -1.878462778535184563e-01
1.057421250962874981e-01 -2.134284430776782482e-01
9.673044096299208972e-02 -2.105300962024897471e-01
1.193707721666187882e-01 -2.054519306804666878e-01
1.318979099432491531e-01 -1.982799013447717196e-01
9.520150953762840373e-02 -1.297849094554369975e-01
1.058284585851028414e-01 -1.368480461636231715e-01
1.142190018111826633e-01 -1.488381482789739307e-01
1.198977661712623960e-01 -1.884620301995225677e-01
1.101319893056172394e-01 -1.950489928607609946e-01
9.805814603630423620e-02 -1.377098955565236038e-01
1.083195030510979429e-01 -1.560362902910261695e-01
1.138716653500657094e-01 -1.365796521242544359e-01
1.207843082818225028e-01 -1.575292275838650335e-01
1.179471361400632884e-01 -1.590827497811357072e-01
1.145878488261087152e-01 -1.763318254926732331e-01
1.277381737068471468e-01 -1.858050617392506265e-01
1.202841332919652312e-01 -2.146406217677198636e-01
1.101084325549156889e-01 -2.048027983823092757e-01
1.010096212123021697e-01 -2.271294279413539619e-01
5.089932974614615885e-02 -2.055145108089146411e-01
4.947855548250432167e-02 -1.464388695540425056e-01
4.858831783841066621e-02 -1.179885188337995855e-01
2.261483020178533740e-02 -8.783928583668650092e-02
3.252919664283714790e-02 -4.412504904625341728e-02
1.448856313485113491e-02 -3.096136199007839922e-03
3.713535697101188332e-02 -8.769171207788659106e-02
5.541817717809617572e-02 3.673804160465841961e-02
4.456613554969097307e-02 1.540016423959647829e-01
4.666492552776771441e-02 1.259209906658664835e-01
3.914441648215821745e-02 4.810007050161341918e-02
5.351524683637791380e-02 -5.870861469981484421e-02
4.533176635668881294e-02 3.900331627865157372e-03
5.463595469985460529e-02 -1.035363685372430731e-01
7.463779146995738745e-02 -5.429119236899205420e-02
5.741658335809061292e-02 -6.664155165937819640e-03
6.229119962126961757e-02 -1.043527355607828250e-01
5.822938228028761570e-02 -2.019320205513730482e-01
5.423339276815941634e-02 -1.927537424945690858e-01
4.522652921259643494e-02 -1.791905445974389111e-01
6.554865769200611536e-02 -2.049119822833971039e-01
6.366309817835540119e-02 -2.161306900158055933e-01
5.995260046468317561e-02 -1.825726531963080546e-01
4.683511667997689032e-02 -1.538969877990303825e-01
4.846488701839005847e-02 -1.090871545685500738e-01
7.651324379041683776e-02 -1.941735555554002235e-01
7.493672554408417619e-02 -1.643275820450620650e-01
3.603094586428019080e-02 -1.970838155199697850e-01
5.167055664678051746e-02 -2.138120940722569030e-01
6.339910965186904002e-02 -2.019871877672354821e-01
7.774656894229380055e-02 -2.081543960737782806e-01
6.698406117115317249e-02 -2.142835057961880174e-01
8.210240511575696287e-02 -2.104906868872511716e-01
9.336819722221066653e-02 -1.947183682212391131e-01
7.319881260762811648e-02 -2.359033891431492613e-01
4.931091661503112650e-02 -2.032727819628638299e-01
4.440698730704559921e-02 -8.697588541197787126e-02
2.589917282386344777e-02 4.528915303208123910e-02
3.290834746062028249e-02 -1.469419682024489596e-02
3.913585303893563766e-02 -4.317412819289503934e-02
6.753359246897183699e-02 -2.025836286749519433e-01
1.030317152161087102e-01 -2.297208307189931853e-01
7.246974027571440047e-02 -2.257093527343017048e-01
5.467179227283070625e-02 -2.223780131202520993e-01
1.924782595844714769e-02 -2.022259738472989565e-01
4.284661289882896879e-02 -2.095822482853897939e-01
6.187441625707979648e-02 -2.108612451344538119e-01
9.209229515492350915e-02 -1.984228438536655148e-01
1.243627352729370639e-01 -1.974639275405636329e-01
7.375582235458758018e-02 -2.139456284445490353e-01
6.692627977491923119e-02 -2.072209225078019412e-01
6.445095680035060892e-02 -2.019606527441886734e-01
7.069981637292634125e-02 -2.153603442177476901e-01
8.312326075543302606e-02 -2.325742049535842182e-01
5.216407239443791172e-02 -2.233736153406289393e-01
6.686962706380390753e-02 -2.204864388071950676e-01
5.135819121974213863e-02 -2.181342444563088290e-01
4.848714396074532695e-02 -2.205564755392653842e-01
4.139263344718123461e-02 -1.831866142098013128e-01
6.444655856930772697e-02 -1.976907568402091753e-01
6.851271588661680956e-02 -2.011352999307367828e-01
4.942653038037534557e-02 -1.839093950324086624e-01
5.805149786467312528e-02 -2.120340873276516103e-01
3.133351496012608262e-02 -2.071669058225765747e-01
2.272410512586658937e-02 -2.066563906206648482e-01
4.919395570938403517e-02 -1.977472347871770952e-01
6.611939370637591462e-02 -1.936497000235703481e-01
5.426306262310021111e-02 -1.678271321509836600e-01
8.382359894877847162e-02 -1.966736731933811377e-01
7.651266852509830407e-02 -1.986808976809797955e-01
9.687883028781317518e-02 -1.921182563635877860e-01
9.109528025768852399e-02 -1.951139905599146296e-01
8.520679163888995877e-02 -1.901747625350741489e-01
9.160623965180822448e-02 -1.871144092952463645e-01
9.691207916685593005e-02 -1.931117905415537517e-01
1.064038258493787276e-01 -1.769524129800887358e-01
1.023931343033505359e-01 -1.735872565035173065e-01
-7.443344849061056534e-02 -1.893717504051315170e-01
-1.220577272418486847e-01 -1.698573089966074201e-01
-1.005798252009705573e-01 -1.722387617785041125e-01
-5.412588369015084583e-02 -1.949650186879355596e-01
-9.043933943962201294e-02 -1.710339523100111447e-01
-2.616196530821604874e-02 -8.244994546837922100e-02
-3.283211752407647760e-02 -1.332608809651386339e-01
-5.413997769045466452e-02 -1.642890902415973242e-01
9.066573182889905991e-02 -9.657452949799333330e-02
-1.235336031847976759e-02 -1.828243244913224912e-03
-6.519647880763829173e-02 5.113589850608949577e-03
-7.259348785575217566e-02 -1.093807838226193430e-02
7.005452888601172712e-02 -2.159944759265866598e-01
6.544111948663963729e-02 -2.209743657430554009e-01
6.390995981839661666e-02 -1.816024937230567848e-01
6.533773192977390676e-02 -1.818044191316979252e-01
7.309948831718941775e-02 -1.242454248389951721e-01
-1.012107893096378941e-01 1.778342146131506041e-01
-1.010839687933416803e-01 1.839316483338441777e-01
-7.470323336131902414e-02 2.100903896076326827e-01
-4.647578702924464594e-02 2.086623189408369217e-01
-4.492291655660697602e-02 1.545710094245132671e-01
-6.087097513650813890e-02 2.059686500096110928e-01
-4.726020134116818566e-02 1.867858381344564278e-01
-6.992839286262615695e-02 2.083319564475361318e-01
-6.359738685893320809e-02 1.968097853368474259e-01
-6.538770719409067733e-02 2.166890177757100078e-01
-5.726614419545731499e-02 2.243498624316812851e-01
-4.896421367394848678e-02 2.154881987552493550e-01
-6.997180718957597689e-02 2.112858491942397610e-01
-5.285653527839117433e-02 2.135915854092756416e-01
-9.087502645908887566e-02 1.913998737720233601e-01
-9.431703546947919903e-02 1.855578141617172383e-01
-6.953713962763560796e-02 1.963329267969890490e-01
-7.323431157506862799e-02 2.066308313641076755e-01
-6.490635575927623802e-02 2.025113928273601649e-01
-8.137031082046114472e-02 2.166127914800859422e-01
-1.038123575351842104e-01 2.062453599096602530e-01
-1.147919806321107544e-01 1.856891348548089793e-01
-1.272452805564648626e-01 2.243164970432069416e-01
-9.293881627572912751e-02 1.989221304591068384e-01
-7.217139603058508879e-02 1.951473850757468875e-01
-8.007007284564861271e-02 2.131248340626085147e-01
-1.004968340764742368e-01 2.276233988039785272e-01
-8.575841282463793347e-02 2.063382324903241249e-01
-9.680852412768227444e-02 1.971910624517572708e-01
-1.276234847351162549e-01 1.792615279686409768e-01
-1.290265058741180970e-01 1.584088009740475811e-01
-1.205347960522123868e-01 1.793405504906234460e-01
-1.093876906473613547e-01 1.835276518797724354e-01
-1.194937915627090619e-01 1.834611978127237697e-01
-1.278177059575928420e-01 1.874100082868936090e-01
-1.342161417948241064e-01 1.737941481266803700e-01
-1.037561781436347474e-01 1.680858413438506560e-01
-1.316844355372007169e-01 1.678315595093844426e-01
-1.235155806320971106e-01 1.734531250203882324e-01
-1.236684555700347937e-01 1.733162992566534000e-01
-1.144979253904322147e-01 1.694686917875068144e-01
-1.036893599846123587e-01 1.511703030076250176e-01
-9.236509470717459147e-02 1.548546661994215368e-01
-1.398171433911505335e-01 1.642917990858820121e-01
-1.359857744240331456e-01 1.739247697631825240e-01
-1.637094849467470026e-01 1.574422096021390605e-01
-1.244441899293041581e-01 1.231686301084723295e-01
-1.391829534275957903e-01 1.590087226010331034e-01
-1.441017631745484251e-01 1.501132711894372640e-01
-1.186323790801771111e-01 1.215338862736977527e-01
-1.079595617258497925e-01 1.279699837846935695e-01
-1.287551408442435541e-01 1.504099770206847042e-01
-1.435229880093982502e-01 1.525698579910367558e-01
-1.306026745921559373e-01 1.405556092959869829e-01
-1.419849470028513860e-01 1.664911767535463549e-01
-1.463136947334676419e-01 1.736325349813727104e-01
-1.543999444515671005e-01 1.650782814402164400e-01
-1.461719027552108585e-01 1.664068967434629565e-01
-1.548298351268118656e-01 1.490180388413637758e-01
-1.329452714786141521e-01 1.507409657521803226e-01
-1.478864409869522500e-01 1.462478086498980312e-01
-1.449687535461182120e-01 1.301423603915846938e-01
-1.111105228942647349e-01 1.000984883298350614e-01
-1.255793121940215751e-01 1.200905819987203305e-01
-1.390810222386250627e-01 1.160329954064732993e-01
-1.132968733511083431e-01 1.274778188182587868e-01
-1.532061742517182024e-01 1.121514909745706945e-01
-1.296199466639708642e-01 1.215466294927789598e-01
-1.344591950328198893e-01 1.273720719454031758e-01
-1.230701505114127348e-01 1.017370478484945356e-01
-1.120925153566628418e-01 1.043561070524597345e-01
-6.300332711272504937e-02 1.093948705410836830e-01
-1.218171571111138496e-01 9.634159073502827908e-02
-1.564219219459420385e-01 1.025278993065139449e-01
-1.073375469978972013e-01 1.328235482499504072e-01
-1.144980273361848599e-01 1.295013400626024158e-01
-8.777922522469687461e-02 1.045703314879741080e-01
-1.259872845324466750e-01 1.236003121162279478e-01
-1.166682630822703376e-01 1.145360021290468683e-01
-1.233156650111510710e-01 1.005679703663052982e-01
-1.302441168164080454e-01 7.862821765672671492e-02
-7.423185804658528897e-02 -1.664587361586853179e-02
-4.424562538519983407e-02 -1.517866670281450229e-03
-1.225941512286123913e-01 -9.507730320170371813e-03
-9.301247208201852967e-02 -1.063196914760848322e-01
-1.035293342803102479e-01 -8.599399489533240959e-02
-1.343710847751726778e-01 -6.276416965884835941e-02
-1.195582358420626129e-01 -1.478474831457611202e-02
-1.157049922291624039e-01 -1.235937147696636144e-02
-1.960392210836053029e-01 -3.258583479027352126e-02
-2.023524157079424624e-01 -2.313401807451176753e-02
-2.036594185116272493e-01 -1.166939534119380666e-02
-1.225260805932003039e-01 7.706794519426272971e-02
-5.803171310681961431e-02 1.146848356460759416e-01
-1.546793195048640768e-01 4.773108513173734968e-02
-1.493015791068404707e-01 4.846905951240922106e-02
-1.544605293559989101e-01 3.241191351579328622e-03
-1.852619384601699448e-01 9.616968835054248016e-03
-1.831907648583020742e-01 -2.625104405051344875e-02
-2.113587258437053529e-01 -4.403449937238206741e-02
-1.928273910190190232e-01 -8.560959205082794427e-03
-2.086264777269410953e-01 -1.998837811029316111e-02
-2.157142416162316223e-01 -4.017018736347988811e-02
-2.194897006198601175e-01 -4.792541558180608147e-02
-2.021985504398361722e-01 -3.799000098375184681e-02
-2.084506941220151122e-01 -5.074371683656588722e-02
-2.208640458750094904e-01 -2.964279926622708644e-02
-1.948396836668922216e-01 -7.241744756598471854e-03
-2.287129950082983920e-01 2.290307362533291688e-03
-2.322601246533494979e-01 -1.834955462495272555e-02
-2.319013047313804865e-01 -1.283632103981818470e-02
-2.666110955369562774e-01 -8.126574724652019938e-03
-2.606464825682863196e-01 -1.505689796265405854e-02
-2.513342623561796163e-01 -2.612697242861904134e-02
-2.393675786365803693e-01 -6.679795191785170561e-02
-1.948545823104580466e-01 3.456165270421657915e-02
-1.252610666816071361e-01 1.747767631863535870e-02
-1.068506832106002058e-01 3.580252548270935337e-02
-6.672830112327353402e-02 1.606304974797027191e-02
-9.912069020697454949e-03 -9.844799387627610129e-03
-4.116840376422824938e-02 1.910561345396070282e-02
-2.885123054701937972e-02 7.365566065260925610e-03
-2.020944201353440037e-02 3.259604028829770489e-02
-1.913638286666222155e-02 -1.004046651035496538e-03
-6.703326456048559930e-03 1.087024622709264858e-02
-1.312959348375317137e-02 1.512552383832611522e-02
-1.505287292588426478e-03 9.470931544383571349e-03
-1.945654350285856357e-02 -4.617057600949043064e-03
-1.252623337216758059e-01 -1.685271426615527271e-02
-1.318126541666761187e-01 1.662909625771818306e-02
-9.034050303242813218e-02 -2.998181258482414749e-02
-4.673469283177747458e-02 -3.456675545322866923e-03
-1.592493145772863605e-02 3.437869284648802874e-03
2.021488882946168367e-02 1.683806866651122586e-02
1.459490347762397097e-02 3.168106623550755174e-02
1.831284323123962693e-02 3.909693160694188707e-02
-5.545589710657656407e-02 -1.941853230079917947e-02
-1.815814928980109544e-01 -3.709459687455069626e-02
-1.784425977376060402e-01 -4.590906694934530213e-02
-2.186770764618105045e-01 -4.525578764360689565e-02
-6.395059248266699026e-02 -2.080725918891163789e-02
-2.609272775802809127e-02 -2.037484171536904295e-02
-3.989258907901479384e-02 1.603541880808247166e-02
-1.384778820385915987e-01 -7.526765602086400719e-02
-7.932774938635030887e-03 -7.548983950692453315e-02
5.170975478867431696e-02 -1.129848902206424116e-01
1.091051115846953801e-01 -1.364983431046768447e-01
1.295332199558238695e-01 -1.265867692490636742e-01
1.444743020820882795e-01 -1.341992042362052939e-01
1.622273539036890033e-01 -1.240346301498735232e-01
1.879443496675674563e-01 -9.202149382970829794e-02
1.722874335935548618e-01 -7.170318831602298659e-02
1.798177585587766303e-01 -5.116759999424380645e-02
1.940741001918509789e-01 -8.322804642547795839e-02
1.819440993765069348e-01 -7.328534998794875022e-02
1.672235987316185446e-01 -1.078287798888791921e-01
1.642849250294176333e-01 -9.285434693781939586e-02
1.688857951012137926e-01 -9.026391264483031585e-02
1.429269548846923976e-01 -7.096700162694222214e-02
1.415774843931895399e-01 -8.101055154119986279e-02
1.609514445545623673e-01 -9.124845375104467804e-02
1.754727286350943327e-01 -9.017407659122751717e-02
1.951011890861176212e-01 -9.821455994822675395e-02
1.999616276078388377e-01 -8.221854317354337915e-02
1.179128168306177171e-01 -4.991249121957744977e-02
8.279241766072689690e-02 -8.038087631811960398e-02
1.548737009278091381e-01 -4.530878487130578225e-02
1.725813431984438984e-01 -3.298482133878649636e-02
1.511598171587810457e-01 -4.711418589601593793e-02
1.598275217589574804e-01 -5.061120556271998111e-02
1.975637033050497704e-01 -4.315997593787541942e-02
1.263688820482933850e-01 -4.758327107223478403e-02
1.446101520793334760e-01 -5.756847160677943526e-02
2.152462232294958533e-01 -3.889630964756677495e-02
2.099307425589832798e-01 -4.500236870711846193e-02
2.000674036080523632e-01 -3.639475020536980798e-02
2.046084169593642144e-01 -4.737648503574410502e-02
1.819655516756002178e-01 -1.805435431401673785e-02
2.442691741150141427e-01 6.847589708577145155e-03
2.151609528892438616e-01 9.640366978189736499e-04
1.870401345326015985e-01 9.599002716609609034e-03
2.031236207630583990e-01 -1.058979801270303230e-02
2.512775805177063781e-01 -1.053162612782723891e-02
2.357516356084907172e-01 -4.128476391811865265e-02
1.805815070102701758e-01 -2.856041208298746095e-02
2.413667639733986237e-01 -2.943670136356679387e-02
2.060298028975219575e-01 -1.890086815298288800e-02
1.905338154759063651e-01 1.520049401664074797e-02
1.763471027918917244e-01 2.723114687556780003e-02
1.840591970340879069e-01 4.690967543436119075e-02
1.579786481525816966e-01 6.928594529310677652e-02
6.230512249834577188e-02 5.991331129979593495e-02
1.423215864417795851e-01 7.391568785842123068e-02
1.843804426643660122e-01 4.196576154581856122e-02
1.996403382865238885e-01 7.562381078958516079e-02
5.932778222853272304e-02 8.453957853331617311e-02
2.287981634027977385e-02 5.308382333392364788e-02
1.874968806318300790e-02 6.192074331981960167e-02
-8.478682611084956480e-03 5.582816658605584126e-02
1.225520476327680679e-02 4.023341921656085896e-02
2.946232251575950302e-04 4.282442877486845184e-02
-4.430868247413339948e-03 3.756080208325719011e-02
7.850551137973386289e-04 1.857548825834285516e-02
2.357201343709219507e-02 3.869152975785145748e-02
4.580336740844626053e-02 2.720912841345533850e-02
3.562373447808022536e-02 1.369132186269242032e-02
1.005121914759269652e-01 4.785225129968124352e-02
1.208118554805563405e-01 7.291541797894093846e-02
1.953976764621808138e-01 3.388201313957875382e-02
-1.371429752260387158e-01 6.674065840486256840e-02
-1.315292012832731394e-01 1.058832325816336239e-01
-1.241512123998679135e-01 1.157532926703999238e-01
-8.190244580377407935e-02 1.329874915838900606e-01
-1.032714260897854980e-01 9.467238923585810650e-02
-1.067287342449127485e-01 1.041251125406345013e-01
-6.562366063859838283e-02 1.057980641871342775e-01
-3.792520353518375603e-02 1.295700660635672741e-01
-6.967136577467787639e-02 1.334783021281825133e-01
-4.146526251410465741e-02 1.666155651354579159e-01
-6.527842862908969646e-02 1.302837154594729818e-01
-4.858212827485693802e-02 1.800323834954621061e-01
-5.013179837904535585e-02 1.908204578049993716e-01
-4.513673320911074788e-02 1.909496230736065225e-01
1.979906484762269242e-02 1.590374858669592606e-01
-3.879876940779945250e-03 1.073427098220849640e-01
6.596941694054926641e-02 1.544463734600595439e-01
4.997203846188408294e-02 1.742207474104824627e-01
7.171009149984526598e-02 1.789719146490421631e-01
6.108463522946319668e-02 1.618297217773183860e-01
5.228401521335000746e-02 1.666319347105976734e-01
-3.541247739215191634e-03 6.821565324523509721e-02
2.735329245092107519e-03 9.791191941780720553e-02
-2.936166200777715063e-02 4.868410315486452339e-02
4.234351060950276163e-02 1.647527103972901974e-01
4.351798393474295285e-02 1.721426123700764976e-01
3.971732976653102876e-02 1.721677201525862178e-01
1.844170448304869800e-02 2.049116181914233392e-01
1.391294009596369396e-02 1.923271577744459504e-01
3.061365415514821775e-02 1.538111786026572503e-01
3.220484166710321783e-02 1.878628513201635042e-01
4.028026328990338967e-02 2.299559613156402227e-01
4.903756000206020010e-02 1.981014234592400058e-01
3.963060669930378033e-02 2.184001626702560539e-01
3.025572989943464339e-02 1.959541546348586016e-01
4.098212884907871320e-03 2.172760068557879620e-01
3.506109222828686801e-03 1.892071225782812338e-01
2.035278229290953152e-03 2.172231989559154364e-01
-1.075436940529739434e-02 1.951928965724654963e-01
-8.805273111537703732e-04 1.870889228570839502e-01
2.222948617952873185e-02 2.055427643460775444e-01
2.720330476233522379e-02 1.750434059433285949e-01
6.605152696246911759e-02 1.778105777622148442e-01
6.230684101246186657e-02 1.951031551827758781e-01
5.552996069587656097e-02 1.517912982780511011e-01
4.422399104011967563e-02 1.174025273657297169e-01
7.656811245086078688e-02 1.237479295660647016e-01
9.755717732594419711e-02 1.003245311908173149e-01
8.246798258475873666e-02 1.112724928497066668e-01
7.993733219385923405e-02 1.176785600547076843e-01
9.083626522756356458e-02 1.244524329715898381e-01
9.154269832054956479e-02 8.008231361780604463e-02
8.810033978186444792e-02 5.648200295251408487e-02
8.163014869844677224e-02 4.005689650492818416e-02
1.201524339432207961e-01 9.843911003211663902e-02
6.359159779655060296e-02 2.966407316025323343e-02
1.836437680920404228e-02 -1.537837115041576323e-02
1.541373540382599307e-02 -1.623515238304163236e-02
7.367746976183682170e-03 -1.861476285955114898e-02
-1.721733417326608978e-02 5.528800701564148129e-02
-2.346851847309420688e-02 5.539679769739764420e-02
-3.657263098006456603e-02 8.394952379881927274e-02
-3.852267846410567433e-03 1.808137539984851216e-02
7.262396963579443405e-04 9.180440034944079009e-02
7.469303150421457461e-03 7.356648724639867909e-02
2.153113592835995127e-02 1.231497847079110891e-01
-7.285560494949347085e-03 1.617757342194508785e-01
7.678452143821764934e-03 1.386312812689714791e-01
1.204456663370386676e-02 1.709665079127939136e-01
-4.372908446112255647e-03 1.446876745423840704e-01
-8.241432999150710009e-03 1.547680268733482578e-01
-1.290046603556931626e-01 7.347104417640015761e-02
-1.228596616595490215e-01 3.818662521325519310e-02
-1.316454776960095940e-01 1.079987817132620209e-01
-1.310127441003498261e-01 1.330466201204268950e-01
-7.339194883602294384e-02 9.393018774737101062e-02
-7.623590037033335653e-02 1.341251333650658184e-01
-3.244686088389357737e-02 1.464253835873348397e-01
-3.219887419965347664e-02 8.238253019851987657e-02
-1.446256623974151723e-01 -1.208182052445785221e-01
-8.862659832072107557e-02 -3.993767094720437894e-02
-5.860637039174668855e-02 1.083294937348576042e-01
-6.011212372206151122e-02 8.866828685171532221e-02
4.366443264934397051e-02 1.507893608573310507e-01
-3.699087435306911559e-02 4.581187259695303476e-04
-1.451575862073833378e-01 -1.717880013513240489e-01
-1.287889285794074634e-01 -1.710661089131326473e-01
-1.176401265059587586e-01 -1.591605926451232222e-01
-1.632227522325605529e-01 -1.670102262713227537e-01
-1.676290952446221616e-01 -1.686220031843932710e-01
-1.539133719378490972e-01 -1.719979950381034517e-01
-1.661296334236137262e-01 -1.529582130539162699e-01
-1.127266397836623191e-01 -1.865511298844989285e-01
-1.253578714555874940e-01 -1.668083299900395278e-01
-1.072601920171545181e-01 -1.830093451096224677e-01
-1.106649107275934768e-01 -1.915914298412521033e-01
-1.113981337080079265e-01 -1.963833462535137797e-01
-1.089069727325812365e-01 -1.993070484937541631e-01
-8.545797869157931159e-02 -1.936223057434654782e-01
-7.285979200719157334e-02 -1.879605444785598101e-01
-7.630256561072677746e-02 -1.906753744352999158e-01
-1.126761402269033513e-01 -1.334561653361785727e-01
-6.846637426019805406e-02 -1.684454040134460984e-01
-5.943397329359631498e-02 -1.427960856656480815e-01
-6.118625329933650991e-02 -1.025604418471276202e-01
-5.328812262223361906e-02 -1.088058207004343192e-01
-9.894045011628989361e-02 -1.798198557285454191e-01
-9.633299816444780561e-02 -1.554042266245981019e-01
-9.477975995891664562e-02 -2.033115941672654636e-01
-1.057584364167114543e-01 -1.930659295165403355e-01
-1.135383755572959841e-01 -1.734013802690790307e-01
-8.444613068733379524e-02 -1.854265954143781425e-01
-7.931046776081632221e-02 -2.024922998442567901e-01
-5.057450509176609349e-02 -2.111085800940609158e-01
-3.131064634325491508e-02 -1.577301480986586235e-01
-2.311493237324785052e-02 -1.444580927074169963e-01
-1.747577211761265278e-02 -1.614639986715271092e-01
-2.062577026275703301e-02 -1.798362544310430633e-01
-6.527783151825274251e-03 -1.925497344798381139e-01
1.299234537332879212e-02 -1.772186807223307681e-01
1.499859409443778102e-02 -1.886972190508854064e-01
1.623440963541518400e-02 -1.789334519729353368e-01
8.954070219369397385e-03 -1.785526117683940150e-01
-1.684509382114470974e-02 -2.040690948004894867e-01
3.523837953306441229e-02 -2.075116426670009506e-01
5.377822682809699217e-02 -2.198359957779321416e-01
5.952672936482858446e-02 -2.160441380718060023e-01
6.200256206816045362e-02 -1.770665630956984871e-01
8.689480212942399251e-02 -1.763152665897071425e-01
9.995853865696546769e-02 -1.510221321379881798e-01
4.512719399939852521e-02 -7.332358692703185021e-02
1.145728263912718231e-01 -1.615904405321706150e-01
8.579308894421777687e-02 -1.090830257655677621e-01
-3.696972425031404275e-02 -1.414298378159948855e-01
-4.144679941011585739e-02 -1.387146437672810151e-01
-1.189536720424118170e-02 -1.689558609606420236e-01
-6.033679031538299875e-02 -9.190117599606324739e-02
-5.026664712336272739e-02 -9.334659928632788040e-02
-4.057822159754052166e-02 -2.860573061095998335e-02
-2.246496994539029859e-02 -1.841319426104429113e-02
2.332390296158102019e-02 4.585423105717897907e-02
-2.781661223073560868e-02 -2.613020374488606370e-02
-7.114875087885805076e-03 -1.012472640435680554e-01
6.453872481154251939e-02 -5.731342153824860869e-02
-2.289337512538218260e-03 -6.702656526816862248e-03
-2.042024398449552788e-03 -7.147897319674894473e-03
9.667042404203931433e-03 -2.214213687410663753e-02
-2.762038122056391116e-03 -5.119153540059805801e-02
