7.926784303528644493e-02 -1.644299316078178808e-01
-7.146226754354147170e-02 -1.633000765799878240e-01
-5.849521523118623306e-02 -2.066525575820067073e-01
-1.195850991134553287e-02 -1.801983354874981125e-01
2.739504689838847748e-02 -1.706464752692799791e-01
6.042730405696391388e-02 -1.524004242059527614e-01
1.439083211174943533e-01 -9.777280300960052017e-02
4.872342430539250424e-02 -1.412103378926624908e-01
1.491503600609872038e-04 -1.530767026528303265e-01
-1.835685438231142996e-01 -1.579180569153307290e-01
-1.934656820995640791e-01 -1.195082222175718606e-01
-1.416484290753157738e-01 -1.896382574526259412e-01
-1.694267023570948938e-01 -1.691183179294265815e-01
-1.847004834237923332e-01 -1.792759285464992358e-01
-2.004564294990715811e-01 -1.694971476839732261e-01
-1.763211292556429166e-01 -1.526857459784617677e-01
-1.284624469812365444e-01 -1.356142028169065039e-01
-2.294807313843828800e-01 -1.009564007147507742e-01
-1.784490976161569875e-01 -1.499982187063276518e-01
-8.969934336266213726e-02 -1.612346619491418775e-01
-1.378354971729397194e-01 -1.574301841477603880e-01
-6.950574702765868751e-02 -1.553362803546588511e-01
-6.853867066848894074e-02 -1.421504967913270467e-01
-6.574823415621514067e-02 -1.606796692447126362e-01
-4.905191824335217859e-02 -1.690566079554350065e-01
-4.698296728356772534e-02 -1.793960231044629816e-01
5.247252857247110963e-02 -1.534734498073321574e-01
6.104932156893562792e-03 -1.540727645011242541e-01
4.625789990551022746e-02 -1.605258740923733163e-01
-3.563427558337029649e-02 -1.899507944817612481e-01
3.717777769557681702e-03 -1.606174133111656355e-01
2.032177274881033762e-03 -1.604197759521031053e-01
4.978173381511893925e-02 -1.366215891899181800e-01
1.327377652664821217e-01 -1.128512050044873788e-01
8.291965896401184977e-02 -1.010875302734256104e-01
3.455682026468897411e-02 -1.401795662520269325e-01
2.780853888061850590e-02 -1.438750175846136570e-01
4.917983408555306329e-02 -8.426058526481361444e-02
6.824468799212349279e-02 -1.133663178450274450e-01
5.975076503848035514e-02 -1.024905718818282657e-01
6.639361211946730179e-02 -8.268904068453317158e-02
1.000575444836652728e-01 -1.222309969694885534e-01
1.176161332013432592e-01 -1.190769058966744953e-01
1.145916992508273086e-01 -1.202266553598195370e-01
1.448910152287949393e-01 -1.069697233398789610e-01
7.168769093512916690e-02 -9.814399760248572469e-02
9.659447339094062723e-02 -1.046977870990231929e-01
9.555628993573449248e-02 -1.202477906123059215e-01
1.295123933832276752e-01 -1.129537874961052679e-01
8.863530954971825249e-02 -8.876972313784009527e-02
6.757561455695458574e-02 -1.056702982374037036e-01
1.075082214480429232e-01 8.417825290943316274e-02
9.134083694295232203e-02 9.942310639180773624e-02
1.335343947068722004e-01 3.748904495514004953e-02
9.005516009473631123e-02 3.744739072269574059e-02
1.259416359042533906e-01 5.328985484328033900e-02
1.646622787592220694e-01 5.503648699856151377e-02
1.027621702164214501e-01 9.093022572458858699e-02
1.577644933821967521e-01 -1.427828999430234835e-02
5.185834061685101054e-02 1.597805234896204629e-01
1.406739574458044095e-01 -4.893170787578575778e-03
1.958818674726537645e-01 -4.417820346902134182e-02
1.914758415065716257e-01 -1.360590771334301702e-02
2.069943613521584014e-01 -3.369053548435305134e-02
1.259189785827034003e-01 9.587987850980984883e-02
9.510016554352336560e-02 8.248031041995820822e-02
1.080994294696484698e-01 2.739616776989998656e-02
9.030831161404782870e-02 3.792572574227515148e-02
3.346560428357667899e-02 8.317355497362621808e-02
6.997877962185893030e-02 1.426556913666102988e-01
1.750912147311101813e-02 1.735487300889842210e-01
-4.468322432990059351e-02 2.629541734964256361e-01
-3.077901796446422342e-03 2.552394671822004191e-01
1.998533137686777164e-02 2.415092957651977235e-01
-9.061985598944600345e-03 2.595553105562643514e-01
-1.153826271363147388e-02 2.623135478629399775e-01
4.074246344252566154e-02 2.160296941982610686e-01
6.130387934770808317e-02 1.446683464513277839e-01
1.247884866020586708e-01 1.308040592423243553e-01
1.435865193201458501e-01 1.305037814868426072e-01
7.265255036761932017e-02 1.605388613121007668e-01
5.707696534031930086e-02 1.913980836304964572e-01
8.009991848620651828e-05 2.369943260514655869e-01
5.006440851099559775e-03 2.215847664977577680e-01
5.258314328724526809e-03 2.125213250066653736e-01
-1.423403004579807361e-02 2.194465241710644166e-01
-2.911585764833256665e-02 2.230473590582737475e-01
-3.436948996026362863e-02 2.266339493643552416e-01
-3.258745935911067787e-02 2.411674423623591801e-01
-1.470935608373681071e-02 2.326583483507669303e-01
-4.856307660437383412e-03 2.331831974700453447e-01
-2.738337908091996453e-02 2.241425704706779820e-01
-5.343085303452514701e-02 2.186769693613545562e-01
-4.293715467840378969e-02 2.131721749736434635e-01
-6.170996985551063796e-02 2.202488200098706161e-01
-8.339385896036752982e-03 2.380094303072834705e-01
-6.115544038949203426e-02 2.388350369646832505e-01
-5.521015590592960598e-02 2.323039047896957865e-01
-4.413139984531567334e-02 2.479293665312293227e-01
-5.525232300947143654e-02 2.354517421439659142e-01
-7.094231551603290276e-02 2.437313015230758717e-01
-6.772024420645439413e-02 2.337637013755188287e-01
-7.726029184520069593e-02 2.478537924933758574e-01
-9.464530678482706294e-02 1.987910377800599926e-01
-7.013421265286449990e-02 1.547329950459182257e-01
-4.623197096268494982e-02 1.357460934101131500e-01
-1.030270515940600595e-01 1.387355528606242228e-01
-9.782278312526500319e-02 2.074068751568516333e-01
-8.760849197980226377e-02 2.054354152022250246e-01
-8.950422072640032423e-02 1.751677648784718266e-01
-8.913394433822197094e-02 1.858950263868253405e-01
-1.194425416286317709e-01 1.900304549441658997e-01
-1.093573451016827403e-01 2.136296063599418260e-01
-8.227026488918154357e-02 1.968422765075557856e-01
-9.350762633670262058e-02 2.111743435180671313e-01
-1.551740807340118433e-01 2.022324855655441844e-01
-8.914177803063082217e-02 2.209676667578421017e-01
-8.250716170354756296e-02 2.269588945652046830e-01
-8.826103773024794596e-02 2.180086321443740482e-01
-1.099083671911634807e-01 1.846929557996190852e-01
-1.741065187681063720e-01 1.731056756376452843e-01
-1.773742190611349578e-01 1.607912269805370498e-01
-1.818879810461535851e-01 1.675735832721631235e-01
-1.667283551592260715e-01 1.553608650788817491e-01
-1.693898087265315877e-01 1.376625189871303612e-01
-1.407737026021569915e-01 1.795229173405260559e-01
-1.439486394034507899e-01 1.988033301421714694e-01
-1.559896946771245074e-01 1.869804601599188432e-01
3.920581477716257590e-02 2.290147631759452129e-01
-7.444270728723070829e-03 2.198470434097673232e-01
-7.416509641793129440e-04 2.068031927866161579e-01
-1.513414115664958592e-01 1.531056715977255622e-01
-1.361231363879329415e-01 1.281500009453604705e-01
-1.411151258550427945e-01 1.438334253930279305e-01
-1.972943641079025756e-01 1.201798517361138685e-01
-1.380373284940416279e-01 9.316192640063269970e-02
1.615463407464003132e-02 1.614829081045690840e-01
-2.645217888223299479e-02 1.324079808786641776e-01
-8.360235657172285229e-02 6.600530665778832351e-02
-1.299956585830348288e-01 1.535668750682250006e-01
-5.317258107635293440e-02 1.142079227718239831e-01
-3.169136394623158631e-02 1.537270562929398676e-01
-3.243778992386631838e-02 1.365442366474523550e-01
-3.619060837034468459e-02 1.965809769554853204e-01
-3.918295478880792077e-02 1.662519475423195892e-01
3.202466398270185661e-03 1.985323356719350396e-01
8.679201773678407034e-03 1.796601517196842468e-01
5.612921264056568854e-02 2.143312305655740990e-01
3.254837982229705218e-02 1.601836567164978409e-01
4.801502523800431355e-02 2.005029187824271530e-01
6.292190493922962535e-02 2.307067580151118680e-01
4.958261574756518686e-02 2.204330069107950374e-01
5.449394382641876283e-02 2.114820827208063192e-01
4.432260977143030051e-02 2.151170483523439370e-01
7.710384961622904210e-02 2.386586589398242420e-01
3.443747846914254479e-02 2.753611871145212331e-01
7.501237782478345495e-02 2.405829843861661266e-01
9.863291265648005401e-02 2.288681316747421812e-01
1.235378338865343872e-01 2.261459276987243527e-01
1.153151701107909127e-01 2.415064005251310875e-01
9.238570426665512758e-02 2.488074845713232897e-01
8.445549282609904340e-02 1.993631372172257887e-01
1.047008064208069522e-01 2.307487141797345542e-01
1.064135394509651555e-01 2.248301486259298709e-01
1.133085453975264945e-01 2.234560015133921773e-01
1.107841111344027990e-01 1.924400722583615997e-01
4.523321654112906487e-02 2.263171108356923644e-01
1.298995945176240896e-01 2.327282973507766584e-01
1.050063038805231219e-01 2.398928749638845614e-01
1.122130113726576978e-01 2.256382349448693148e-01
1.146484045955608461e-01 2.240830112464501922e-01
1.139377224245772535e-01 2.319441174426730978e-01
1.034851778379744097e-01 2.256797940479971509e-01
1.176971585626364752e-01 2.259626672746212206e-01
1.197150581679317927e-01 2.219009928899494111e-01
1.154001412706892188e-01 2.217370726694913863e-01
1.141161105732539510e-01 2.198414183719236137e-01
1.144342891844619542e-01 2.081683398386038886e-01
1.364906333456473442e-01 2.139474871750286777e-01
1.158807180332916548e-01 1.972529869912932332e-01
1.095889808512419822e-01 1.803459100097514201e-01
1.222280851851929723e-01 1.664995981055045204e-01
1.832488431428426767e-01 7.082682025371785095e-02
1.915031063958848034e-01 1.646331216237224837e-02
1.966197566281491782e-01 9.131709597440595960e-02
1.679125083464771406e-01 6.361598911251695188e-02
2.085825246104212882e-01 3.202602888159040984e-02
1.801580668342285529e-01 7.944456021683896085e-02
1.703956151256783291e-01 9.051865494094563092e-02
1.498227009813741517e-01 1.392653817928172499e-01
2.021474482287300700e-01 8.656319450614670397e-02
1.077928483629359280e-01 9.047254617485595007e-02
9.893344684751056994e-02 8.151085169181936096e-02
1.855007939551242546e-01 9.345939163719259313e-02
2.212630143330961141e-01 -1.127187270911529302e-02
1.838885092110491282e-01 1.150449801036872860e-02
1.530165809248181796e-01 4.064189934683994088e-02
1.620508053075810362e-01 2.811270659793263862e-02
1.646578614500918414e-01 1.706677842361703501e-02
1.414405508385318255e-01 5.588480061019814732e-02
1.252137725515029554e-01 5.547321328232623916e-02
1.265086231746729573e-01 4.962444783047072899e-02
1.735395645861447234e-01 4.912388150323684921e-02
1.424469859183787601e-01 5.041628358052191450e-02
1.858225957524727856e-01 1.094788376469929547e-01
2.085181344713394613e-01 1.171784308080703607e-01
2.285645947061568650e-01 9.040195194991706984e-02
2.154720047845125885e-01 1.085948298613920310e-01
2.386721590306492002e-01 2.584154586780899182e-02
2.335131390280383301e-01 -5.039134729143376901e-02
2.446737435253358295e-01 -3.271797264525705407e-02
2.278940736509546539e-01 -6.267646716666704088e-02
2.253807074769999530e-01 -5.152737745272022857e-02
2.139401249931449644e-01 -7.838801266749594043e-02
2.301698646971562789e-01 -8.666576045353563407e-02
2.022732836341402107e-01 -1.080046641262104729e-01
1.586927238917868188e-01 -1.025405354532638036e-01
1.927581681484248355e-01 -9.845438388185726031e-02
2.287401289753392963e-01 -1.088890358848483425e-01
2.143173168690253316e-01 -8.227968682756980900e-02
1.633303359747413364e-01 -9.467298527986403589e-02
1.616049548815491899e-01 -1.201434296160756726e-01
1.578745290489576014e-01 -1.037491658272495926e-01
1.901320199657032251e-01 -1.297129177102423481e-01
1.848717492819051122e-01 -1.396805592183717748e-01
1.744083020484227808e-01 -1.491796929789193926e-01
1.454495980309068182e-01 -1.663783785399720327e-01
1.421748995290314788e-01 -1.668999849903758104e-01
1.590004796387549379e-01 -1.545131718758308292e-01
1.467386250854856578e-01 -1.708958298880469684e-01
1.428415823231168058e-01 -1.562582571457049874e-01
1.366726943131514049e-01 -1.428736284945971435e-01
1.386482241481002409e-01 -1.574539251163067366e-01
1.226175859674137475e-01 -1.333108987179574267e-01
6.617570807993836124e-02 -1.776883774247075831e-01
6.829605368696271828e-02 -1.949795617698317496e-01
6.366262315787585280e-02 -1.452878947371283869e-01
9.422945104588549559e-02 -1.817477356173261005e-01
3.042792667778451698e-02 -2.072930839501186395e-01
8.443762505883070646e-02 -1.782444455040187170e-01
1.456438603672631227e-01 -1.520125116697113865e-01
1.426035770454109897e-01 -1.455032840538565964e-01
1.490168646775721917e-01 -1.291089871765725983e-01
1.667651660686446380e-01 -1.085490685241103509e-01
9.732014463335486587e-02 -1.740915958735915481e-01
8.862826170818463578e-02 -1.743504303355481178e-01
8.491155931350884145e-02 -1.742196151172233642e-01
5.019577796099024963e-02 -1.659424381070825349e-01
7.937421415533436886e-02 -1.398189682377855847e-01
1.025563517361420679e-01 -1.604270554128420512e-01
9.378023386926188920e-02 -1.680930389728031438e-01
9.139336486987544028e-02 -1.905956719820876000e-01
1.218959515168638319e-01 -2.113312489854494436e-01
1.312439454738189570e-01 -1.739823708740493580e-01
8.318646774432338076e-02 -2.197269157633456871e-01
8.029276629098741624e-02 -2.080536883319653862e-01
8.909689353748359575e-02 -1.388693460401603796e-01
1.171784142638414156e-01 -1.389780416243760752e-01
1.468941904703228440e-01 -9.999929225352471862e-02
1.357135757281076605e-01 -5.472363976513335004e-02
1.270013351292118009e-01 -6.331988050273114343e-02
1.281923707157069658e-01 -8.615536271824693337e-02
1.242727864413907951e-01 -7.343004640722620990e-02
9.301226730553144306e-02 -9.654695836539001208e-02
1.601515774565595851e-01 -1.083718632878037380e-01
1.372684933582911937e-01 -1.323561726257004856e-01
9.157564918447036462e-02 -1.245435410203074161e-01
7.094568226662466282e-02 -1.400905086675774402e-01
1.384068686640316237e-01 -1.109856032988112001e-01
-3.133029855752234027e-02 -1.531720966769684888e-01
6.412749117508821650e-02 -1.477252732675057856e-01
8.862181773100775983e-02 -1.373261169077315824e-01
9.131612813701225906e-02 -1.585936239603633613e-01
6.682269910551336817e-03 -1.773704635211628133e-01
-3.033115741461469422e-02 -1.638551850940197507e-01
-4.791483338747001830e-02 -1.312868032989195355e-01
-1.289775680938910893e-03 -1.547012466705590117e-01
-4.034297821813226034e-03 -1.686644104638950481e-01
1.937034309417211275e-02 -1.536525079972814178e-01
6.414284008349857569e-02 -1.461115657197407658e-01
3.845806112515442327e-02 -1.471517675708790551e-01
1.391098329522090157e-02 -1.512516094917435161e-01
-1.689937564296457514e-02 -1.244914597875660112e-01
1.003195554375806847e-01 -1.711752122823621547e-01
-1.549119291541503456e-02 -6.787883718518983311e-02
4.469912333392362519e-02 -1.096877416259719185e-01
7.792607297880811690e-02 -1.178038771114924138e-01
1.337885636962642677e-01 -1.203425311394004799e-01
-1.072053214322722381e-01 -1.331581623962710681e-01
-1.230988741318611163e-01 -1.385080531683030303e-01
9.162663022598645235e-02 -1.352047414224549493e-01
1.468923209724512513e-01 -5.581071555295036291e-02
1.973473883616942703e-01 -3.553499780148560577e-02
1.301202035385866929e-01 -1.131609543310442556e-02
1.348038499386006173e-01 -9.337066493732214603e-03
1.039327157753593689e-01 -1.084587370340315410e-01
1.007620722014786613e-01 -1.081808518924365359e-01
1.384672633718214974e-01 -1.100751661074591964e-01
2.111349020762451623e-01 -1.082035257582154714e-01
1.538056082920047363e-01 -8.038481010876276367e-02
1.972909890851963499e-01 -1.245405878754394513e-01
2.184819459904664696e-01 -5.814022984661691013e-02
1.797620310815716826e-01 -2.003698452768504570e-02
1.703543538186716444e-01 -1.567743957284400969e-02
1.589557605878972601e-01 8.215553893351277073e-03
1.809124505859892873e-01 -8.344185273454344728e-03
1.612115496612957222e-01 -1.672508710252150780e-03
1.981107225413181183e-01 3.041425700861279113e-02
1.969723637798066196e-01 -1.174902481632462622e-02
2.066604491792168874e-01 5.166654337060858776e-02
1.708745209211565974e-01 3.589527733931962422e-02
1.872650870748118757e-01 2.127148800772339643e-02
9.757764728488081685e-02 2.849065123623032575e-02
1.313651484951224857e-01 2.941939771896082828e-03
1.377271159290741065e-01 2.242341096894702804e-02
1.692406625025278388e-01 2.268582312041452290e-02
1.805387164539599132e-01 4.315055868765774183e-02
2.149002031434679438e-01 7.859246624888677202e-02
2.242275416305762881e-01 9.095878106376001360e-02
2.395754904756662584e-01 9.802094989965401406e-02
2.476965065087276263e-01 5.457809191092669737e-02
1.919844111045611035e-01 9.416374564060198127e-02
2.274124546019282156e-01 8.658307239723271598e-02
2.149498192860954671e-01 8.069573407557524558e-02
1.660287493495259670e-01 5.616410028336856625e-02
2.244970636644359752e-01 6.339618662271574723e-02
2.429270865537112301e-01 5.544828940140980600e-02
2.267551523856587981e-01 3.655162826242430718e-02
2.265254357666580121e-01 6.296535835657247893e-02
2.396540921074179764e-01 9.335584958029548297e-02
2.200229416519867420e-01 1.070552321872182272e-01
2.320310904542746133e-01 9.399353034102765625e-02
1.710053857721682002e-01 8.279158181557867702e-02
2.244003957346684952e-01 8.285491312400755648e-02
1.913789585018277617e-01 5.640674621729546007e-02
2.143858596095741531e-01 6.965747415137896192e-02
1.743953313729242893e-01 7.021299627113469777e-02
1.324159469249046317e-01 1.513822758120076939e-01
1.692786315079730375e-01 9.855636250911839480e-02
1.528991334434867677e-01 1.045664093769140685e-01
1.285346377242693183e-01 1.503522321174460274e-01
1.636197607160304601e-01 1.169033085527103749e-01
1.443204378606927352e-01 1.549400460712545280e-01
1.557465275999856402e-01 1.228798864453358175e-01
1.593429120896068252e-01 7.659130940329103576e-02
1.876705695822004361e-01 6.670274930955294446e-02
1.482409072512578530e-01 3.454035462082433172e-02
1.199827355202633256e-01 1.180344705746276535e-01
1.209064659995783830e-01 9.307519328035099293e-02
2.033574269573754645e-01 -1.466109656788335165e-02
2.042173463456220250e-01 -1.347498495753007494e-02
1.940985815781290647e-01 -1.144030123196278920e-02
1.491095785366201298e-01 -3.185507943185632990e-02
1.438440964207020611e-01 -3.531365669839185706e-04
1.040313690126011131e-01 5.680005217217522911e-02
1.325821502489580861e-01 -1.204664308700232299e-02
1.398529500840533235e-01 -1.111753986933504135e-01
1.539170667624554512e-01 -1.602068351812598046e-01
9.455152582301172559e-02 -1.433143336654248701e-01
9.868366207879081253e-02 -1.436464590616395309e-01
1.708038936077597991e-01 -1.176051974660058813e-01
1.577767692000792699e-01 -5.084197072751830276e-02
1.870904958266796925e-01 -8.576046851738775012e-02
1.725662345084310600e-01 -6.001351221058413149e-02
1.472703731482371270e-01 -5.948342270678511762e-02
1.456435129384551219e-01 3.438077674345908861e-03
7.638721152282268445e-02 1.270646416212972522e-02
1.006787802808190024e-01 -6.961665953855397659e-02
8.535573877241650620e-02 -1.218804040777060269e-02
1.569079986493432666e-01 -1.029689069014076835e-01
1.015743028497706341e-01 -1.495502340747609758e-02
1.222671626539779816e-01 -7.223614866912232702e-02
1.455280838530558785e-01 -9.067573412273194355e-02
1.325803965606891510e-01 -1.132512030999782981e-01
1.107379279192828442e-01 -2.355626546548612310e-01
9.861849436094824450e-02 -2.472989652312361231e-01
8.709870638098478335e-02 -2.267701249128604990e-01
9.395013482848613151e-02 -2.175349377810157081e-01
1.160733094025237777e-01 -2.218706011413642820e-01
1.013769301983713234e-01 -2.523484128054968023e-01
9.377357481710864306e-02 -2.510073045181765994e-01
9.759202421984024267e-02 -2.485547880183079372e-01
1.054981555351564571e-01 -2.438509990195447674e-01
1.089930246359271659e-01 -2.236641113693814131e-01
9.646455983309376592e-02 -2.374914801314780832e-01
1.017971453416417899e-01 -2.267794062253026544e-01
9.579427866921134960e-02 -2.363611784094663271e-01
8.914945455286461817e-02 -2.397081090149467963e-01
8.697385535719728833e-02 -2.302284974445627519e-01
7.797406778699833563e-02 -1.818982881007907837e-01
1.071114494771976677e-01 -2.148317762125218078e-01
9.170022722848016061e-02 -2.455554351188834750e-01
8.823673425791721259e-02 -2.429961752538154773e-01
8.217963560298159609e-02 -2.722514180310700027e-01
7.716555959022061706e-02 -2.674875900254394256e-01
7.715398690206858034e-02 -2.739214255899592443e-01
8.514025846242906370e-02 -2.918343089706477711e-01
6.867693492589940774e-02 -2.482741648068213514e-01
9.461040673385247290e-02 -2.756099461410459472e-01
9.777940415695243748e-02 -2.643355504370154541e-01
8.730453313337864507e-02 -2.577559105827402219e-01
1.041510913254134335e-01 -2.770459521256357638e-01
9.690603431056775408e-02 -2.462997103467544080e-01
7.249111178150410839e-02 -2.415218693792013649e-01
9.330314793896836434e-02 -2.316965661448618652e-01
1.052157290027140729e-01 -2.178330316982757808e-01
7.312173642858818545e-02 -2.196388011999464707e-01
7.084475419790199624e-02 -2.090062719465730356e-01
3.830315750947532738e-02 -2.174183505995898047e-01
7.354720436455094990e-02 -2.453198287543757183e-01
7.280296222513790716e-02 -2.545819498909546175e-01
6.510616503875341077e-02 -2.336973093847337923e-01
8.974294567806556655e-02 -2.264189901975798003e-01
8.922435027733106871e-02 -2.287409065541000652e-01
7.646525892290451099e-02 -2.667849566218410962e-01
7.407968037337632483e-02 -2.917296832667543027e-01
7.142931143946876227e-02 -2.806030606157245422e-01
6.382835497140415537e-02 -2.751895407391425352e-01
4.920694594074841860e-02 -2.164476014215926947e-01
5.409521136444268158e-02 -2.123527889463296958e-01
5.116778450038772519e-03 -2.420762664913883588e-01
-3.639771730048233650e-03 -2.079589891654431977e-01
3.722394436646783017e-02 -1.987346550477910312e-01
5.875286264471549919e-02 -2.367251514464139006e-01
7.267581155352605127e-02 -9.063832762107110197e-02
5.879906654012165279e-02 -2.317795519972859208e-01
8.659664693708797600e-02 -1.887740034763938923e-01
1.895152014776797511e-01 -4.779190149424097228e-02
1.826126348184872739e-01 -2.017505232237670060e-02
1.612965042769650692e-01 -4.532616615543955119e-02
1.532508637510097416e-01 -1.071578808557519108e-01
8.631109354537364053e-02 -2.762652806280843729e-03
9.022982579189876839e-02 7.708725575459002971e-03
4.033684444524824469e-02 6.178836882045769807e-02
1.064071864670475265e-02 9.176359162536694425e-02
-1.199077736188810667e-01 2.568216414295826366e-01
-9.788146550535832546e-02 2.450233396273240050e-01
-1.152848776275795101e-01 2.565234151584909750e-01
-1.112909849489246983e-01 2.496352585227158138e-01
-1.045610821351914688e-01 2.450731212122410629e-01
-9.336941584803626348e-02 1.751688402533537192e-01
-1.201133770241840787e-01 2.062383893544182667e-01
-1.447244148432466626e-01 2.177037220047856603e-01
-1.203551957466633682e-01 2.236639790155497964e-01
-1.450651101500585460e-01 2.516922852294830038e-01
-1.533228642354095561e-01 2.355766179840968477e-01
-1.724500940211868838e-01 2.399435664813939773e-01
-1.655029241207393587e-01 2.549659579891632721e-01
-1.712886560602871200e-01 2.249480097129850920e-01
-1.442257717826284646e-01 2.356259859632900966e-01
-1.554521230457818759e-01 2.173701407164232158e-01
-1.481894216107587092e-01 2.332752826483930619e-01
-1.509896481705149673e-01 2.206105761201385962e-01
-1.560808368344219765e-01 2.141375969099179877e-01
-1.939815642467504209e-01 1.984382155534261671e-01
-2.018138503961386387e-01 2.005131100274616940e-01
-1.971170099735354009e-01 2.014238698312782738e-01
-2.077549161013182710e-01 1.876447440408061107e-01
-1.715020104368542297e-01 1.891371493018938754e-01
-1.764436227268047219e-01 1.525101289881345412e-01
-1.952377675510881538e-01 1.379661469489749381e-01
-1.968589696345685036e-01 1.268537357906150687e-01
-1.757003732411288044e-01 1.523333042690938333e-01
-1.615413754096860499e-01 1.629771166866126331e-01
-1.799691813722817113e-01 1.560246195444425221e-01
-1.882242097959128599e-02 2.461240602679692913e-01
-1.565150856199011217e-02 2.511685611177733035e-01
-6.933442740080179856e-02 2.197483570840676748e-01
-1.521692186063462737e-01 1.441931961958216601e-01
-1.071366463378918138e-01 1.406310251716735571e-01
-1.157370314048421223e-01 2.026792128357104983e-01
-1.658589228393320125e-01 3.406174662146720794e-02
-1.545380543961748787e-01 7.684717417615070933e-02
-1.745961783124035660e-01 7.513911489067150173e-02
-1.900427142178194584e-01 1.146484459561332159e-01
-1.620602851507706166e-01 1.480353782949851427e-01
-1.605805858575181377e-01 1.329436995563641755e-01
-1.757697266488962851e-01 1.155766351051508989e-01
-1.710282664408090403e-01 1.429563496393579658e-01
-2.063745979913814144e-01 7.415455128149933683e-02
-2.176222747656541834e-01 4.970079944708496317e-02
-1.603678436174222621e-01 1.193884916326450607e-01
-1.805515216871688977e-01 1.315013405878567021e-01
-1.946847436099042039e-01 1.444378687977951881e-01
-1.522166343665231902e-01 1.796699789916818557e-01
-1.281662639224204481e-01 2.008196745899452629e-01
-1.135193271464915304e-01 1.870884774307475240e-01
-1.495938777507367923e-01 1.882635809247617531e-01
-1.978001708196570618e-01 1.201402283077734334e-01
-2.110504437874443917e-01 1.153313172782482188e-01
-1.889610690731559905e-01 1.238055525994382899e-01
-2.141816376473886507e-01 1.303177250880465654e-01
-2.270749523313040918e-01 1.598175825624733315e-01
-2.107083753096294643e-01 1.324426327662044933e-01
-1.932001968575687290e-01 1.245469160430136557e-01
-1.385444918325701713e-01 1.703059288605286437e-01
-1.546060842656261647e-01 1.642019355886281118e-01
-1.365367421117370250e-01 1.582594801682165042e-01
-1.231573910696649177e-01 1.532399941925881859e-01
-9.869598752936016572e-02 2.118421844081790906e-01
-7.242253595249739662e-02 2.244668539023693121e-01
-1.121436331485467924e-01 1.972805000440406575e-01
-8.343228189809460960e-02 1.687020816732191231e-01
-4.615968095427847723e-02 1.791248301034791268e-01
-1.725080815436642184e-02 1.754051249312485183e-01
-4.611450693712459276e-02 1.860024976980985956e-01
6.111855503104318688e-02 -2.252853465413196810e-01
2.419284313975290576e-02 -2.342580594808384153e-01
2.279482477286584943e-02 -2.516726141412588547e-01
-2.363372885428594028e-02 -2.568161983782573654e-01
4.256235757966425615e-02 -2.261221701859490452e-01
6.341562609173453935e-02 -2.396493273694797477e-01
1.028447259188927515e-01 -1.791610454206554182e-01
1.164569948882678702e-01 -1.930869019777043116e-01
1.399385664688807540e-01 -1.493387491960654900e-01
1.373254385943445399e-01 -1.795116838090675404e-01
1.270142396277944841e-01 -1.750742072637473390e-01
1.385303134283581705e-01 -1.868728564948139992e-01
1.301403461373359660e-01 -1.392541151729008442e-01
1.116863258439655809e-01 -1.282562645279202163e-01
1.577783078133718209e-01 -1.032889301941438409e-01
1.739711704310487328e-01 -6.896227737869460583e-02
1.793527930342109777e-01 -8.268887524224365071e-02
2.058628519014331082e-01 -5.796893607011775924e-03
1.911219604492848667e-01 -2.854281312208787821e-02
2.004851999132193918e-01 5.018739417296873631e-03
2.134808406532039682e-01 1.588559492546288629e-02
2.287241472501715112e-01 2.793885570404607346e-02
2.035173269301981114e-01 -7.072782785978258546e-02
2.144860349158795032e-01 -6.880123585407424414e-02
1.978720224059963007e-01 -7.863342975977231919e-02
2.194824416921195565e-01 -3.830712812442384207e-05
2.415735204619900156e-01 1.821218089060489681e-02
2.255681866794858603e-01 9.084406338020571681e-02
2.056170542918908384e-01 9.177329481564738822e-02
1.808365291193277935e-01 -6.665509365805624697e-02
1.846879759867045001e-01 -5.114240565317510617e-02
8.934155579931404162e-03 -7.635794478180629730e-02
1.565411634607869751e-01 1.018885852950604000e-02
2.808728969899343397e-01 -1.218629912767338862e-02
2.594917145401722247e-01 -5.142322739540912402e-03
2.571993958092473886e-01 1.313807827914822805e-02
2.194491381592388601e-01 7.609111945726582116e-02
2.379973033874615285e-01 5.401271356677271596e-02
2.588629014861584254e-01 3.093166536091997501e-02
2.530911328758462808e-01 9.263961682049844104e-02
2.465849824865765649e-01 8.327033044088189007e-02
2.578615123961419120e-01 5.492232768273435511e-02
2.153117739271108999e-01 7.427161824556484382e-02
2.038288216729094438e-01 5.758194484062616886e-02
2.169272847958317041e-01 6.182667698259643185e-02
2.200685706354368054e-01 5.895488836050759990e-02
2.206291552892518937e-01 4.785093130314228838e-02
2.289033377939523883e-01 4.471905912981097991e-02
2.026866081060521019e-01 6.532561182763213514e-02
1.675455573483181637e-01 1.226565062660237154e-01
1.739788469532825566e-01 1.206383998578664934e-01
1.792933827080437637e-01 1.400420671652055082e-01
1.832265415222151805e-01 1.237215079163613007e-01
9.853623645459808067e-02 6.345744163041112940e-02
9.722932508852197286e-02 1.999240196671620354e-02
7.770494281463351249e-02 2.202060862664871610e-02
8.608624092968479320e-04 2.318361001718444170e-02
5.428379903026838565e-02 1.848035870586222165e-02
2.243665462422323592e-02 6.775770447685933173e-02
-4.691711711628087506e-03 3.690266371233130033e-02
1.576424300609876802e-02 6.767617451658307359e-02
1.544894805399713300e-01 8.329094455015628728e-02
1.039257175665126015e-01 3.693963592798214790e-02
2.253737589008400488e-02 -1.759913035072526040e-04
7.991797332830510858e-02 1.255557665802876088e-01
3.882691470964289709e-02 6.478346158092700147e-02
3.839861771052930500e-02 2.564692783053022437e-02
-4.177339225333626810e-02 -1.501430241382600839e-02
1.023440810065713441e-01 1.225681269949612517e-01
7.814152847245213473e-02 1.221446360943582582e-01
4.756062144560420368e-02 1.148900909642085189e-01
6.779944970256288062e-02 5.977935346610969286e-02
5.299503668335279333e-02 5.858974895541888689e-02
3.266654697758787640e-02 4.045529698848849415e-02
-9.013461375427906166e-03 2.505315752146571387e-02
6.601362426889402675e-03 5.382161945026076033e-02
1.024182736013073136e-01 -1.956420423297632050e-01
-1.464837405581913797e-02 -2.277316589553312620e-01
-5.438585210655980107e-02 -2.161622300163968391e-01
-4.831829749892641718e-02 -2.189693224311682340e-01
-2.338937472871973136e-02 -2.007432733406441794e-01
1.956119525133564671e-02 -2.038720848316193379e-01
-2.338525935176788070e-02 -1.623495775382281514e-01
-1.066915321300483527e-01 -1.723679022917525283e-01
-4.680130751361573360e-02 -1.438059950614252458e-01
-1.100969300406457602e-01 -2.285750341146256803e-01
-8.813108281182870096e-02 -2.467305220686687450e-01
-5.489824755749447838e-02 -1.137565052127497423e-01
-8.093271361108603235e-02 -1.763821609162474491e-01
-8.975434465181360288e-02 -1.459101728207060911e-01
-1.138788332416220267e-01 -2.168792899876414992e-01
-6.447298430829623284e-02 -2.003875393297147867e-01
-7.469999796582318941e-02 -2.470394193674345651e-01
-6.430666517464013465e-02 -2.289358802923013025e-01
-7.566835650273671943e-02 -2.116115413123569877e-01
-6.669406772541029704e-02 -2.349302349589358352e-01
-6.424270518551107589e-02 -2.258673063389409763e-01
-1.041022114009742677e-01 -2.135217379871737209e-01
-8.340587730868696814e-02 -2.448257849894062144e-01
-7.899301030393310330e-02 -2.047570356382705514e-01
-9.227853902361748961e-02 -2.183768239597044247e-01
-9.416301769452808945e-02 -2.269946797324282062e-01
-9.295207112848899444e-02 -2.250962790928543733e-01
-6.606159426074081908e-02 -1.968152432374479510e-01
-1.270775626641088840e-01 -2.343513689321286009e-01
-1.113178941373153957e-01 -2.521101924528146299e-01
-1.197785797349936315e-01 -2.624242618430878693e-01
-1.024875277437010679e-01 -2.398575364908427376e-01
-9.059070505803229478e-02 -2.640325263395276179e-01
-1.215178331641621479e-01 -2.867837529330473090e-01
-7.113353371426199556e-02 -2.303602060512509042e-01
-4.063659692146077279e-02 -1.878778191382841634e-01
-2.510585089067835299e-02 -1.845849054403325140e-01
-9.112374357064204067e-02 -2.949019399029578770e-01
-9.107028089478312605e-02 -2.867854735328583260e-01
-8.594922162550297506e-02 -2.173261165231815117e-01
-8.303142350269818173e-02 -2.482740820856765840e-01
-4.716114449332527853e-02 -2.376794722050615261e-01
-5.817952239037829654e-02 -1.995986939490466960e-01
-6.735798349720335809e-02 -1.466467880705721871e-01
-7.600284772369154951e-02 -1.174628922806738585e-01
-7.643706755677001641e-02 -1.547624272292241199e-01
-7.124777988729115441e-02 -1.714134657235022452e-01
-5.847259513415138665e-02 -2.070920881125788149e-01
-3.764762966176100900e-02 -1.484581329773997649e-01
-7.895038409803785406e-02 -1.910832304093078582e-01
-9.917433082105406306e-02 -2.347624103004450902e-01
-6.330520163559333335e-02 -2.149839500304237816e-01
-5.009044912736630023e-02 -2.007648470151978115e-01
-3.813750014497731960e-02 -1.812416311094504628e-01
-4.209036727188799482e-02 -1.949043847934731066e-01
-5.795121203083844486e-02 -1.889957954097265802e-01
-2.228544243962908566e-02 -1.653135919646108176e-01
-2.960668562879947840e-02 -1.546992282746268432e-01
-5.053690341775489425e-02 -1.681070353904966785e-01
-4.280312160754784490e-02 -1.523428006565123727e-01
2.220227666871518041e-02 -5.914065523529696278e-02
2.045039378877031022e-02 9.157511976914389784e-03
-1.113032111341203528e-01 -1.392599221972630474e-01
-8.274705302335393087e-02 -1.820398239794765172e-01
-6.440691492997577261e-02 -1.623859748419229088e-01
-7.339698276566532231e-02 -1.770926693728270274e-01
-1.063656108196907313e-01 -1.474552052740906727e-01
-1.029288450510000147e-01 -1.245133229861262875e-01
-7.978383271996097870e-02 -6.145970944020850285e-02
-1.040415850739790787e-01 -8.444338245050606040e-02
-4.620400707969855858e-02 -3.130622753160839378e-01
-8.311038083537237997e-02 -3.561671388433757662e-02
-4.706673071475252212e-02 3.286764208050142050e-02
-8.273097203281243317e-02 4.971620626029666506e-02
-1.600917700688975209e-01 -9.222831901663319787e-02
-1.595443877097862673e-01 -1.241010987054397274e-01
-7.927010959465288775e-02 4.148187466708468107e-02
-1.282443526830746583e-01 -5.799400781508045472e-02
-1.136257396271118381e-01 -2.915820260233562694e-02
-2.696327974725216611e-02 1.135591242892359520e-01
1.764338616317229517e-03 4.892284844118188064e-02
-7.997236248098534353e-03 -3.083654638458813158e-02
3.565725138132761624e-02 -4.800716672925203765e-02
-1.886978503905270901e-02 -3.956418345655261098e-02
-2.041324165462960957e-02 -9.873245928208521094e-02
-2.710867043128377396e-02 -1.260079865344660155e-01
-5.663796008901641338e-02 1.634638479023852731e-01
3.862170009372026952e-02 2.044995412588590800e-01
-1.344833840877399794e-02 1.717537805130482376e-01
3.349050334814968749e-02 1.665054547625535730e-01
6.864831754586940560e-02 1.703683336921362201e-01
2.638768947777746232e-02 1.368483857525089054e-01
-1.387004046462153584e-02 7.744796130631956266e-02
1.131660499535615122e-01 1.432025939430819628e-01
1.756085527704443205e-01 1.289551423915464290e-01
1.772141536460227762e-01 1.461855846000727488e-01
1.832466262161631110e-01 1.211927969700534735e-01
1.924817306268631345e-01 1.440665832116507505e-01
1.244136026461171302e-01 1.091801977701774562e-01
9.405494251889807977e-02 2.191655866192277480e-01
1.052615647890260409e-01 2.268687285174153800e-01
1.248771140365554089e-01 2.065582720212083279e-01
1.173364860993648534e-01 2.048995476264644788e-01
1.287167069638878725e-01 1.916216457963270392e-01
1.454288350235718452e-01 1.638706043154031511e-01
1.609585056794723967e-01 1.573237551229111353e-01
1.437041984206825773e-01 1.624025190708750788e-01
1.195313345054180298e-01 1.180955684121479943e-01
1.714159804463029901e-01 1.891296216777206274e-01
1.632046163789338256e-01 1.921025368992795579e-01
1.699274465347900276e-01 1.727853793651314140e-01
1.689284067252846966e-01 1.772836394076218458e-01
1.679588652760010958e-01 1.682306869576851438e-01
1.685410401485987753e-01 1.883592231123342176e-01
1.175112676061299821e-01 1.075495489319654163e-01
1.660255894017960976e-01 1.659882821655089824e-01
1.815583372842817234e-01 1.823847711531291216e-01
1.910898481008887206e-01 2.102752143072039170e-01
1.474220837277284424e-01 2.001223684280695192e-01
1.384781577465864777e-01 2.016685589774807608e-01
1.508760389503004673e-01 2.005497058619038764e-01
1.659675357024029685e-01 1.857144130393545978e-01
1.663811248819780653e-01 1.804867344865922207e-01
1.788662107164989135e-01 1.918322372866591297e-01
1.255820057274057433e-01 1.971528116849878831e-01
1.748954965026060793e-01 1.812995855434698933e-01
1.836161250255806954e-01 1.039424189656398129e-01
1.890263195121433260e-01 5.258918606687004726e-02
1.568578530913892766e-01 1.195928045880897961e-01
1.637624712349718126e-01 1.289927391518402300e-01
1.274688998557433617e-01 1.633324205475892854e-01
1.015992680912594370e-01 1.284216902732129018e-01
1.381906025031689467e-01 8.100974354108729514e-02
1.161049998730816490e-01 3.701327429104822597e-02
1.249064386823731110e-01 2.687605857221636238e-02
1.397311514705074920e-01 4.034792494258895162e-02
1.151942483413795487e-01 -8.334527579803519210e-04
9.405375133441352953e-02 -5.972479059902545753e-03
1.291841062481298985e-01 3.417278321407964808e-02
1.949742179838802048e-01 1.126181960839251206e-01
1.667749106194974518e-01 1.532585733617014556e-01
9.662628794321563575e-02 9.806613218892237804e-02
1.744686223071823805e-01 1.739027104116446787e-01
2.081828160389370130e-01 1.372936571305274356e-01
1.664660464091895220e-01 1.111758453875321268e-01
1.520315209887774244e-01 1.125452194900171260e-01
1.866187371381087534e-01 1.072098876394630418e-01
1.998727987343261181e-01 1.073370879437617470e-01
1.672657448040502370e-01 -2.590156212636158389e-02
2.209000339498856658e-02 -1.353681074112430757e-02
1.318148309781853704e-02 -9.929448121579052822e-03
-6.996101525602154043e-03 -4.750509901324074602e-04
-1.172668803921058690e-02 7.940609488452518236e-05
-1.229951128639303858e-02 1.359315211282089994e-05
-1.270078618275334303e-01 2.369109183212032843e-02
1.045693211612096357e-01 1.757722579159259613e-01
5.637408790934389513e-02 1.318742226920950333e-01
2.498004236964024988e-02 1.349662646342239813e-01
-7.092093210011222656e-03 5.046023746079057043e-02
1.531514825676940916e-01 -6.188832077967218633e-03
1.998463776006895176e-01 2.151773437947600981e-02
1.883648481501779548e-01 8.326175225817020187e-02
1.839628589759601529e-01 1.197680245169221447e-01
-3.406699114204504719e-02 2.044105333070964370e-01
-2.141447771052832141e-02 1.561238518296975963e-01
1.122713711402864405e-02 1.992047262250088435e-01
7.505224941655817827e-02 2.084641341080396004e-01
7.322477388650225349e-02 2.148466660185787414e-01
3.454181464902936205e-02 2.283231316846000281e-01
-4.310144300795600708e-02 2.005766233224090533e-01
8.161506378998903410e-02 2.902648572353298123e-02
4.848645717805343675e-02 1.258905307810201379e-01
-1.110769688031995189e-01 6.891003897577814563e-02
-1.101704525941091806e-01 1.003089009541354854e-01
1.101110050434268156e-02 9.971388775987094499e-02
4.357742874702421471e-02 6.650109583891226916e-02
-8.146869699644924967e-02 9.085296417538198110e-02
-7.698035521921563207e-02 1.184097681362930032e-01
-6.147281246953861800e-02 8.390488434234209814e-02
-1.969524941608350732e-01 8.781641157715856794e-02
-2.488707000701494976e-01 1.121672913959483875e-01
-2.362164825830506965e-01 9.782732451611238222e-02
-1.649801430300799621e-01 7.638946153796016825e-02
-2.951554967558787101e-01 4.505990333468343906e-02
-2.814872834763018639e-01 3.200822522320926483e-02
-2.986601931286470002e-01 5.145096379524742580e-02
-2.865347622873172240e-01 5.020900507203750196e-02
-2.677267533991719017e-01 8.549677005211922531e-02
-2.813122786224458438e-01 2.157558748009310440e-02
-2.844974397572320735e-01 2.767761819283418023e-02
-2.097487107650302940e-01 2.309954620484272816e-03
-3.056894389489261954e-01 6.259866793001950258e-02
-1.364780018268423600e-01 -1.465905542363637928e-03
-2.001774276220223137e-01 -2.093811145419421926e-02
-1.831999880347469634e-01 -5.380365655367595062e-02
-1.786520622169421035e-01 -1.388137243424232004e-01
-3.642241783430791302e-02 -1.166257294793509730e-01
-1.166440522129155027e-01 -5.937901621392525225e-02
-8.084550070816469425e-02 -1.023357344430649712e-02
-4.454823169376542075e-02 -5.318979534657766045e-02
-5.462298881224562919e-02 -6.680597702609997190e-02
-1.301849493785909861e-01 -6.184645147225150547e-02
-1.098213114584172118e-01 -8.056063390195188079e-02
-6.297241447022057514e-02 -8.180935921480324280e-02
-9.163123779374963973e-02 -9.589278300839253200e-02
-2.100703802085472083e-01 5.469579996386410292e-02
-1.426975317216303274e-01 -6.364508213912932477e-02
-9.933163334993122540e-02 -1.563463386206462857e-01
-6.026689534910098511e-02 -1.544187043285139838e-01
-8.486775846735798018e-03 -9.249228218956495606e-02
-1.903876779357010010e-03 -8.005064150027250969e-02
1.829952201130060144e-02 -6.858737274246687332e-02
4.832458430592823789e-02 -9.197975024874142924e-02
5.393029021813304513e-02 -1.141920816726022803e-01
5.426555074573415072e-02 -9.772853892503900741e-02
-3.943866239149255298e-02 3.408458179347843148e-02
-4.296163186513851651e-02 -2.209206728755034634e-03
-2.557304337205848141e-02 -7.594805116937337029e-03
3.185444868312752725e-02 -7.688496946719193537e-02
6.484504333714417867e-02 -1.109982761781885541e-01
