6.305333137512207031e+00 1.100348281860351562e+01
6.393711566925048828e+00 1.094787597656250000e+01
6.612714290618896484e+00 1.079552459716796875e+01
6.284613609313964844e+00 1.069491100311279297e+01
6.394035339355468750e+00 1.041132259368896484e+01
6.664548397064208984e+00 1.047798728942871094e+01
6.808700084686279297e+00 1.053304004669189453e+01
6.723202705383300781e+00 1.021703624725341797e+01
6.825783729553222656e+00 1.006207561492919922e+01
6.370031356811523438e+00 1.008559322357177734e+01
6.287205219268798828e+00 1.024212551116943359e+01
6.217876911163330078e+00 9.950603485107421875e+00
5.791068077087402344e+00 1.027181816101074219e+01
5.672766208648681641e+00 1.053627395629882812e+01
5.699612140655517578e+00 1.056141090393066406e+01
5.480825424194335938e+00 1.059534931182861328e+01
5.291817188262939453e+00 1.071418285369873047e+01
5.078003883361816406e+00 1.069709777832031250e+01
4.996046543121337891e+00 1.054084777832031250e+01
5.126830101013183594e+00 1.031776046752929688e+01
5.270378589630126953e+00 1.017450618743896484e+01
5.453562736511230469e+00 9.724319458007812500e+00
5.567710399627685547e+00 9.677103042602539062e+00
5.299633502960205078e+00 9.748222351074218750e+00
5.286996364593505859e+00 9.441074371337890625e+00
5.170122146606445312e+00 9.401299476623535156e+00
5.062698841094970703e+00 9.092902183532714844e+00
4.875677108764648438e+00 9.415000915527343750e+00
4.591369152069091797e+00 9.452369689941406250e+00
4.760978698730468750e+00 9.652364730834960938e+00
4.993584632873535156e+00 9.880779266357421875e+00
4.470822334289550781e+00 9.940911293029785156e+00
4.616394996643066406e+00 1.022072696685791016e+01
4.310356140136718750e+00 1.054788970947265625e+01
3.995869636535644531e+00 1.050634193420410156e+01
3.382315158843994141e+00 1.005751800537109375e+01
3.454383850097656250e+00 1.025671005249023438e+01
3.048101425170898438e+00 1.036216926574707031e+01
3.043774366378784180e+00 1.012211227416992188e+01
2.825508594512939453e+00 1.010342597961425781e+01
2.953419685363769531e+00 1.042157173156738281e+01
3.315127849578857422e+00 1.000619602203369141e+01
3.305845260620117188e+00 1.042662620544433594e+01
3.813198328018188477e+00 1.036058044433593750e+01
3.851727008819580078e+00 1.027190399169921875e+01
3.416340827941894531e+00 1.026549053192138672e+01
3.834764003753662109e+00 9.793605804443359375e+00
3.385848760604858398e+00 9.901532173156738281e+00
3.409030199050903320e+00 9.559700965881347656e+00
4.315124511718750000e+00 9.560708999633789062e+00
4.141947269439697266e+00 9.403102874755859375e+00
3.850835323333740234e+00 9.054371833801269531e+00
3.497941017150878906e+00 8.897214889526367188e+00
3.578423976898193359e+00 9.147391319274902344e+00
3.144639015197753906e+00 9.290071487426757812e+00
3.240093708038330078e+00 9.266280174255371094e+00
3.310340404510498047e+00 9.290526390075683594e+00
3.560556650161743164e+00 8.943385124206542969e+00
3.474051475524902344e+00 9.459369659423828125e+00
3.238572597503662109e+00 8.551817893981933594e+00
3.546827554702758789e+00 8.411663055419921875e+00
3.467583894729614258e+00 8.337755203247070312e+00
3.480767726898193359e+00 8.037826538085937500e+00
3.486308813095092773e+00 8.111476898193359375e+00
3.162734746932983398e+00 8.378503799438476562e+00
2.806088685989379883e+00 8.667648315429687500e+00
2.956429481506347656e+00 8.278178215026855469e+00
2.390387535095214844e+00 8.171130180358886719e+00
1.917300343513488770e+00 7.964508056640625000e+00
1.986213088035583496e+00 7.784525871276855469e+00
1.989681243896484375e+00 8.311177253723144531e+00
1.631673216819763184e+00 7.818675994873046875e+00
2.264230251312255859e+00 7.868309020996093750e+00
2.082301378250122070e+00 7.444509983062744141e+00
1.893409848213195801e+00 8.113053321838378906e+00
1.643315911293029785e+00 8.220776557922363281e+00
2.008230686187744141e+00 8.246764183044433594e+00
2.129629373550415039e+00 7.926311492919921875e+00
2.405680894851684570e+00 7.960105895996093750e+00
2.570872545242309570e+00 7.684239387512207031e+00
2.350282430648803711e+00 7.487600326538085938e+00
2.100865125656127930e+00 7.346322059631347656e+00
1.804983019828796387e+00 7.406767845153808594e+00
1.533942818641662598e+00 7.497669219970703125e+00
1.705293774604797363e+00 7.825928211212158203e+00
1.428988814353942871e+00 7.953528404235839844e+00
1.302091360092163086e+00 7.969814777374267578e+00
1.108498334884643555e+00 7.787367820739746094e+00
1.023213863372802734e+00 7.773961067199707031e+00
1.073749780654907227e+00 7.607701778411865234e+00
1.314215064048767090e+00 7.245750427246093750e+00
1.272047996520996094e+00 7.081693172454833984e+00
9.640331864356994629e-01 7.157046794891357422e+00
1.050600290298461914e+00 6.797508716583251953e+00
1.189860939979553223e+00 6.940637588500976562e+00
1.491404294967651367e+00 6.788004398345947266e+00
1.556577682495117188e+00 6.425075531005859375e+00
1.781817555427551270e+00 6.482103824615478516e+00
1.903325080871582031e+00 6.704705715179443359e+00
1.933967709541320801e+00 6.339836120605468750e+00
2.124452829360961914e+00 6.176891326904296875e+00
2.102232933044433594e+00 6.303637981414794922e+00
2.037795066833496094e+00 6.061775207519531250e+00
2.159474134445190430e+00 5.897857666015625000e+00
2.653903007507324219e+00 5.402946472167968750e+00
2.889942884445190430e+00 5.338555335998535156e+00
2.978667974472045898e+00 5.082952499389648438e+00
3.292345285415649414e+00 4.792680263519287109e+00
2.938411235809326172e+00 4.590689659118652344e+00
3.065353870391845703e+00 4.270860195159912109e+00
2.683587551116943359e+00 4.336105346679687500e+00
2.758528470993041992e+00 3.999766349792480469e+00
2.862901687622070312e+00 4.464135646820068359e+00
2.839808464050292969e+00 4.441021442413330078e+00
2.825351715087890625e+00 4.318304538726806641e+00
3.232872724533081055e+00 4.539998054504394531e+00
3.600649833679199219e+00 4.473759174346923828e+00
3.252355813980102539e+00 4.050672054290771484e+00
3.607952833175659180e+00 3.873857021331787109e+00
3.494751453399658203e+00 3.617033243179321289e+00
3.433638334274291992e+00 3.669711351394653320e+00
3.766675710678100586e+00 3.637924909591674805e+00
3.693051338195800781e+00 3.369340896606445312e+00
3.093458175659179688e+00 3.205910205841064453e+00
3.212271928787231445e+00 3.335859537124633789e+00
2.854596614837646484e+00 2.817729234695434570e+00
3.112719058990478516e+00 2.716572999954223633e+00
2.821390151977539062e+00 2.790930747985839844e+00
2.540176391601562500e+00 2.812908649444580078e+00
2.781465053558349609e+00 2.527312755584716797e+00
2.415160417556762695e+00 2.827950477600097656e+00
2.947770357131958008e+00 3.348900318145751953e+00
2.693607330322265625e+00 3.141057491302490234e+00
3.124264001846313477e+00 2.375267267227172852e+00
3.411569833755493164e+00 2.920686244964599609e+00
3.029475450515747070e+00 2.654985189437866211e+00
3.558125972747802734e+00 2.495980262756347656e+00
3.577105283737182617e+00 2.669246196746826172e+00
3.726348876953125000e+00 2.952257156372070312e+00
3.724098920822143555e+00 2.782542705535888672e+00
4.179768562316894531e+00 3.026879787445068359e+00
4.067610740661621094e+00 2.920783996582031250e+00
3.971033334732055664e+00 2.464157819747924805e+00
4.223296165466308594e+00 2.530906915664672852e+00
4.158711433410644531e+00 2.932393312454223633e+00
3.877955436706542969e+00 2.269424438476562500e+00
3.850530624389648438e+00 2.139956235885620117e+00
4.518766403198242188e+00 2.032931089401245117e+00
4.588385105133056641e+00 1.908154249191284180e+00
4.455415248870849609e+00 1.825389504432678223e+00
4.669075965881347656e+00 2.211106538772583008e+00
4.396547317504882812e+00 2.164562225341796875e+00
4.552807807922363281e+00 2.635712623596191406e+00
4.413220405578613281e+00 2.695941925048828125e+00
4.605455398559570312e+00 2.860844612121582031e+00
4.663803100585937500e+00 3.305822134017944336e+00
4.792685985565185547e+00 2.919918775558471680e+00
4.982363224029541016e+00 2.931747913360595703e+00
5.079664230346679688e+00 3.172547340393066406e+00
5.192959308624267578e+00 2.479613780975341797e+00
5.325842857360839844e+00 3.213996648788452148e+00
5.461387634277343750e+00 2.744542837142944336e+00
5.123330593109130859e+00 2.781658172607421875e+00
5.439935684204101562e+00 2.584100008010864258e+00
5.413043022155761719e+00 2.606771707534790039e+00
5.828952312469482422e+00 2.966950416564941406e+00
5.866396903991699219e+00 2.768997192382812500e+00
5.988125801086425781e+00 2.477372169494628906e+00
6.146571636199951172e+00 2.390013933181762695e+00
6.247334480285644531e+00 2.009879589080810547e+00
6.470351696014404297e+00 2.159501314163208008e+00
6.609478950500488281e+00 1.963284134864807129e+00
6.774722576141357422e+00 2.162082672119140625e+00
6.543683052062988281e+00 2.185075044631958008e+00
6.899149894714355469e+00 2.148689270019531250e+00
6.761011600494384766e+00 2.145335674285888672e+00
7.012158393859863281e+00 2.497673749923706055e+00
6.988459587097167969e+00 2.515624284744262695e+00
7.120651245117187500e+00 2.491492986679077148e+00
7.276710987091064453e+00 2.653195858001708984e+00
7.222269535064697266e+00 2.755245208740234375e+00
6.951808929443359375e+00 3.029218912124633789e+00
6.893937110900878906e+00 3.591176033020019531e+00
6.356241226196289062e+00 3.773735523223876953e+00
6.389497756958007812e+00 3.917266607284545898e+00
6.407235622406005859e+00 3.660201549530029297e+00
6.463699340820312500e+00 3.603702545166015625e+00
6.457581043243408203e+00 3.418006658554077148e+00
6.817080497741699219e+00 3.450750112533569336e+00
6.894341945648193359e+00 3.845768451690673828e+00
7.280451297760009766e+00 3.942066907882690430e+00
7.123734474182128906e+00 3.915626049041748047e+00
6.689367294311523438e+00 4.287782669067382812e+00
7.108619689941406250e+00 4.372894287109375000e+00
6.865067481994628906e+00 4.260388374328613281e+00
6.897796630859375000e+00 4.028890132904052734e+00
6.952511787414550781e+00 4.527088642120361328e+00
7.310626983642578125e+00 4.507868766784667969e+00
7.434810638427734375e+00 4.429450988769531250e+00
7.434044361114501953e+00 4.366067409515380859e+00
7.894544601440429688e+00 3.903707981109619141e+00
7.823824405670166016e+00 4.309592723846435547e+00
7.948161602020263672e+00 4.406701564788818359e+00
8.090820312500000000e+00 4.374320030212402344e+00
8.516509056091308594e+00 4.438444137573242188e+00
8.339849472045898438e+00 4.497186660766601562e+00
8.596697807312011719e+00 4.080660343170166016e+00
8.380744934082031250e+00 4.056183338165283203e+00
8.668532371520996094e+00 3.992081403732299805e+00
8.795897483825683594e+00 4.255959033966064453e+00
8.598212242126464844e+00 4.705099105834960938e+00
8.833752632141113281e+00 4.838480949401855469e+00
8.924824714660644531e+00 4.812193870544433594e+00
8.337860107421875000e+00 5.091781616210937500e+00
8.189980506896972656e+00 4.831202030181884766e+00
8.115804672241210938e+00 4.954209327697753906e+00
8.015405654907226562e+00 4.892908573150634766e+00
7.703902244567871094e+00 5.401324748992919922e+00
7.763844966888427734e+00 5.296507835388183594e+00
8.290797233581542969e+00 5.575226783752441406e+00
8.263640403747558594e+00 5.461008071899414062e+00
7.908723831176757812e+00 5.388026714324951172e+00
8.452809333801269531e+00 5.526643753051757812e+00
8.089349746704101562e+00 5.753138542175292969e+00
7.898059368133544922e+00 5.938442230224609375e+00
8.474698066711425781e+00 6.093533039093017578e+00
8.520380020141601562e+00 5.992565155029296875e+00
8.514382362365722656e+00 6.285243988037109375e+00
8.586983680725097656e+00 6.392134189605712891e+00
8.198138236999511719e+00 6.256163597106933594e+00
8.116907119750976562e+00 6.293758869171142578e+00
8.205378532409667969e+00 6.460521697998046875e+00
7.523163795471191406e+00 6.370156288146972656e+00
7.699702262878417969e+00 6.556550025939941406e+00
7.827644824981689453e+00 6.870453834533691406e+00
7.419865131378173828e+00 6.909083366394042969e+00
7.110485553741455078e+00 7.009078025817871094e+00
7.686437129974365234e+00 6.985567092895507812e+00
7.600250720977783203e+00 7.030934333801269531e+00
7.501069545745849609e+00 7.215798377990722656e+00
8.010769844055175781e+00 7.108134269714355469e+00
8.236064910888671875e+00 6.860301971435546875e+00
7.892129421234130859e+00 7.261273384094238281e+00
8.120903968811035156e+00 7.582839012145996094e+00
7.722298622131347656e+00 7.473408222198486328e+00
7.614935398101806641e+00 7.817280769348144531e+00
7.688730716705322266e+00 7.927813529968261719e+00
7.900310993194580078e+00 7.821122646331787109e+00
8.449998855590820312e+00 7.990687847137451172e+00
8.662357330322265625e+00 8.106800079345703125e+00
8.549429893493652344e+00 8.037694931030273438e+00
8.938534736633300781e+00 7.988926410675048828e+00
8.606007575988769531e+00 8.367467880249023438e+00
8.975204467773437500e+00 8.461690902709960938e+00
8.517110824584960938e+00 8.375388145446777344e+00
8.717419624328613281e+00 8.148099899291992188e+00
8.041213989257812500e+00 8.105903625488281250e+00
8.097854614257812500e+00 7.917047977447509766e+00
8.219206809997558594e+00 8.088406562805175781e+00
8.395308494567871094e+00 8.449565887451171875e+00
8.050130844116210938e+00 8.678938865661621094e+00
8.222966194152832031e+00 8.801748275756835938e+00
7.894940376281738281e+00 8.740917205810546875e+00
7.805308818817138672e+00 8.575397491455078125e+00
7.496690273284912109e+00 8.734763145446777344e+00
7.401926040649414062e+00 8.878728866577148438e+00
7.584048271179199219e+00 8.884402275085449219e+00
8.499246597290039062e+00 9.006669998168945312e+00
8.413448333740234375e+00 8.997008323669433594e+00
8.283644676208496094e+00 9.056062698364257812e+00
7.760441780090332031e+00 9.172524452209472656e+00
8.054151535034179688e+00 9.247661590576171875e+00
7.762234687805175781e+00 9.368080139160156250e+00
7.977596759796142578e+00 9.364264488220214844e+00
7.676798820495605469e+00 9.463073730468750000e+00
7.616556644439697266e+00 9.458297729492187500e+00
7.667059421539306641e+00 9.712136268615722656e+00
8.021245956420898438e+00 9.888360977172851562e+00
8.396212577819824219e+00 1.009761238098144531e+01
8.344090461730957031e+00 1.025895214080810547e+01
8.184097290039062500e+00 1.013760566711425781e+01
8.213103294372558594e+00 1.031238365173339844e+01
7.865487575531005859e+00 9.965357780456542969e+00
8.639595985412597656e+00 1.017245769500732422e+01
8.617290496826171875e+00 1.037973308563232422e+01
8.765068054199218750e+00 1.008148288726806641e+01
8.942140579223632812e+00 9.986254692077636719e+00
8.272632598876953125e+00 9.840927124023437500e+00
7.993820190429687500e+00 1.037228393554687500e+01
7.929103374481201172e+00 1.011579322814941406e+01
6.962794780731201172e+00 1.000641727447509766e+01
7.198415756225585938e+00 1.064532756805419922e+01
7.027579307556152344e+00 1.083456707000732422e+01
6.796834945678710938e+00 1.109003162384033203e+01
6.998767852783203125e+00 1.118630695343017578e+01
7.267476558685302734e+00 1.104374694824218750e+01
7.614979267120361328e+00 1.076471614837646484e+01
7.793378353118896484e+00 1.105076789855957031e+01
7.707622528076171875e+00 1.138306331634521484e+01
8.040370941162109375e+00 1.117610645294189453e+01
7.956242561340332031e+00 1.158606815338134766e+01
8.258895874023437500e+00 1.143251609802246094e+01
8.507307052612304688e+00 1.161134338378906250e+01
8.478458404541015625e+00 1.156452369689941406e+01
8.488326072692871094e+00 1.116183853149414062e+01
8.578945159912109375e+00 1.111187553405761719e+01
9.026317596435546875e+00 1.066658115386962891e+01
9.034357070922851562e+00 1.088254165649414062e+01
9.054794311523437500e+00 1.099668121337890625e+01
9.476128578186035156e+00 1.070640277862548828e+01
9.686190605163574219e+00 1.040571689605712891e+01
9.987300872802734375e+00 1.065514755249023438e+01
9.837242126464843750e+00 1.087841033935546875e+01
1.015458297729492188e+01 1.056803226470947266e+01
1.052537441253662109e+01 1.093757915496826172e+01
1.039316749572753906e+01 1.044865798950195312e+01
1.023426246643066406e+01 1.070757389068603516e+01
1.007242584228515625e+01 1.099422740936279297e+01
1.043643665313720703e+01 1.129131126403808594e+01
1.055584621429443359e+01 1.082693290710449219e+01
1.081885147094726562e+01 1.096863555908203125e+01
1.068361377716064453e+01 1.089638996124267578e+01
1.107408142089843750e+01 1.045806026458740234e+01
1.116932487487792969e+01 1.077982425689697266e+01
1.100120639801025391e+01 1.143422603607177734e+01
1.123887538909912109e+01 1.168088626861572266e+01
1.137594699859619141e+01 1.157545471191406250e+01
1.102745628356933594e+01 1.148900794982910156e+01
1.116310310363769531e+01 1.130030536651611328e+01
1.119857215881347656e+01 1.114943218231201172e+01
1.144878387451171875e+01 1.110838413238525391e+01
1.116798686981201172e+01 1.112383270263671875e+01
1.112968158721923828e+01 1.041904163360595703e+01
1.143570995330810547e+01 1.024395465850830078e+01
1.130228805541992188e+01 1.030812931060791016e+01
1.138898181915283203e+01 1.001112842559814453e+01
1.132747745513916016e+01 9.973366737365722656e+00
1.139541816711425781e+01 9.591921806335449219e+00
1.156217765808105469e+01 9.703547477722167969e+00
1.182522010803222656e+01 9.694378852844238281e+00
1.187232112884521484e+01 1.029353332519531250e+01
1.217601871490478516e+01 9.985921859741210938e+00
1.222583580017089844e+01 9.935784339904785156e+00
1.226050376892089844e+01 1.006585502624511719e+01
1.209560298919677734e+01 1.029330730438232422e+01
1.221339988708496094e+01 1.011313915252685547e+01
1.263665771484375000e+01 1.032450008392333984e+01
1.266655826568603516e+01 1.007953166961669922e+01
1.298167991638183594e+01 1.039526748657226562e+01
1.327728557586669922e+01 1.043300819396972656e+01
1.295261955261230469e+01 1.128625202178955078e+01
1.302284049987792969e+01 1.132289505004882812e+01
1.272008132934570312e+01 1.114095401763916016e+01
1.235162830352783203e+01 1.149532890319824219e+01
1.259227085113525391e+01 1.134274768829345703e+01
1.200804519653320312e+01 1.090226745605468750e+01
1.213757038116455078e+01 1.105468177795410156e+01
1.231618404388427734e+01 1.090832042694091797e+01
1.231770133972167969e+01 1.113693237304687500e+01
1.245734882354736328e+01 1.126742362976074219e+01
1.255118274688720703e+01 1.173288536071777344e+01
1.277766036987304688e+01 1.158530807495117188e+01
1.289689826965332031e+01 1.180378627777099609e+01
1.312441253662109375e+01 1.185266113281250000e+01
1.318112659454345703e+01 1.181500530242919922e+01
1.300073623657226562e+01 1.146905422210693359e+01
1.330740547180175781e+01 1.192472934722900391e+01
1.329857730865478516e+01 1.168182277679443359e+01
1.341486549377441406e+01 1.146492385864257812e+01
1.385678195953369141e+01 1.168486022949218750e+01
1.396023654937744141e+01 1.163666820526123047e+01
1.419371509552001953e+01 1.151511859893798828e+01
1.404422378540039062e+01 1.127003288269042969e+01
1.396826171875000000e+01 1.058674144744873047e+01
1.393385982513427734e+01 1.038524436950683594e+01
1.413058090209960938e+01 1.023640727996826172e+01
1.422864246368408203e+01 9.966066360473632812e+00
1.427672004699707031e+01 1.043807315826416016e+01
1.471537494659423828e+01 1.029278087615966797e+01
1.469491386413574219e+01 1.001418972015380859e+01
1.520546245574951172e+01 1.046504211425781250e+01
1.546577930450439453e+01 1.035758209228515625e+01
1.561517429351806641e+01 1.045419406890869141e+01
1.570347118377685547e+01 1.053170680999755859e+01
1.559819030761718750e+01 1.088371753692626953e+01
1.552004623413085938e+01 1.088861370086669922e+01
1.523878479003906250e+01 1.171310806274414062e+01
1.514153194427490234e+01 1.199662971496582031e+01
1.492817592620849609e+01 1.196092796325683594e+01
1.506286811828613281e+01 1.194838047027587891e+01
1.503856945037841797e+01 1.211126518249511719e+01
1.527642059326171875e+01 1.237126350402832031e+01
1.514148139953613281e+01 1.286928844451904297e+01
1.513264179229736328e+01 1.321128654479980469e+01
1.510733127593994141e+01 1.305122280120849609e+01
1.493231773376464844e+01 1.277396106719970703e+01
1.429607677459716797e+01 1.256040477752685547e+01
1.468824481964111328e+01 1.276520633697509766e+01
1.417980575561523438e+01 1.287729835510253906e+01
1.447394847869873047e+01 1.305352783203125000e+01
1.439829635620117188e+01 1.309866142272949219e+01
1.420312213897705078e+01 1.299851417541503906e+01
1.405929660797119141e+01 1.321978473663330078e+01
1.455510425567626953e+01 1.360148239135742188e+01
1.431306171417236328e+01 1.382793521881103516e+01
1.397737026214599609e+01 1.342857933044433594e+01
1.443044090270996094e+01 1.377857208251953125e+01
1.388267421722412109e+01 1.369340896606445312e+01
1.404768562316894531e+01 1.446159172058105469e+01
1.393655681610107422e+01 1.428726005554199219e+01
1.377547454833984375e+01 1.456385707855224609e+01
1.368710422515869141e+01 1.432652950286865234e+01
1.390252780914306641e+01 1.419447708129882812e+01
1.410074615478515625e+01 1.412355232238769531e+01
1.414857387542724609e+01 1.450328159332275391e+01
1.424609279632568359e+01 1.488463687896728516e+01
1.483366394042968750e+01 1.453541851043701172e+01
1.468287372589111328e+01 1.464833068847656250e+01
1.497272014617919922e+01 1.496573448181152344e+01
1.493530178070068359e+01 1.507234191894531250e+01
1.538789844512939453e+01 1.466958999633789062e+01
1.549166679382324219e+01 1.484108352661132812e+01
1.535876274108886719e+01 1.484106063842773438e+01
1.517518520355224609e+01 1.478767204284667969e+01
1.504409599304199219e+01 1.512904930114746094e+01
1.505229568481445312e+01 1.514545154571533203e+01
1.482336425781250000e+01 1.569274234771728516e+01
1.507824993133544922e+01 1.573161411285400391e+01
1.525743675231933594e+01 1.558457088470458984e+01
1.538920116424560547e+01 1.578144836425781250e+01
1.559045028686523438e+01 1.572497177124023438e+01
1.527660274505615234e+01 1.595986461639404297e+01
1.544088745117187500e+01 1.627320861816406250e+01
1.528695774078369141e+01 1.647251510620117188e+01
1.543453598022460938e+01 1.655233955383300781e+01
1.581866645812988281e+01 1.674056243896484375e+01
1.587067604064941406e+01 1.730655097961425781e+01
1.595331287384033203e+01 1.729173851013183594e+01
1.584528541564941406e+01 1.775328254699707031e+01
1.611554908752441406e+01 1.762670707702636719e+01
1.656694030761718750e+01 1.760070800781250000e+01
1.573577308654785156e+01 1.067988967895507812e+01
1.537896347045898438e+01 1.078818511962890625e+01
1.528747653961181641e+01 1.016258430480957031e+01
1.508340358734130859e+01 1.020442295074462891e+01
1.487712478637695312e+01 1.046828556060791016e+01
1.452467441558837891e+01 1.061046314239501953e+01
1.456528568267822266e+01 1.017511653900146484e+01
1.480292034149169922e+01 9.816813468933105469e+00
1.467977809906005859e+01 9.547283172607421875e+00
1.431774616241455078e+01 9.515341758728027344e+00
7.693249702453613281e+00 -6.622730731964111328e+00
7.292002677917480469e+00 -7.103057384490966797e+00
7.640204429626464844e+00 -7.313953876495361328e+00
7.395151615142822266e+00 -6.448085308074951172e+00
7.321622371673583984e+00 -6.321932315826416016e+00
7.429507255554199219e+00 -6.793229103088378906e+00
7.140741348266601562e+00 -6.721292972564697266e+00
7.943772792816162109e+00 -6.541864871978759766e+00
7.970677852630615234e+00 -6.588479995727539062e+00
7.853137016296386719e+00 -6.247685909271240234e+00
7.463568687438964844e+00 -6.597397327423095703e+00
8.034975051879882812e+00 -6.858645439147949219e+00
7.962991714477539062e+00 -7.061319351196289062e+00
7.985443592071533203e+00 -7.310924530029296875e+00
7.419750213623046875e+00 -7.681204795837402344e+00
7.147083282470703125e+00 -7.702280044555664062e+00
7.194634437561035156e+00 -7.597957611083984375e+00
7.182065486907958984e+00 -7.854870796203613281e+00
7.775438308715820312e+00 -7.669407844543457031e+00
7.750584602355957031e+00 -8.079521179199218750e+00
7.621317386627197266e+00 -8.168313980102539062e+00
7.806942462921142578e+00 -8.595946311950683594e+00
7.586213111877441406e+00 -8.402738571166992188e+00
8.013531684875488281e+00 -8.187440872192382812e+00
8.145771026611328125e+00 -8.273344993591308594e+00
8.040615081787109375e+00 -8.234131813049316406e+00
7.531311035156250000e+00 -8.415955543518066406e+00
7.486613750457763672e+00 -8.016321182250976562e+00
7.696651458740234375e+00 -8.258453369140625000e+00
7.401989459991455078e+00 -8.028516769409179688e+00
7.421883583068847656e+00 -8.765877723693847656e+00
7.447208881378173828e+00 -9.248435020446777344e+00
7.413971424102783203e+00 -9.478903770446777344e+00
7.114583015441894531e+00 -9.403606414794921875e+00
6.804000854492187500e+00 -9.335315704345703125e+00
6.708342075347900391e+00 -9.032894134521484375e+00
6.452712059020996094e+00 -8.855984687805175781e+00
6.291010856628417969e+00 -9.008066177368164062e+00
6.049408912658691406e+00 -8.708965301513671875e+00
5.830534458160400391e+00 -8.507948875427246094e+00
5.790726184844970703e+00 -8.651890754699707031e+00
6.187502384185791016e+00 -8.249635696411132812e+00
6.189406871795654297e+00 -8.179490089416503906e+00
6.314331531524658203e+00 -8.430352210998535156e+00
6.444030284881591797e+00 -8.505866050720214844e+00
6.128982543945312500e+00 -8.884795188903808594e+00
5.793367862701416016e+00 -9.259387016296386719e+00
5.729547977447509766e+00 -9.428049087524414062e+00
5.611710548400878906e+00 -9.473558425903320312e+00
5.802692890167236328e+00 -9.678630828857421875e+00
5.692809104919433594e+00 -1.002136135101318359e+01
5.656566619873046875e+00 -1.003228378295898438e+01
5.879899024963378906e+00 -1.010626125335693359e+01
1.656978416442871094e+01 1.755662345886230469e+01
1.645661163330078125e+01 1.743584823608398438e+01
1.618084335327148438e+01 1.709381866455078125e+01
1.533491325378417969e+01 1.700547599792480469e+01
1.504615211486816406e+01 1.719453430175781250e+01
1.459273815155029297e+01 1.704857254028320312e+01
1.468511486053466797e+01 1.747432518005371094e+01
1.429536056518554688e+01 1.734737968444824219e+01
1.347765254974365234e+01 1.624563407897949219e+01
1.340455913543701172e+01 1.556626224517822266e+01
1.328042697906494141e+01 1.566051483154296875e+01
1.298738098144531250e+01 1.570136451721191406e+01
1.291899299621582031e+01 1.614393234252929688e+01
1.275530910491943359e+01 1.584979724884033203e+01
1.256889533996582031e+01 1.541704368591308594e+01
1.263462257385253906e+01 1.554279041290283203e+01
1.234146499633789062e+01 1.555834293365478516e+01
1.257772922515869141e+01 1.594065761566162109e+01
1.244837951660156250e+01 1.574734592437744141e+01
1.207833290100097656e+01 1.638710594177246094e+01
1.250658512115478516e+01 1.621788597106933594e+01
1.237611007690429688e+01 1.651296424865722656e+01
1.200740432739257812e+01 1.672053718566894531e+01
1.230089855194091797e+01 1.661961936950683594e+01
1.247293090820312500e+01 1.660452651977539062e+01
1.252685642242431641e+01 1.649644470214843750e+01
1.188149356842041016e+01 1.627208328247070312e+01
1.196385288238525391e+01 1.611529731750488281e+01
1.180270290374755859e+01 1.598810958862304688e+01
1.182215404510498047e+01 1.586107730865478516e+01
1.156877326965332031e+01 1.624204635620117188e+01
1.140461635589599609e+01 1.603194999694824219e+01
1.115824031829833984e+01 1.587774467468261719e+01
1.082704830169677734e+01 1.610012435913085938e+01
1.042030620574951172e+01 1.639075660705566406e+01
1.064764595031738281e+01 1.628622245788574219e+01
1.046042251586914062e+01 1.662625503540039062e+01
1.035131263732910156e+01 1.662001609802246094e+01
1.045280170440673828e+01 1.645325469970703125e+01
1.051657581329345703e+01 1.591806888580322266e+01
1.018875408172607422e+01 1.600983810424804688e+01
1.035034656524658203e+01 1.589708709716796875e+01
9.792223930358886719e+00 1.612754249572753906e+01
9.916040420532226562e+00 1.619242668151855469e+01
9.775503158569335938e+00 1.627044486999511719e+01
9.906017303466796875e+00 1.655238914489746094e+01
9.879049301147460938e+00 1.637261009216308594e+01
9.604241371154785156e+00 1.683015060424804688e+01
9.702615737915039062e+00 1.644462585449218750e+01
9.362462043762207031e+00 1.639268493652343750e+01
9.133049011230468750e+00 1.631818199157714844e+01
9.284547805786132812e+00 1.592072868347167969e+01
9.265338897705078125e+00 1.626778411865234375e+01
9.100310325622558594e+00 1.599893665313720703e+01
9.002624511718750000e+00 1.618364524841308594e+01
9.193840980529785156e+00 1.562429141998291016e+01
9.337157249450683594e+00 1.541082477569580078e+01
9.357852935791015625e+00 1.516552734375000000e+01
9.682030677795410156e+00 1.509401607513427734e+01
9.489213943481445312e+00 1.553168582916259766e+01
9.678902626037597656e+00 1.517453002929687500e+01
9.931099891662597656e+00 1.534481620788574219e+01
1.008448410034179688e+01 1.539789772033691406e+01
1.005116939544677734e+01 1.497859764099121094e+01
1.022252655029296875e+01 1.534523868560791016e+01
1.034961128234863281e+01 1.549331855773925781e+01
1.662793159484863281e+01 1.728935623168945312e+01
1.652251243591308594e+01 1.801261901855468750e+01
1.598141384124755859e+01 1.754799079895019531e+01
1.578731441497802734e+01 1.761672210693359375e+01
1.547944068908691406e+01 1.761173057556152344e+01
1.564375114440917969e+01 1.773819732666015625e+01
1.380109882354736328e+01 1.716717338562011719e+01
1.282514762878417969e+01 1.686541366577148438e+01
1.324690055847167969e+01 1.675485610961914062e+01
1.324258136749267578e+01 1.689871597290039062e+01
1.333203411102294922e+01 1.689669227600097656e+01
1.388908863067626953e+01 1.685326766967773438e+01
1.414820289611816406e+01 1.714420509338378906e+01
1.439834594726562500e+01 1.724275207519531250e+01
1.473001003265380859e+01 1.692793083190917969e+01
1.484611892700195312e+01 1.726692771911621094e+01
1.506445789337158203e+01 1.737856864929199219e+01
1.504625988006591797e+01 1.796139335632324219e+01
1.500296878814697266e+01 1.792754173278808594e+01
1.528537273406982422e+01 1.799659919738769531e+01
1.475673675537109375e+01 1.796864700317382812e+01
1.458508682250976562e+01 1.798109245300292969e+01
1.472317600250244141e+01 1.801065826416015625e+01
1.445463562011718750e+01 1.810677719116210938e+01
1.465205287933349609e+01 1.833500671386718750e+01
1.410581874847412109e+01 1.821948051452636719e+01
1.396455669403076172e+01 1.844106864929199219e+01
1.437520027160644531e+01 1.864245033264160156e+01
1.424162769317626953e+01 1.880052375793457031e+01
1.447538185119628906e+01 1.882080078125000000e+01
1.472446537017822266e+01 1.874277305603027344e+01
1.486011886596679688e+01 1.892103385925292969e+01
1.480673503875732422e+01 1.899761772155761719e+01
1.526539134979248047e+01 1.876344871520996094e+01
1.512492752075195312e+01 1.901293754577636719e+01
1.551242256164550781e+01 1.924156951904296875e+01
1.497970008850097656e+01 1.933203315734863281e+01
1.528089237213134766e+01 1.956851959228515625e+01
1.501819801330566406e+01 1.964073562622070312e+01
1.525988769531250000e+01 1.948270988464355469e+01
1.500869750976562500e+01 1.994965744018554688e+01
1.496254253387451172e+01 1.994645881652832031e+01
1.460289478302001953e+01 1.999618530273437500e+01
1.443809604644775391e+01 2.012401199340820312e+01
1.448766136169433594e+01 2.029632377624511719e+01
1.430511188507080078e+01 2.012003135681152344e+01
1.423840236663818359e+01 2.044935989379882812e+01
1.431838130950927734e+01 2.069748687744140625e+01
1.460723876953125000e+01 2.013879966735839844e+01
1.447375679016113281e+01 2.041108322143554688e+01
1.505477237701416016e+01 2.062665939331054688e+01
1.451457214355468750e+01 2.101790237426757812e+01
1.500932121276855469e+01 2.050921058654785156e+01
1.473256683349609375e+01 2.079820823669433594e+01
1.520259761810302734e+01 2.079918479919433594e+01
1.477610397338867188e+01 2.108387756347656250e+01
1.499057960510253906e+01 2.108300781250000000e+01
1.514044570922851562e+01 2.095172309875488281e+01
1.523207473754882812e+01 2.063199806213378906e+01
1.515830421447753906e+01 2.057946586608886719e+01
5.968932628631591797e+00 -1.058626651763916016e+01
6.291516780853271484e+00 -1.043909072875976562e+01
6.374237060546875000e+00 -1.008346366882324219e+01
6.648134708404541016e+00 -1.030002021789550781e+01
6.951869010925292969e+00 -1.044540023803710938e+01
7.104582786560058594e+00 -1.034021854400634766e+01
7.171929836273193359e+00 -1.049845409393310547e+01
7.546541213989257812e+00 -1.020186996459960938e+01
7.371339797973632812e+00 -1.025056266784667969e+01
7.366786003112792969e+00 -1.062031555175781250e+01
7.404471874237060547e+00 -1.087535762786865234e+01
7.308703422546386719e+00 -1.112734794616699219e+01
7.533605575561523438e+00 -1.125138759613037109e+01
8.095865249633789062e+00 -1.108174324035644531e+01
8.444919586181640625e+00 -1.066989612579345703e+01
8.029719352722167969e+00 -1.081259536743164062e+01
8.171619415283203125e+00 -1.108341598510742188e+01
8.210247993469238281e+00 -1.057458591461181641e+01
8.118377685546875000e+00 -1.091512203216552734e+01
7.881822109222412109e+00 -1.140167999267578125e+01
8.056901931762695312e+00 -1.134928321838378906e+01
8.160280227661132812e+00 -1.140018653869628906e+01
8.443028450012207031e+00 -1.107048320770263672e+01
8.531080245971679688e+00 -1.111944293975830078e+01
8.715614318847656250e+00 -1.083792495727539062e+01
8.762382507324218750e+00 -1.071790313720703125e+01
8.999029159545898438e+00 -1.106015968322753906e+01
9.028182029724121094e+00 -1.118128013610839844e+01
9.382778167724609375e+00 -1.102910041809082031e+01
8.991275787353515625e+00 -1.161940097808837891e+01
9.166660308837890625e+00 -1.154932594299316406e+01
8.874654769897460938e+00 -1.166466808319091797e+01
8.981428146362304688e+00 -1.186919593811035156e+01
8.544904708862304688e+00 -1.198282146453857422e+01
8.243903160095214844e+00 -1.209547233581542969e+01
8.695162773132324219e+00 -1.202502441406250000e+01
8.475939750671386719e+00 -1.236839294433593750e+01
8.237433433532714844e+00 -1.249548053741455078e+01
8.473282814025878906e+00 -1.230166912078857422e+01
8.504053115844726562e+00 -1.269204425811767578e+01
8.489756584167480469e+00 -1.259117126464843750e+01
8.799085617065429688e+00 -1.287570095062255859e+01
9.249284744262695312e+00 -1.301887893676757812e+01
9.382189750671386719e+00 -1.234845447540283203e+01
9.486932754516601562e+00 -1.237728118896484375e+01
9.761946678161621094e+00 -1.215390586853027344e+01
9.966295242309570312e+00 -1.197605323791503906e+01
1.006575775146484375e+01 -1.181822109222412109e+01
9.985391616821289062e+00 -1.181283283233642578e+01
9.785757064819335938e+00 -1.175199222564697266e+01
1.018581295013427734e+01 -1.208454513549804688e+01
1.003583812713623047e+01 -1.249685001373291016e+01
1.027692508697509766e+01 -1.236285400390625000e+01
1.017745494842529297e+01 -1.247092628479003906e+01
1.003881835937500000e+01 -1.291624546051025391e+01
9.894571304321289062e+00 -1.301781272888183594e+01
9.966264724731445312e+00 -1.264675712585449219e+01
9.700450897216796875e+00 -1.296689033508300781e+01
9.505035400390625000e+00 -1.284691238403320312e+01
9.406119346618652344e+00 -1.288548469543457031e+01
9.586913108825683594e+00 -1.251686477661132812e+01
5.712347984313964844e+00 -1.035785007476806641e+01
5.978298664093017578e+00 -1.042014312744140625e+01
6.022445678710937500e+00 -1.036927509307861328e+01
6.477962970733642578e+00 -1.052728843688964844e+01
6.101569175720214844e+00 -1.072619628906250000e+01
6.194962501525878906e+00 -1.103678989410400391e+01
6.318749904632568359e+00 -1.101184368133544922e+01
6.344395160675048828e+00 -1.120516777038574219e+01
6.374129295349121094e+00 -1.149792766571044922e+01
6.358415603637695312e+00 -1.150705814361572266e+01
6.149881362915039062e+00 -1.174746513366699219e+01
5.997919559478759766e+00 -1.168787002563476562e+01
5.784027099609375000e+00 -1.181213569641113281e+01
5.593808174133300781e+00 -1.172321319580078125e+01
5.427070617675781250e+00 -1.206861877441406250e+01
5.342525959014892578e+00 -1.207502365112304688e+01
5.195609569549560547e+00 -1.171796894073486328e+01
5.135767459869384766e+00 -1.178362178802490234e+01
4.845613002777099609e+00 -1.219660282135009766e+01
4.813834190368652344e+00 -1.205086517333984375e+01
4.956682205200195312e+00 -1.168016719818115234e+01
4.756069183349609375e+00 -1.148173904418945312e+01
4.576440811157226562e+00 -1.173328781127929688e+01
4.365848541259765625e+00 -1.186544513702392578e+01
4.155235290527343750e+00 -1.196847629547119141e+01
3.965974569320678711e+00 -1.191668128967285156e+01
3.815121889114379883e+00 -1.143131351470947266e+01
3.507605552673339844e+00 -1.174971199035644531e+01
3.769340515136718750e+00 -1.176083374023437500e+01
3.617733716964721680e+00 -1.135917949676513672e+01
3.628481864929199219e+00 -1.158215713500976562e+01
3.794057369232177734e+00 -1.127801418304443359e+01
3.352046489715576172e+00 -1.202079677581787109e+01
3.284353971481323242e+00 -1.144513607025146484e+01
3.152114152908325195e+00 -1.164119338989257812e+01
3.022542715072631836e+00 -1.180471420288085938e+01
3.109422445297241211e+00 -1.189607143402099609e+01
2.997875213623046875e+00 -1.176214504241943359e+01
3.254904508590698242e+00 -1.117506790161132812e+01
3.195702552795410156e+00 -1.117971420288085938e+01
3.109280109405517578e+00 -1.077380466461181641e+01
2.871596336364746094e+00 -1.047440910339355469e+01
2.672764539718627930e+00 -1.078068828582763672e+01
3.040619134902954102e+00 -1.075641632080078125e+01
2.545672178268432617e+00 -1.099060535430908203e+01
2.431413173675537109e+00 -1.096120166778564453e+01
2.596451282501220703e+00 -1.124104118347167969e+01
2.509175300598144531e+00 -1.159723186492919922e+01
2.310069084167480469e+00 -1.136601829528808594e+01
2.438030719757080078e+00 -1.156036281585693359e+01
2.226760864257812500e+00 -1.150757694244384766e+01
1.535471081733703613e+00 -1.159848690032958984e+01
1.593265295028686523e+00 -1.162617778778076172e+01
1.403045773506164551e+00 -1.203977394104003906e+01
1.211599707603454590e+00 -1.206706523895263672e+01
8.992674350738525391e-01 -1.226509189605712891e+01
7.504351139068603516e-01 -1.206041431427001953e+01
6.419996023178100586e-01 -1.222354125976562500e+01
7.744450569152832031e-01 -1.183438873291015625e+01
8.358224630355834961e-01 -1.220484638214111328e+01
9.600906372070312500e-01 -1.235781097412109375e+01
3.663008511066436768e-01 -1.195366191864013672e+01
4.607444107532501221e-01 -1.218857002258300781e+01
4.732798337936401367e-01 -1.203037071228027344e+01
5.588377118110656738e-01 -1.171480369567871094e+01
9.973076581954956055e-01 -1.159523582458496094e+01
6.516844630241394043e-01 -1.172718048095703125e+01
4.570490121841430664e-01 -1.150573253631591797e+01
4.651539623737335205e-01 -1.112461471557617188e+01
2.300744950771331787e-01 -1.139972400665283203e+01
5.897967815399169922e-01 -1.102645206451416016e+01
5.587842464447021484e-01 -1.115312767028808594e+01
8.929460048675537109e-01 -1.135998821258544922e+01
9.839555025100708008e-01 -1.096483707427978516e+01
1.234620094299316406e+00 -1.164310264587402344e+01
1.258941173553466797e+00 -1.139056205749511719e+01
1.154255747795104980e+00 -1.107406711578369141e+01
