6.689950466156005859e+00 3.522434473037719727e+00
7.038173198699951172e+00 3.491347789764404297e+00
6.919524669647216797e+00 3.732804775238037109e+00
7.066225051879882812e+00 3.830947875976562500e+00
7.221410751342773438e+00 3.982286930084228516e+00
6.846939563751220703e+00 4.308510303497314453e+00
6.780871391296386719e+00 4.101152896881103516e+00
6.806715965270996094e+00 4.731532573699951172e+00
6.286727905273437500e+00 4.773554801940917969e+00
5.851537704467773438e+00 4.827122211456298828e+00
5.867569446563720703e+00 5.381436824798583984e+00
5.519383430480957031e+00 5.056511878967285156e+00
5.981326103210449219e+00 4.964377880096435547e+00
6.086993694305419922e+00 5.361907958984375000e+00
6.272986888885498047e+00 5.036235332489013672e+00
6.568110942840576172e+00 5.321951866149902344e+00
6.620156288146972656e+00 5.456240177154541016e+00
6.617838382720947266e+00 5.352603912353515625e+00
6.862237930297851562e+00 5.655595302581787109e+00
6.384875297546386719e+00 6.149726390838623047e+00
6.678357601165771484e+00 6.166968822479248047e+00
6.896480083465576172e+00 5.825718402862548828e+00
6.828592300415039062e+00 5.941353321075439453e+00
6.500630378723144531e+00 5.982729434967041016e+00
6.613200664520263672e+00 5.817300796508789062e+00
5.458399295806884766e+00 5.759688377380371094e+00
5.435768604278564453e+00 6.111286163330078125e+00
5.342535972595214844e+00 5.646867275238037109e+00
5.099439144134521484e+00 6.057870864868164062e+00
5.255451202392578125e+00 6.231317996978759766e+00
5.298104763031005859e+00 6.336679935455322266e+00
5.567270755767822266e+00 6.358288764953613281e+00
5.945597648620605469e+00 6.435072898864746094e+00
6.289199829101562500e+00 6.409322261810302734e+00
6.124130249023437500e+00 6.904347896575927734e+00
6.278342247009277344e+00 6.721380233764648438e+00
6.358054637908935547e+00 6.512804508209228516e+00
6.184185028076171875e+00 6.371842384338378906e+00
5.976163387298583984e+00 6.611582279205322266e+00
5.739602565765380859e+00 6.053628921508789062e+00
5.814855098724365234e+00 5.651348590850830078e+00
5.383942604064941406e+00 5.744158744812011719e+00
5.067986965179443359e+00 5.212205410003662109e+00
4.936890125274658203e+00 5.102993488311767578e+00
4.714309692382812500e+00 4.929309844970703125e+00
4.315963745117187500e+00 5.120246887207031250e+00
4.590846538543701172e+00 5.162219047546386719e+00
4.446215629577636719e+00 5.101471424102783203e+00
4.533198356628417969e+00 5.606457233428955078e+00
4.356802940368652344e+00 5.486551761627197266e+00
4.377387046813964844e+00 6.033516883850097656e+00
4.669265747070312500e+00 5.765325546264648438e+00
4.632134914398193359e+00 6.188236713409423828e+00
4.515779972076416016e+00 5.985428333282470703e+00
4.293623447418212891e+00 6.142355918884277344e+00
4.029178619384765625e+00 6.250411987304687500e+00
4.089682579040527344e+00 5.955887794494628906e+00
4.053805828094482422e+00 5.836327075958251953e+00
4.290648937225341797e+00 6.505887508392333984e+00
3.934473752975463867e+00 6.442762374877929688e+00
3.644582509994506836e+00 6.396789550781250000e+00
3.524474143981933594e+00 6.076581001281738281e+00
3.262215375900268555e+00 5.900759696960449219e+00
3.073873043060302734e+00 6.007973194122314453e+00
3.331951141357421875e+00 5.718348503112792969e+00
3.098587989807128906e+00 5.464527606964111328e+00
3.462149858474731445e+00 5.315178871154785156e+00
3.834402561187744141e+00 5.433366775512695312e+00
3.491279363632202148e+00 5.252512931823730469e+00
3.249437808990478516e+00 5.136173248291015625e+00
3.025793552398681641e+00 5.005829334259033203e+00
2.895978212356567383e+00 4.829238891601562500e+00
2.263717889785766602e+00 4.639160156250000000e+00
2.480846643447875977e+00 5.381306648254394531e+00
2.578556537628173828e+00 5.518786430358886719e+00
2.460248708724975586e+00 6.053157329559326172e+00
2.369009971618652344e+00 6.093105792999267578e+00
2.136841773986816406e+00 5.860753059387207031e+00
2.189646005630493164e+00 6.013921260833740234e+00
2.298859357833862305e+00 5.712141513824462891e+00
2.365892171859741211e+00 5.383129119873046875e+00
2.278629779815673828e+00 5.295493125915527344e+00
2.029170989990234375e+00 5.211577415466308594e+00
1.842228651046752930e+00 5.101703643798828125e+00
1.799377202987670898e+00 5.038516044616699219e+00
1.198859810829162598e+00 5.420270919799804688e+00
1.271272182464599609e+00 5.800806999206542969e+00
8.868602514266967773e-01 5.687234878540039062e+00
8.600823283195495605e-01 5.824638843536376953e+00
8.214986920356750488e-01 5.456379413604736328e+00
7.646234631538391113e-01 5.078591346740722656e+00
8.542338609695434570e-01 5.006811618804931641e+00
9.791379570960998535e-01 4.702293395996093750e+00
7.972247600555419922e-01 4.474011421203613281e+00
6.992356777191162109e-01 4.611243724822998047e+00
1.194799542427062988e+00 5.782094478607177734e+00
1.015682220458984375e+00 5.563084125518798828e+00
1.000799655914306641e+00 5.618034362792968750e+00
6.550750732421875000e-01 6.037374496459960938e+00
5.959138870239257812e-01 5.745070934295654297e+00
5.160508751869201660e-01 5.874552726745605469e+00
5.987780690193176270e-01 5.996282577514648438e+00
3.087302148342132568e-01 5.596996307373046875e+00
3.475324511528015137e-01 5.190793514251708984e+00
2.734918892383575439e-01 5.011182785034179688e+00
2.759316563606262207e-01 5.599477291107177734e+00
7.345490157604217529e-02 5.993727684020996094e+00
2.026332356035709381e-02 6.047218322753906250e+00
8.594299107789993286e-02 5.980153560638427734e+00
-1.737879663705825806e-01 5.678304195404052734e+00
-3.226496577262878418e-01 5.597203731536865234e+00
-1.003282889723777771e-01 5.288789272308349609e+00
1.304303109645843506e-01 5.084338665008544922e+00
-2.683728635311126709e-01 4.777146339416503906e+00
3.638054803013801575e-02 4.884834766387939453e+00
1.078737229108810425e-01 4.518867015838623047e+00
2.087214291095733643e-01 3.980476856231689453e+00
4.545401334762573242e-01 4.112809181213378906e+00
4.713536798954010010e-01 3.943305492401123047e+00
7.523607611656188965e-01 3.781945943832397461e+00
7.258847355842590332e-01 3.750699758529663086e+00
4.144003689289093018e-01 3.371761798858642578e+00
2.879851460456848145e-01 3.549090623855590820e+00
5.520363450050354004e-01 3.088569879531860352e+00
1.082412362098693848e+00 3.098194837570190430e+00
1.277644276618957520e+00 3.285690784454345703e+00
1.519391655921936035e+00 3.407841920852661133e+00
1.838583111763000488e+00 4.045119285583496094e+00
2.234533071517944336e+00 3.900688886642456055e+00
1.923666477203369141e+00 4.048831462860107422e+00
2.218779802322387695e+00 4.081389427185058594e+00
2.090609312057495117e+00 3.793367624282836914e+00
2.039512872695922852e+00 3.702908039093017578e+00
1.985618114471435547e+00 3.635304927825927734e+00
1.911666154861450195e+00 3.476425409317016602e+00
1.545987367630004883e+00 3.129922389984130859e+00
1.317387223243713379e+00 3.617058038711547852e+00
1.109351873397827148e+00 3.006303787231445312e+00
8.976655602455139160e-01 3.306096792221069336e+00
1.302707076072692871e+00 3.267266511917114258e+00
9.105100035667419434e-01 2.684928655624389648e+00
1.193214893341064453e+00 2.758844614028930664e+00
8.339675664901733398e-01 2.464448451995849609e+00
1.167232990264892578e+00 2.490812301635742188e+00
1.619070053100585938e+00 2.164506912231445312e+00
1.516368865966796875e+00 2.201019763946533203e+00
1.280247807502746582e+00 1.938515305519104004e+00
1.068926692008972168e+00 1.820097565650939941e+00
1.528927445411682129e+00 1.639981508255004883e+00
1.232665538787841797e+00 1.654546141624450684e+00
1.375235080718994141e+00 1.483675956726074219e+00
1.758102774620056152e+00 1.460358738899230957e+00
1.575229406356811523e+00 1.431490302085876465e+00
1.477149128913879395e+00 9.921815991401672363e-01
1.486093878746032715e+00 9.965162873268127441e-01
1.794547080993652344e+00 9.987646341323852539e-01
1.599491953849792480e+00 8.385552167892456055e-01
1.839219093322753906e+00 4.471772313117980957e-01
1.227071762084960938e+00 6.388065814971923828e-01
1.529191493988037109e+00 3.782869577407836914e-01
1.676828026771545410e+00 1.236661523580551147e-01
1.270805597305297852e+00 7.924015820026397705e-02
1.381410121917724609e+00 2.846470475196838379e-01
1.523837089538574219e+00 5.957537889480590820e-01
1.868928194046020508e+00 8.312743902206420898e-01
2.313003778457641602e+00 1.563859343528747559e+00
2.628625154495239258e+00 1.937470912933349609e+00
2.924459695816040039e+00 1.731330752372741699e+00
2.866133213043212891e+00 1.749844551086425781e+00
2.973749637603759766e+00 1.257925868034362793e+00
2.822765111923217773e+00 1.495705127716064453e+00
2.721964359283447266e+00 1.283912420272827148e+00
3.035698890686035156e+00 1.260345935821533203e+00
2.633990049362182617e+00 8.543822765350341797e-01
2.585677385330200195e+00 6.356730461120605469e-01
2.738911151885986328e+00 1.706400364637374878e-01
2.914369344711303711e+00 2.421306073665618896e-01
2.471924781799316406e+00 -3.572391867637634277e-01
2.406409025192260742e+00 -3.090396523475646973e-01
2.809775352478027344e+00 -6.589984893798828125e-01
2.523886680603027344e+00 -4.298616647720336914e-01
2.558461427688598633e+00 -5.374037027359008789e-01
2.940690755844116211e+00 -8.069874644279479980e-01
3.036728382110595703e+00 -5.160004496574401855e-01
3.228143215179443359e+00 -9.535277485847473145e-01
3.111168622970581055e+00 -1.061642527580261230e+00
3.255855321884155273e+00 -1.202118515968322754e+00
3.436115264892578125e+00 -6.290719509124755859e-01
3.710426807403564453e+00 -1.043096065521240234e+00
3.944345235824584961e+00 -4.883505105972290039e-01
3.740081310272216797e+00 -7.902594208717346191e-01
3.729132175445556641e+00 -6.273158788681030273e-01
3.525029420852661133e+00 -3.686413466930389404e-01
3.757596015930175781e+00 -8.978032320737838745e-02
3.798408269882202148e+00 -2.225311845541000366e-01
3.555562496185302734e+00 -3.612386286258697510e-01
3.696491956710815430e+00 -4.756557941436767578e-01
3.924779891967773438e+00 -7.903993129730224609e-01
4.033106803894042969e+00 -1.334638357162475586e+00
4.249573230743408203e+00 -1.554994344711303711e+00
4.170717716217041016e+00 -1.513868451118469238e+00
3.969944715499877930e+00 -1.709876298904418945e+00
4.386739730834960938e+00 -1.690975666046142578e+00
4.305395603179931641e+00 -2.044345617294311523e+00
4.234176635742187500e+00 -2.070455312728881836e+00
4.440398693084716797e+00 -1.963678717613220215e+00
4.694335937500000000e+00 -2.126604080200195312e+00
4.656077384948730469e+00 -1.711331367492675781e+00
4.806133747100830078e+00 -1.672197818756103516e+00
4.619625091552734375e+00 -1.800976395606994629e+00
4.951365947723388672e+00 -1.537287473678588867e+00
4.940528869628906250e+00 -1.218721508979797363e+00
4.326179027557373047e+00 -1.020022034645080566e+00
4.634408950805664062e+00 -1.216258764266967773e+00
4.692682266235351562e+00 -9.371133446693420410e-01
4.755301952362060547e+00 -6.890643835067749023e-01
4.811822891235351562e+00 -6.667401194572448730e-01
4.586702346801757812e+00 1.897263228893280029e-01
4.766713142395019531e+00 5.411794409155845642e-02
4.807630538940429688e+00 4.138114452362060547e-01
5.028216361999511719e+00 1.456533521413803101e-01
5.141392707824707031e+00 1.323750466108322144e-01
4.734936714172363281e+00 4.802463650703430176e-01
4.892774105072021484e+00 8.152805566787719727e-01
5.034746646881103516e+00 9.694501757621765137e-01
5.041261672973632812e+00 1.054567217826843262e+00
5.239702701568603516e+00 5.310367941856384277e-01
5.314462184906005859e+00 8.958662748336791992e-01
5.779086589813232422e+00 6.879232525825500488e-01
5.766540050506591797e+00 5.447103977203369141e-01
5.944448947906494141e+00 4.760451614856719971e-01
6.166877746582031250e+00 5.647810697555541992e-01
6.314835548400878906e+00 5.992760658264160156e-01
6.091624259948730469e+00 1.942640244960784912e-01
5.798804283142089844e+00 -1.800985932350158691e-01
5.767695426940917969e+00 -3.955894410610198975e-01
5.925563812255859375e+00 -2.883597463369369507e-02
6.080097675323486328e+00 -2.545686066150665283e-01
6.137444972991943359e+00 -4.396019876003265381e-01
6.183552265167236328e+00 -6.230864524841308594e-01
6.140093326568603516e+00 -8.139778375625610352e-01
6.309385776519775391e+00 -7.837783098220825195e-01
6.615034580230712891e+00 -7.021279931068420410e-01
6.876897335052490234e+00 -4.932782351970672607e-01
6.641432285308837891e+00 -1.847345978021621704e-01
6.802708625793457031e+00 -6.717186421155929565e-02
7.004801273345947266e+00 1.627232134342193604e-01
6.945542335510253906e+00 3.115552663803100586e-01
6.913726806640625000e+00 4.367876052856445312e-01
6.752369880676269531e+00 1.070767760276794434e+00
7.100722312927246094e+00 1.209715604782104492e+00
7.035206794738769531e+00 1.415364146232604980e+00
6.737696647644042969e+00 1.244866490364074707e+00
7.181166648864746094e+00 1.576306819915771484e+00
6.725020885467529297e+00 1.644001007080078125e+00
6.548170566558837891e+00 1.932519316673278809e+00
6.106322288513183594e+00 1.960264205932617188e+00
6.240159034729003906e+00 2.000425338745117188e+00
5.519846916198730469e+00 1.690622925758361816e+00
5.657176971435546875e+00 1.775968194007873535e+00
5.433803558349609375e+00 1.639934778213500977e+00
5.754806518554687500e+00 1.947393178939819336e+00
5.855255126953125000e+00 1.612081408500671387e+00
5.340251445770263672e+00 2.057267904281616211e+00
5.284693241119384766e+00 1.842087388038635254e+00
5.372437477111816406e+00 2.186194181442260742e+00
5.274760723114013672e+00 2.481900930404663086e+00
5.509022712707519531e+00 2.897847890853881836e+00
5.626086235046386719e+00 2.721999406814575195e+00
6.277877330780029297e+00 2.630019187927246094e+00
5.939993381500244141e+00 2.665342092514038086e+00
5.771698951721191406e+00 2.616419553756713867e+00
5.919994831085205078e+00 2.820443153381347656e+00
6.054556369781494141e+00 2.835037469863891602e+00
5.900904655456542969e+00 3.353128433227539062e+00
5.617127895355224609e+00 3.505357503890991211e+00
5.516420364379882812e+00 3.629445075988769531e+00
5.485222339630126953e+00 3.778796911239624023e+00
4.972675800323486328e+00 3.500705957412719727e+00
4.686067581176757812e+00 3.495561122894287109e+00
4.946981430053710938e+00 3.425464391708374023e+00
5.026631355285644531e+00 3.379647016525268555e+00
5.008871078491210938e+00 3.771415948867797852e+00
5.093302726745605469e+00 3.614961862564086914e+00
5.640366554260253906e+00 3.901272058486938477e+00
5.396508693695068359e+00 3.929843425750732422e+00
5.337989807128906250e+00 3.962058067321777344e+00
5.197340488433837891e+00 4.510502338409423828e+00
5.296843528747558594e+00 4.533576011657714844e+00
5.594056606292724609e+00 4.575523853302001953e+00
1.568757247924804688e+01 7.875893592834472656e+00
7.370318889617919922e+00 4.519077301025390625e+00
7.518832683563232422e+00 4.164363384246826172e+00
7.725954055786132812e+00 3.910928726196289062e+00
7.823411941528320312e+00 3.453758001327514648e+00
7.554082870483398438e+00 3.055001497268676758e+00
7.837387084960937500e+00 2.956262350082397461e+00
8.163636207580566406e+00 2.861788511276245117e+00
7.915547370910644531e+00 3.097944021224975586e+00
7.801850795745849609e+00 2.512243986129760742e+00
8.027173995971679688e+00 2.961442470550537109e+00
7.371361732482910156e+00 2.701198577880859375e+00
1.393188190460205078e+01 2.543501377105712891e+00
1.430313110351562500e+01 2.648093461990356445e+00
1.400550937652587891e+01 2.477789640426635742e+00
1.430556392669677734e+01 2.183065652847290039e+00
1.427631282806396484e+01 2.219977378845214844e+00
1.464757537841796875e+01 1.847172021865844727e+00
1.477033615112304688e+01 1.761201381683349609e+00
1.499320793151855469e+01 1.580161809921264648e+00
1.504824256896972656e+01 1.652343988418579102e+00
1.536933326721191406e+01 1.744716763496398926e+00
1.534132766723632812e+01 1.975629925727844238e+00
1.528218746185302734e+01 2.256171703338623047e+00
1.523872280120849609e+01 2.226187467575073242e+00
1.485990524291992188e+01 2.306287527084350586e+00
1.466465377807617188e+01 2.558956384658813477e+00
1.476305007934570312e+01 2.960002660751342773e+00
1.459172058105468750e+01 3.132619857788085938e+00
1.466413116455078125e+01 3.254955768585205078e+00
1.493078613281250000e+01 3.179520606994628906e+00
1.528658103942871094e+01 3.299527406692504883e+00
1.551656341552734375e+01 3.229855060577392578e+00
1.567490386962890625e+01 3.319439649581909180e+00
1.583296108245849609e+01 2.851961612701416016e+00
1.593984317779541016e+01 2.970676898956298828e+00
1.581711292266845703e+01 2.472164392471313477e+00
1.589036178588867188e+01 2.502492666244506836e+00
1.592579936981201172e+01 2.277926445007324219e+00
1.600564384460449219e+01 1.947288036346435547e+00
1.590898323059082031e+01 2.348817586898803711e+00
1.648343276977539062e+01 2.297424793243408203e+00
1.646222305297851562e+01 2.478667497634887695e+00
1.653054809570312500e+01 2.645872354507446289e+00
1.672868919372558594e+01 2.876847028732299805e+00
1.668872070312500000e+01 2.671205043792724609e+00
1.706216621398925781e+01 2.805443286895751953e+00
1.715151786804199219e+01 3.182166337966918945e+00
1.717410278320312500e+01 3.314884901046752930e+00
1.695927429199218750e+01 3.502057075500488281e+00
1.710108947753906250e+01 3.643632411956787109e+00
1.656687736511230469e+01 3.510227441787719727e+00
1.649610710144042969e+01 3.344111204147338867e+00
1.689628791809082031e+01 3.610304117202758789e+00
1.709289932250976562e+01 3.448240041732788086e+00
1.756379318237304688e+01 3.280589580535888672e+00
1.751348495483398438e+01 2.976848363876342773e+00
1.788528442382812500e+01 2.718038320541381836e+00
1.772953605651855469e+01 2.472240447998046875e+00
1.783834648132324219e+01 2.364122629165649414e+00
1.812755584716796875e+01 1.719264626502990723e+00
1.830566596984863281e+01 2.142843484878540039e+00
1.850021934509277344e+01 1.986935973167419434e+00
1.839723777770996094e+01 2.160932540893554688e+00
1.856228256225585938e+01 2.617055416107177734e+00
1.825388908386230469e+01 2.828199386596679688e+00
1.819204330444335938e+01 2.873558759689331055e+00
1.823952484130859375e+01 3.379407882690429688e+00
1.802921485900878906e+01 3.879323244094848633e+00
1.770497131347656250e+01 4.193164348602294922e+00
1.765203475952148438e+01 4.343776702880859375e+00
1.646888732910156250e+01 1.745417356491088867e+00
1.659586143493652344e+01 1.348505973815917969e+00
1.636665344238281250e+01 1.325840234756469727e+00
1.698458862304687500e+01 1.678289771080017090e+00
1.683125495910644531e+01 1.536569118499755859e+00
1.700199890136718750e+01 1.601157546043395996e+00
1.701352310180664062e+01 1.095136404037475586e+00
1.706100654602050781e+01 7.866072058677673340e-01
1.716256904602050781e+01 7.079108357429504395e-01
1.671771621704101562e+01 5.257757306098937988e-01
1.702721405029296875e+01 2.728523015975952148e-01
1.662322998046875000e+01 1.775601804256439209e-01
1.678365898132324219e+01 -1.265854388475418091e-01
1.705811882019042969e+01 -4.973742365837097168e-01
1.729971694946289062e+01 -1.546441316604614258e-01
1.733401489257812500e+01 -2.966947257518768311e-01
1.715531349182128906e+01 -2.737345397472381592e-01
1.725901222229003906e+01 2.903096005320549011e-02
1.718917655944824219e+01 3.082112222909927368e-02
1.745140647888183594e+01 4.427632987499237061e-01
1.701980400085449219e+01 2.533583641052246094e-01
1.755049324035644531e+01 -1.263827830553054810e-01
1.743560600280761719e+01 -2.415852844715118408e-01
1.769506263732910156e+01 5.991287995129823685e-03
1.789333724975585938e+01 2.511701881885528564e-01
1.770480918884277344e+01 -2.705020308494567871e-01
1.800237274169921875e+01 2.572821676731109619e-01
1.797519874572753906e+01 -2.016903609037399292e-01
1.832145690917968750e+01 -1.803478412330150604e-02
1.829955482482910156e+01 -1.456348896026611328e-01
1.842582511901855469e+01 -6.899992227554321289e-01
1.877588844299316406e+01 -1.029293656349182129e+00
1.875451278686523438e+01 -7.984355092048645020e-01
1.850308418273925781e+01 -1.003895282745361328e+00
1.762357521057128906e+01 -1.117573618888854980e+00
1.775756263732910156e+01 -1.011719942092895508e+00
1.746431541442871094e+01 -1.368911027908325195e+00
1.785944557189941406e+01 -1.747550964355468750e+00
1.781399726867675781e+01 -1.813930630683898926e+00
1.768746566772460938e+01 -1.502534985542297363e+00
1.792647361755371094e+01 -1.853765249252319336e+00
1.813338470458984375e+01 -1.766556143760681152e+00
1.828335952758789062e+01 -1.818633198738098145e+00
1.857950019836425781e+01 -2.555056095123291016e+00
1.876146888732910156e+01 -2.688299417495727539e+00
1.871724891662597656e+01 -3.052265405654907227e+00
1.890582275390625000e+01 -3.172915697097778320e+00
1.894303512573242188e+01 -3.342418670654296875e+00
1.940193367004394531e+01 -3.369705200195312500e+00
1.924903869628906250e+01 -3.480053901672363281e+00
1.977245330810546875e+01 -3.840514659881591797e+00
1.982517051696777344e+01 -4.121124267578125000e+00
1.948285484313964844e+01 -4.314024925231933594e+00
1.937944793701171875e+01 -4.577404975891113281e+00
1.955076217651367188e+01 -4.623102664947509766e+00
1.951789474487304688e+01 -4.967676162719726562e+00
1.801391029357910156e+01 1.859132528305053711e+00
1.793167304992675781e+01 2.023138999938964844e+00
1.762146377563476562e+01 1.861977219581604004e+00
1.794825172424316406e+01 1.907109260559082031e+00
1.759941673278808594e+01 2.216467142105102539e+00
1.791108322143554688e+01 2.519956588745117188e+00
1.775774002075195312e+01 2.801439285278320312e+00
1.712230873107910156e+01 2.270006656646728516e+00
1.695864677429199219e+01 2.088831663131713867e+00
1.661621475219726562e+01 2.937848091125488281e+00
1.643929481506347656e+01 3.495808124542236328e+00
1.624750137329101562e+01 3.756496667861938477e+00
1.653466796875000000e+01 4.160191535949707031e+00
1.648762512207031250e+01 4.273029327392578125e+00
1.664558410644531250e+01 4.345512390136718750e+00
1.691119956970214844e+01 4.650685310363769531e+00
1.699549293518066406e+01 4.791065692901611328e+00
1.704769515991210938e+01 5.273775100708007812e+00
1.749915695190429688e+01 5.729105949401855469e+00
1.756330108642578125e+01 5.988507270812988281e+00
1.749464416503906250e+01 5.825046539306640625e+00
1.721449661254882812e+01 6.153635025024414062e+00
1.717807197570800781e+01 6.341529369354248047e+00
1.727014541625976562e+01 6.332152366638183594e+00
1.687754631042480469e+01 6.863610744476318359e+00
1.673594284057617188e+01 6.677048683166503906e+00
1.675094604492187500e+01 6.663217544555664062e+00
1.730161666870117188e+01 6.931904792785644531e+00
1.754624557495117188e+01 7.409074306488037109e+00
1.806039047241210938e+01 6.670178890228271484e+00
1.789269447326660156e+01 6.934782981872558594e+00
1.814921569824218750e+01 6.777337074279785156e+00
1.819940376281738281e+01 6.872811317443847656e+00
1.849507904052734375e+01 7.594131946563720703e+00
1.861122131347656250e+01 7.656069755554199219e+00
1.891221237182617188e+01 8.324446678161621094e+00
1.864274406433105469e+01 8.195321083068847656e+00
1.876250648498535156e+01 7.912643909454345703e+00
1.833487129211425781e+01 8.225103378295898438e+00
1.850350379943847656e+01 8.121287345886230469e+00
1.812178039550781250e+01 7.893539428710937500e+00
1.777074241638183594e+01 7.905574321746826172e+00
1.791010856628417969e+01 7.809447765350341797e+00
1.794260215759277344e+01 7.215876102447509766e+00
1.786433410644531250e+01 7.358191490173339844e+00
1.750002098083496094e+01 7.070795536041259766e+00
1.740402984619140625e+01 7.198644161224365234e+00
1.713349342346191406e+01 6.961244583129882812e+00
1.689406013488769531e+01 6.952938556671142578e+00
1.716527748107910156e+01 7.209063053131103516e+00
1.688704109191894531e+01 7.426739692687988281e+00
1.696839904785156250e+01 7.576000213623046875e+00
1.651244163513183594e+01 7.607190132141113281e+00
1.662847709655761719e+01 7.675464153289794922e+00
1.644149589538574219e+01 7.689446926116943359e+00
1.719437408447265625e+01 7.792023658752441406e+00
1.692942810058593750e+01 7.959163188934326172e+00
1.703270530700683594e+01 8.206218719482421875e+00
1.825082206726074219e+01 8.980751991271972656e+00
1.872660827636718750e+01 9.467987060546875000e+00
1.886432266235351562e+01 9.197254180908203125e+00
1.905752754211425781e+01 9.116844177246093750e+00
1.892520904541015625e+01 9.225692749023437500e+00
1.864406967163085938e+01 9.045773506164550781e+00
1.848151779174804688e+01 9.660565376281738281e+00
1.837257575988769531e+01 9.446462631225585938e+00
1.818187522888183594e+01 9.296053886413574219e+00
1.779717636108398438e+01 8.606711387634277344e+00
1.750495529174804688e+01 8.861457824707031250e+00
1.737530136108398438e+01 9.199378967285156250e+00
1.720406150817871094e+01 9.424991607666015625e+00
1.701974487304687500e+01 9.224444389343261719e+00
1.662003707885742188e+01 9.481443405151367188e+00
1.951822471618652344e+01 -4.733644962310791016e+00
1.980801391601562500e+01 -4.750292778015136719e+00
1.968987274169921875e+01 -3.946713685989379883e+00
1.960449600219726562e+01 -3.477314949035644531e+00
1.969387054443359375e+01 -3.614000082015991211e+00
1.978875541687011719e+01 -3.518669366836547852e+00
1.996070861816406250e+01 -3.397651195526123047e+00
2.028841781616210938e+01 -3.838451385498046875e+00
2.050607681274414062e+01 -3.845817565917968750e+00
2.027996063232421875e+01 -3.940047502517700195e+00
1.992233467102050781e+01 -4.276479244232177734e+00
2.049974250793457031e+01 -4.581202983856201172e+00
2.036055374145507812e+01 -4.636047363281250000e+00
2.039571952819824219e+01 -5.005610942840576172e+00
2.052800941467285156e+01 -5.197613716125488281e+00
2.036248779296875000e+01 -4.986261844635009766e+00
2.005236053466796875e+01 -5.001939296722412109e+00
1.995000648498535156e+01 -5.117775440216064453e+00
2.009268188476562500e+01 -4.875111103057861328e+00
2.060816001892089844e+01 -4.574553966522216797e+00
2.093069267272949219e+01 -4.771736621856689453e+00
2.104535675048828125e+01 -4.669210910797119141e+00
2.134255027770996094e+01 -4.340365886688232422e+00
2.109849929809570312e+01 -4.448050022125244141e+00
2.132275009155273438e+01 -4.447553157806396484e+00
2.165833091735839844e+01 -4.595419883728027344e+00
2.166847419738769531e+01 -4.690926551818847656e+00
2.204577255249023438e+01 -4.947724819183349609e+00
2.211299324035644531e+01 -4.884094715118408203e+00
2.225577926635742188e+01 -4.563793659210205078e+00
2.209311676025390625e+01 -4.823935508728027344e+00
2.200530815124511719e+01 -4.541787624359130859e+00
2.161555671691894531e+01 -4.989891529083251953e+00
2.114579010009765625e+01 -5.101618289947509766e+00
2.141129875183105469e+01 -5.431826114654541016e+00
2.143012809753417969e+01 -5.277928829193115234e+00
2.153737640380859375e+01 -5.154019832611083984e+00
2.113828468322753906e+01 -5.326623439788818359e+00
2.129788780212402344e+01 -5.051890373229980469e+00
2.145719146728515625e+01 -5.131377696990966797e+00
2.122466087341308594e+01 -5.520271778106689453e+00
2.119556808471679688e+01 -5.498394012451171875e+00
2.205945396423339844e+01 -5.282627582550048828e+00
2.201282882690429688e+01 -5.484928607940673828e+00
2.181637191772460938e+01 -5.792217731475830078e+00
2.209234619140625000e+01 -5.712563037872314453e+00
2.190768814086914062e+01 -5.955097198486328125e+00
2.222844886779785156e+01 -6.062872886657714844e+00
2.184671592712402344e+01 -6.482522487640380859e+00
2.170585823059082031e+01 -6.171009540557861328e+00
2.188428497314453125e+01 -6.124107360839843750e+00
2.204731559753417969e+01 -6.017389774322509766e+00
2.131760787963867188e+01 -6.552489757537841797e+00
2.087091255187988281e+01 -6.461416244506835938e+00
2.096119308471679688e+01 -6.335009098052978516e+00
2.060674095153808594e+01 -6.605591297149658203e+00
2.069476509094238281e+01 -6.416172981262207031e+00
2.089020347595214844e+01 -6.147520542144775391e+00
1.976267242431640625e+01 -4.868903160095214844e+00
1.974965095520019531e+01 -6.233260154724121094e+00
1.958646392822265625e+01 -6.406241416931152344e+00
1.926180267333984375e+01 -6.218965530395507812e+00
1.969706153869628906e+01 -6.598184108734130859e+00
1.955605697631835938e+01 -7.018976211547851562e+00
1.966815757751464844e+01 -7.276096820831298828e+00
1.929301452636718750e+01 -6.903881549835205078e+00
1.922594451904296875e+01 -6.731211662292480469e+00
1.912393569946289062e+01 -6.937120437622070312e+00
1.886880493164062500e+01 -6.840336322784423828e+00
1.898208045959472656e+01 -6.922331809997558594e+00
1.881491279602050781e+01 -6.932168960571289062e+00
1.866116714477539062e+01 -7.158473014831542969e+00
1.872290992736816406e+01 -7.336177825927734375e+00
1.863754272460937500e+01 -7.645383834838867188e+00
1.877527046203613281e+01 -7.771441459655761719e+00
1.861990737915039062e+01 -7.751686573028564453e+00
1.876062011718750000e+01 -7.662294864654541016e+00
1.855714797973632812e+01 -7.173817634582519531e+00
1.872489738464355469e+01 -6.675326824188232422e+00
1.851154136657714844e+01 -6.211851119995117188e+00
1.865273094177246094e+01 -5.818282604217529297e+00
1.884034919738769531e+01 -5.989617824554443359e+00
1.874899291992187500e+01 -5.474135875701904297e+00
1.900971984863281250e+01 -5.469689846038818359e+00
1.863406944274902344e+01 -5.194399356842041016e+00
1.844664001464843750e+01 -5.221576690673828125e+00
1.865558433532714844e+01 -4.976742267608642578e+00
1.824574661254882812e+01 -5.021485328674316406e+00
1.820334243774414062e+01 -5.246819496154785156e+00
1.797863197326660156e+01 -4.861219882965087891e+00
1.786190032958984375e+01 -4.894068241119384766e+00
1.808936119079589844e+01 -4.726931095123291016e+00
1.812049674987792969e+01 -4.343312263488769531e+00
1.804717826843261719e+01 -4.566550731658935547e+00
1.844369506835937500e+01 -4.217969894409179688e+00
1.844233703613281250e+01 -4.537804603576660156e+00
1.850143814086914062e+01 -4.482206344604492188e+00
1.879567909240722656e+01 -4.258975982666015625e+00
1.877116394042968750e+01 -4.614367961883544922e+00
1.795097732543945312e+01 -6.727141857147216797e+00
1.798911666870117188e+01 -7.075567722320556641e+00
1.791178894042968750e+01 -7.082670211791992188e+00
1.812628364562988281e+01 -6.685461521148681641e+00
1.820685005187988281e+01 -7.026546001434326172e+00
1.819915008544921875e+01 -7.393682479858398438e+00
1.810661125183105469e+01 -7.315223217010498047e+00
1.786998939514160156e+01 -7.386280059814453125e+00
1.782983016967773438e+01 -7.731147766113281250e+00
1.788444900512695312e+01 -7.598102569580078125e+00
1.751385498046875000e+01 -7.794523239135742188e+00
1.776974868774414062e+01 -7.891952991485595703e+00
1.753507804870605469e+01 -7.942129611968994141e+00
1.708162117004394531e+01 -7.671614170074462891e+00
1.699172019958496094e+01 -7.747539520263671875e+00
1.696229171752929688e+01 -7.489573001861572266e+00
1.663169097900390625e+01 -7.470140933990478516e+00
1.686322212219238281e+01 -7.574907302856445312e+00
1.698033332824707031e+01 -7.282804012298583984e+00
1.656945419311523438e+01 -7.134092807769775391e+00
1.665419769287109375e+01 -6.879146099090576172e+00
1.680009460449218750e+01 -6.631309032440185547e+00
1.690122985839843750e+01 -6.654675960540771484e+00
1.696343421936035156e+01 -6.223875522613525391e+00
1.723547172546386719e+01 -6.487990379333496094e+00
1.693501663208007812e+01 -7.007138252258300781e+00
1.684506416320800781e+01 -6.879882335662841797e+00
1.675280570983886719e+01 -6.906478881835937500e+00
1.698630714416503906e+01 -6.579404354095458984e+00
1.736821746826171875e+01 -6.664641857147216797e+00
1.732304763793945312e+01 -6.945074081420898438e+00
1.667396926879882812e+01 9.432006835937500000e+00
1.646046829223632812e+01 9.826910972595214844e+00
1.644678688049316406e+01 9.695165634155273438e+00
1.641839027404785156e+01 1.003172969818115234e+01
1.662141418457031250e+01 9.972157478332519531e+00
1.784038925170898438e+01 1.084454441070556641e+01
1.775185966491699219e+01 1.069992351531982422e+01
1.703754043579101562e+01 1.077749443054199219e+01
1.700104713439941406e+01 1.096490859985351562e+01
1.709530448913574219e+01 1.105967330932617188e+01
1.719408035278320312e+01 1.088824081420898438e+01
1.736780357360839844e+01 1.097131061553955078e+01
1.690631294250488281e+01 1.060740470886230469e+01
1.752472496032714844e+01 1.074001312255859375e+01
1.772061920166015625e+01 1.049994277954101562e+01
1.756198883056640625e+01 1.027795124053955078e+01
1.778562736511230469e+01 1.027012920379638672e+01
1.763948249816894531e+01 9.814796447753906250e+00
1.769382095336914062e+01 1.005346298217773438e+01
1.740821647644042969e+01 9.968186378479003906e+00
1.840937232971191406e+01 1.050615501403808594e+01
1.866046142578125000e+01 1.077870941162109375e+01
1.897429656982421875e+01 1.118452548980712891e+01
1.937859725952148438e+01 1.108786010742187500e+01
1.921824073791503906e+01 1.145538616180419922e+01
1.889068412780761719e+01 1.133326148986816406e+01
1.889331054687500000e+01 1.107619953155517578e+01
1.869429588317871094e+01 1.099776935577392578e+01
1.855295944213867188e+01 1.115929603576660156e+01
1.885993957519531250e+01 1.130563259124755859e+01
1.965571022033691406e+01 1.173906803131103516e+01
1.970387649536132812e+01 1.166524028778076172e+01
2.009774780273437500e+01 1.124339294433593750e+01
2.000469017028808594e+01 1.124204063415527344e+01
1.997570037841796875e+01 1.054435348510742188e+01
1.992775535583496094e+01 1.013084888458251953e+01
1.977686309814453125e+01 1.001323699951171875e+01
1.966174888610839844e+01 9.763810157775878906e+00
1.951854896545410156e+01 9.858580589294433594e+00
1.933517646789550781e+01 9.934003829956054688e+00
1.921712112426757812e+01 1.005443763732910156e+01
1.890981674194335938e+01 1.017338657379150391e+01
1.896096611022949219e+01 1.023182296752929688e+01
1.903146171569824219e+01 1.043142414093017578e+01
1.967472839355468750e+01 1.077092361450195312e+01
1.981456947326660156e+01 1.075088977813720703e+01
1.996888923645019531e+01 1.128336143493652344e+01
2.034895133972167969e+01 1.103267192840576172e+01
2.007447242736816406e+01 1.132535648345947266e+01
2.027432823181152344e+01 1.127911090850830078e+01
2.042493629455566406e+01 1.151302719116210938e+01
2.037340164184570312e+01 1.175729560852050781e+01
2.045433425903320312e+01 1.193127059936523438e+01
2.117676734924316406e+01 1.117905902862548828e+01
2.100066375732421875e+01 1.103025436401367188e+01
2.089336013793945312e+01 1.101810455322265625e+01
2.097807121276855469e+01 1.092277622222900391e+01
2.087763595581054688e+01 1.084299850463867188e+01
2.081534767150878906e+01 1.118725967407226562e+01
2.054245185852050781e+01 1.123909187316894531e+01
2.082966423034667969e+01 1.096169471740722656e+01
2.108007049560546875e+01 1.166293144226074219e+01
2.093314170837402344e+01 1.203426361083984375e+01
2.110799598693847656e+01 1.176354026794433594e+01
2.111433792114257812e+01 1.225124073028564453e+01
2.133303833007812500e+01 1.185313224792480469e+01
2.122082710266113281e+01 1.212777996063232422e+01
2.085677146911621094e+01 1.205680656433105469e+01
2.067714881896972656e+01 1.201577568054199219e+01
2.054837417602539062e+01 1.187054061889648438e+01
1.628697967529296875e+01 9.518273353576660156e+00
1.704139709472656250e+01 9.563838005065917969e+00
1.687335014343261719e+01 9.736396789550781250e+00
1.719917106628417969e+01 9.862947463989257812e+00
1.726435661315917969e+01 9.826749801635742188e+00
1.699882507324218750e+01 1.026573753356933594e+01
1.700906372070312500e+01 1.023651599884033203e+01
1.716017913818359375e+01 1.032494640350341797e+01
1.704353332519531250e+01 1.047431182861328125e+01
1.754626464843750000e+01 1.154744529724121094e+01
1.785496330261230469e+01 1.176208782196044922e+01
1.758043670654296875e+01 1.169047641754150391e+01
1.750449943542480469e+01 1.174565887451171875e+01
1.697418403625488281e+01 1.209422492980957031e+01
1.716049385070800781e+01 1.224540710449218750e+01
1.672349739074707031e+01 1.174948024749755859e+01
1.668719482421875000e+01 1.187209892272949219e+01
1.623976135253906250e+01 1.155908489227294922e+01
1.641355323791503906e+01 1.186118030548095703e+01
1.654928779602050781e+01 1.190631389617919922e+01
1.639136695861816406e+01 1.195585346221923828e+01
1.681222152709960938e+01 1.267418766021728516e+01
1.634406089782714844e+01 1.338015365600585938e+01
1.682507324218750000e+01 1.368041896820068359e+01
1.662580108642578125e+01 1.358096790313720703e+01
1.632595062255859375e+01 1.375708866119384766e+01
1.677931785583496094e+01 1.358791446685791016e+01
1.683570289611816406e+01 1.333547496795654297e+01
1.709828186035156250e+01 1.323448562622070312e+01
1.713217163085937500e+01 1.293733310699462891e+01
1.727221679687500000e+01 1.265935897827148438e+01
1.727779579162597656e+01 1.252676486968994141e+01
1.680699157714843750e+01 1.237493515014648438e+01
1.666868591308593750e+01 1.265901470184326172e+01
1.645630455017089844e+01 1.298212909698486328e+01
1.602421951293945312e+01 1.259824562072753906e+01
1.624899291992187500e+01 1.273824977874755859e+01
1.590874671936035156e+01 1.251191425323486328e+01
1.611850547790527344e+01 1.237915802001953125e+01
1.622977447509765625e+01 1.239141464233398438e+01
1.613001441955566406e+01 1.204937553405761719e+01
1.578784561157226562e+01 1.252371501922607422e+01
1.578284645080566406e+01 1.211187362670898438e+01
1.566245365142822266e+01 1.229608821868896484e+01
1.566090106964111328e+01 1.233294010162353516e+01
1.541723155975341797e+01 1.225145053863525391e+01
1.553699016571044922e+01 1.200356960296630859e+01
1.521814632415771484e+01 1.193891048431396484e+01
1.515053367614746094e+01 1.198760795593261719e+01
1.509792613983154297e+01 1.230793571472167969e+01
1.506705570220947266e+01 1.225038051605224609e+01
1.483892250061035156e+01 1.260218334197998047e+01
1.503158092498779297e+01 1.272377300262451172e+01
1.510657501220703125e+01 1.275468921661376953e+01
1.485702133178710938e+01 1.282622623443603516e+01
1.495743465423583984e+01 1.317246055603027344e+01
1.491080379486083984e+01 1.346281814575195312e+01
1.470479583740234375e+01 1.366552066802978516e+01
1.491819381713867188e+01 1.388027858734130859e+01
1.509158039093017578e+01 1.381021976470947266e+01
1.570884990692138672e+01 1.337360858917236328e+01
1.587201499938964844e+01 1.311054134368896484e+01
1.597248268127441406e+01 1.335041141510009766e+01
1.570530796051025391e+01 1.371519374847412109e+01
1.540159034729003906e+01 1.390549087524414062e+01
1.556256389617919922e+01 1.325281238555908203e+01
1.533944797515869141e+01 1.322739505767822266e+01
1.562979316711425781e+01 1.340810298919677734e+01
1.530235290527343750e+01 1.330171108245849609e+01
1.536310958862304688e+01 1.344736099243164062e+01
1.500438690185546875e+01 1.330399227142333984e+01
