2.104967117309570312e+00 4.330839157104492188e+00
2.230996131896972656e+00 4.267586708068847656e+00
2.302860021591186523e+00 4.037785053253173828e+00
2.416791200637817383e+00 4.069662094116210938e+00
2.350689172744750977e+00 3.484731435775756836e+00
2.893482923507690430e+00 3.494618415832519531e+00
2.752432584762573242e+00 3.733992576599121094e+00
3.120001316070556641e+00 3.720582962036132812e+00
3.011613368988037109e+00 3.888372421264648438e+00
3.098233699798583984e+00 3.630084753036499023e+00
3.397163867950439453e+00 4.006137847900390625e+00
3.178227424621582031e+00 4.212656497955322266e+00
3.166898012161254883e+00 4.348262310028076172e+00
3.414705276489257812e+00 4.471253871917724609e+00
3.558671951293945312e+00 5.070752143859863281e+00
4.012123107910156250e+00 5.087477684020996094e+00
3.796612977981567383e+00 5.037841320037841797e+00
3.882954835891723633e+00 5.187782287597656250e+00
3.412248611450195312e+00 4.914657115936279297e+00
3.645844459533691406e+00 4.599524021148681641e+00
4.197893619537353516e+00 4.627256393432617188e+00
3.933167219161987305e+00 4.492238044738769531e+00
3.890933752059936523e+00 4.213911056518554688e+00
4.283891677856445312e+00 4.397966384887695312e+00
4.117019176483154297e+00 4.721366882324218750e+00
4.167500495910644531e+00 4.291431903839111328e+00
4.434854507446289062e+00 4.716842174530029297e+00
4.657843589782714844e+00 5.001331329345703125e+00
4.714876174926757812e+00 5.155110836029052734e+00
4.874446392059326172e+00 5.413057327270507812e+00
4.806289196014404297e+00 5.508334636688232422e+00
4.575267791748046875e+00 5.956718444824218750e+00
5.149297237396240234e+00 5.502450466156005859e+00
4.938066482543945312e+00 5.735030174255371094e+00
5.173676490783691406e+00 5.719205856323242188e+00
5.242720603942871094e+00 5.780031681060791016e+00
5.407969474792480469e+00 6.376547813415527344e+00
4.810389995574951172e+00 6.146541118621826172e+00
4.754581928253173828e+00 6.054323673248291016e+00
4.722771644592285156e+00 5.994900226593017578e+00
5.410038948059082031e+00 6.089229106903076172e+00
5.113204956054687500e+00 6.212311267852783203e+00
5.495429039001464844e+00 6.385962486267089844e+00
5.319086551666259766e+00 6.630553722381591797e+00
5.078705787658691406e+00 6.670859813690185547e+00
4.862805843353271484e+00 6.728141784667968750e+00
5.122777462005615234e+00 6.750606536865234375e+00
4.910323143005371094e+00 6.700283527374267578e+00
5.216327190399169922e+00 7.245943069458007812e+00
4.657967090606689453e+00 7.399060726165771484e+00
4.913334369659423828e+00 7.586910724639892578e+00
4.663942337036132812e+00 7.496283054351806641e+00
4.883065223693847656e+00 7.595704555511474609e+00
5.101696491241455078e+00 7.367715835571289062e+00
5.246149063110351562e+00 7.878429412841796875e+00
5.152680397033691406e+00 7.936259746551513672e+00
5.490466117858886719e+00 8.090914726257324219e+00
5.473609924316406250e+00 7.797535419464111328e+00
5.926864147186279297e+00 8.001462936401367188e+00
5.305158138275146484e+00 8.276380538940429688e+00
5.645248413085937500e+00 8.242044448852539062e+00
5.574602127075195312e+00 8.467871665954589844e+00
5.450504779815673828e+00 8.772220611572265625e+00
6.110475540161132812e+00 8.765027046203613281e+00
6.237451076507568359e+00 8.969845771789550781e+00
6.259710311889648438e+00 9.410542488098144531e+00
5.969749927520751953e+00 9.100637435913085938e+00
5.874289035797119141e+00 9.534490585327148438e+00
5.747807979583740234e+00 9.245158195495605469e+00
5.596119403839111328e+00 9.489651679992675781e+00
5.220537662506103516e+00 9.193167686462402344e+00
5.576652050018310547e+00 9.548076629638671875e+00
5.348345756530761719e+00 9.283588409423828125e+00
5.067437648773193359e+00 9.485762596130371094e+00
5.397853851318359375e+00 9.830180168151855469e+00
5.147770881652832031e+00 9.964526176452636719e+00
5.557628154754638672e+00 1.012129116058349609e+01
5.442681789398193359e+00 1.032189846038818359e+01
5.322876930236816406e+00 1.002420806884765625e+01
5.252921581268310547e+00 1.027989578247070312e+01
5.091001510620117188e+00 1.009478664398193359e+01
5.373080253601074219e+00 1.066867351531982422e+01
4.956797599792480469e+00 1.063237190246582031e+01
4.953617572784423828e+00 1.042435646057128906e+01
4.698404312133789062e+00 1.068993568420410156e+01
4.548215389251708984e+00 1.057826328277587891e+01
4.453187942504882812e+00 1.056787872314453125e+01
4.304763793945312500e+00 1.048219585418701172e+01
3.901970148086547852e+00 1.062688922882080078e+01
4.063818931579589844e+00 1.037804222106933594e+01
3.533649444580078125e+00 1.065271949768066406e+01
3.576851844787597656e+00 1.039928340911865234e+01
3.953650712966918945e+00 1.029649257659912109e+01
4.084578514099121094e+00 9.856589317321777344e+00
3.725785732269287109e+00 1.030145931243896484e+01
3.719847440719604492e+00 1.051275539398193359e+01
3.855126142501831055e+00 1.034494972229003906e+01
3.448435544967651367e+00 9.984114646911621094e+00
3.561702251434326172e+00 9.761347770690917969e+00
3.534215927124023438e+00 9.707442283630371094e+00
4.148121356964111328e+00 9.468392372131347656e+00
4.444396018981933594e+00 9.112103462219238281e+00
4.341488838195800781e+00 8.869758605957031250e+00
4.341829776763916016e+00 8.826505661010742188e+00
4.162442207336425781e+00 8.976584434509277344e+00
4.076163291931152344e+00 9.354516983032226562e+00
4.275081634521484375e+00 9.291271209716796875e+00
3.940849304199218750e+00 9.093704223632812500e+00
3.489096641540527344e+00 9.197611808776855469e+00
3.097025871276855469e+00 9.430780410766601562e+00
3.357506275177001953e+00 9.372902870178222656e+00
3.635251522064208984e+00 8.721340179443359375e+00
3.583566188812255859e+00 8.853645324707031250e+00
3.716700077056884766e+00 8.469203948974609375e+00
3.572694540023803711e+00 8.531613349914550781e+00
3.212387323379516602e+00 8.695521354675292969e+00
3.405864953994750977e+00 8.872269630432128906e+00
3.129981994628906250e+00 8.243923187255859375e+00
3.124575853347778320e+00 8.170101165771484375e+00
2.920834302902221680e+00 8.218575477600097656e+00
2.637456417083740234e+00 8.414631843566894531e+00
2.732074260711669922e+00 8.554344177246093750e+00
2.414721488952636719e+00 8.634247779846191406e+00
2.328789472579956055e+00 8.525326728820800781e+00
2.545163869857788086e+00 8.823736190795898438e+00
2.193672180175781250e+00 8.682819366455078125e+00
2.067023992538452148e+00 9.010392189025878906e+00
2.187680006027221680e+00 9.208782196044921875e+00
2.268590688705444336e+00 9.458380699157714844e+00
2.502319574356079102e+00 9.577067375183105469e+00
2.657393455505371094e+00 9.806154251098632812e+00
2.588502407073974609e+00 1.007626342773437500e+01
2.590651035308837891e+00 9.821820259094238281e+00
2.306723833084106445e+00 1.004042911529541016e+01
2.108214378356933594e+00 9.861863136291503906e+00
1.855628013610839844e+00 1.002256107330322266e+01
1.663076519966125488e+00 1.009062767028808594e+01
1.608818054199218750e+00 1.006076240539550781e+01
1.319228529930114746e+00 9.897395133972167969e+00
1.334957003593444824e+00 9.717107772827148438e+00
1.205055356025695801e+00 9.728196144104003906e+00
7.519270777702331543e-01 9.495167732238769531e+00
7.008503675460815430e-01 9.544616699218750000e+00
7.228897213935852051e-01 9.424859046936035156e+00
5.075548887252807617e-01 8.896805763244628906e+00
5.163530707359313965e-01 9.027791976928710938e+00
8.429893255233764648e-01 8.462475776672363281e+00
5.304657816886901855e-01 8.412910461425781250e+00
2.795169949531555176e-01 8.625367164611816406e+00
4.111033082008361816e-01 8.654328346252441406e+00
2.833783328533172607e-01 8.501893043518066406e+00
7.519794702529907227e-01 9.091015815734863281e+00
6.661544442176818848e-01 8.963095664978027344e+00
1.843652278184890747e-01 8.864029884338378906e+00
2.013703733682632446e-01 8.731099128723144531e+00
5.570459365844726562e-01 8.199067115783691406e+00
9.614603519439697266e-01 8.107730865478515625e+00
1.123778581619262695e+00 8.535526275634765625e+00
1.260993361473083496e+00 8.298781394958496094e+00
1.422885417938232422e+00 8.134517669677734375e+00
1.313795924186706543e+00 7.978732585906982422e+00
1.148058772087097168e+00 7.992169857025146484e+00
9.390277266502380371e-01 8.121354103088378906e+00
4.375663101673126221e-01 8.033052444458007812e+00
3.830061256885528564e-01 7.571285724639892578e+00
6.201577782630920410e-01 7.323785305023193359e+00
7.761621475219726562e-01 7.404248714447021484e+00
6.492020487785339355e-01 7.107181549072265625e+00
8.951878547668457031e-01 7.094945907592773438e+00
9.728874564170837402e-01 7.040979862213134766e+00
3.866038322448730469e-01 7.066300868988037109e+00
2.248243838548660278e-01 6.711401939392089844e+00
5.265493392944335938e-01 6.567655086517333984e+00
7.586435079574584961e-01 6.345388889312744141e+00
5.777241587638854980e-01 6.665372371673583984e+00
1.041528105735778809e+00 7.019411087036132812e+00
1.265680789947509766e+00 6.716103553771972656e+00
1.423447370529174805e+00 6.628830909729003906e+00
1.473999381065368652e+00 6.222874164581298828e+00
1.688474178314208984e+00 6.105760574340820312e+00
1.446618556976318359e+00 5.692080974578857422e+00
1.240452408790588379e+00 6.002981662750244141e+00
1.454691171646118164e+00 5.888728141784667969e+00
8.595469594001770020e-01 5.879023075103759766e+00
1.025848627090454102e+00 5.974350452423095703e+00
6.872376799583435059e-01 5.837790966033935547e+00
7.947298884391784668e-01 5.894614696502685547e+00
3.795807957649230957e-01 5.702638149261474609e+00
3.931760787963867188e-01 5.609528064727783203e+00
2.142214216291904449e-02 5.721162319183349609e+00
-1.854417920112609863e-01 5.792330741882324219e+00
-8.755364269018173218e-02 5.726599216461181641e+00
-2.344688624143600464e-01 5.529771327972412109e+00
-2.178712636232376099e-01 5.606814384460449219e+00
2.212816029787063599e-01 5.472516536712646484e+00
3.053978383541107178e-01 5.279843807220458984e+00
2.186866402626037598e-01 5.045911312103271484e+00
3.718053400516510010e-01 5.092466354370117188e+00
5.733693242073059082e-01 5.002155780792236328e+00
8.096029758453369141e-01 4.864798545837402344e+00
5.762296319007873535e-01 4.846264839172363281e+00
6.381825208663940430e-01 4.747950553894042969e+00
8.739987611770629883e-01 4.757842540740966797e+00
8.159558773040771484e-01 4.588622570037841797e+00
5.256926417350769043e-01 4.158297538757324219e+00
2.322915941476821899e-02 4.118305683135986328e+00
2.489077150821685791e-01 3.851954460144042969e+00
3.455933928489685059e-01 4.078120231628417969e+00
-1.681320369243621826e-01 4.302179336547851562e+00
-2.335062325000762939e-01 4.403481006622314453e+00
-3.162282109260559082e-01 4.305912971496582031e+00
-2.407347261905670166e-01 4.471187114715576172e+00
-4.560878872871398926e-01 4.278213500976562500e+00
-6.306102871894836426e-01 3.829379320144653320e+00
-8.383513689041137695e-01 3.724583387374877930e+00
-3.739322423934936523e-01 3.574230909347534180e+00
-8.220461606979370117e-01 3.554256677627563477e+00
-7.288514971733093262e-01 3.488722562789916992e+00
-5.568494796752929688e-01 3.065827369689941406e+00
-7.341340184211730957e-01 2.782317638397216797e+00
-1.054299712181091309e+00 2.345447778701782227e+00
-5.582125782966613770e-01 2.575091600418090820e+00
-9.399139285087585449e-01 2.682651758193969727e+00
-3.597617745399475098e-01 2.815828800201416016e+00
-4.192945659160614014e-01 3.012458086013793945e+00
-2.206696718931198120e-01 3.258599519729614258e+00
7.083995640277862549e-02 2.900777816772460938e+00
4.634366557002067566e-02 2.719177484512329102e+00
2.548499405384063721e-01 2.432297229766845703e+00
2.666078507900238037e-01 2.238514900207519531e+00
2.222098708152770996e-01 2.806141376495361328e+00
-2.713686823844909668e-01 2.337604999542236328e+00
-9.047526717185974121e-01 2.768316268920898438e+00
-9.872590899467468262e-01 2.669388055801391602e+00
-8.827212452888488770e-01 2.277872085571289062e+00
-6.380451917648315430e-01 2.173024177551269531e+00
-2.883628606796264648e-01 2.194406747817993164e+00
-6.480032801628112793e-01 2.558417320251464844e+00
-5.294356942176818848e-01 1.992710947990417480e+00
-1.051216244697570801e+00 2.277942180633544922e+00
-1.418456554412841797e+00 1.968856573104858398e+00
-1.241548538208007812e+00 1.709794044494628906e+00
-1.427713990211486816e+00 1.741051793098449707e+00
-1.312339544296264648e+00 1.374344706535339355e+00
-1.244562864303588867e+00 1.503766536712646484e+00
-9.124313592910766602e-01 1.098650813102722168e+00
-1.005962252616882324e+00 1.131204724311828613e+00
-9.810168147087097168e-01 1.136039733886718750e+00
-9.977162480354309082e-01 9.855051040649414062e-01
-7.212488651275634766e-01 1.186331033706665039e+00
-5.894312858581542969e-01 1.151732563972473145e+00
-6.531649231910705566e-01 1.531892895698547363e+00
-8.498770594596862793e-01 1.700859904289245605e+00
-3.320440053939819336e-01 1.647060513496398926e+00
-2.564707100391387939e-01 1.426916241645812988e+00
5.509866401553153992e-02 1.651493430137634277e+00
1.759373694658279419e-01 1.447697401046752930e+00
5.908592939376831055e-01 1.632185816764831543e+00
9.528266191482543945e-01 1.757687330245971680e+00
5.781520605087280273e-01 1.532480716705322266e+00
6.594356894493103027e-01 1.346544384956359863e+00
9.350109100341796875e-01 9.837162494659423828e-01
1.159815549850463867e+00 8.905352950096130371e-01
1.206699728965759277e+00 3.572084903717041016e-01
1.719398379325866699e+00 6.637523174285888672e-01
1.505794882774353027e+00 3.298477530479431152e-01
1.872919559478759766e+00 6.139493584632873535e-01
1.849474549293518066e+00 5.810553431510925293e-01
1.388319611549377441e+00 6.433796882629394531e-01
1.668299078941345215e+00 9.020708203315734863e-01
1.781179904937744141e+00 1.041324257850646973e+00
1.509848833084106445e+00 1.673251867294311523e+00
1.439116954803466797e+00 1.877943277359008789e+00
1.276393890380859375e+00 1.517928242683410645e+00
1.747616529464721680e+00 1.628715872764587402e+00
1.533249497413635254e+00 1.640106081962585449e+00
1.263566851615905762e+00 1.882378101348876953e+00
1.405647754669189453e+00 2.246181249618530273e+00
1.824655890464782715e+00 1.859606742858886719e+00
1.558390140533447266e+00 2.122976779937744141e+00
1.898975133895874023e+00 2.298498630523681641e+00
1.963519811630249023e+00 2.399048566818237305e+00
1.883637070655822754e+00 2.725458145141601562e+00
1.841917872428894043e+00 2.698621273040771484e+00
2.042309761047363281e+00 3.049215316772460938e+00
1.563606977462768555e+00 3.374268054962158203e+00
1.700782418251037598e+00 3.160169124603271484e+00
1.603850364685058594e+00 3.379309415817260742e+00
1.242977738380432129e+00 2.924486875534057617e+00
1.439120054244995117e+00 2.785574436187744141e+00
-1.809181332588195801e+00 7.816123962402343750e+00
-2.292896270751953125e+00 7.348383903503417969e+00
-2.356578111648559570e+00 7.065319538116455078e+00
-2.148411989212036133e+00 6.703231334686279297e+00
-2.064678192138671875e+00 6.561120986938476562e+00
-1.815864562988281250e+00 6.085138797760009766e+00
-1.484743595123291016e+00 5.819278240203857422e+00
-1.717770934104919434e+00 5.618991851806640625e+00
-1.425046563148498535e+00 5.162513732910156250e+00
-1.662674427032470703e+00 4.875468254089355469e+00
-1.794331550598144531e+00 4.670497894287109375e+00
-1.936828613281250000e+00 4.776135444641113281e+00
-2.149398803710937500e+00 4.616186618804931641e+00
-2.500558614730834961e+00 5.173040390014648438e+00
-2.698867797851562500e+00 5.139940261840820312e+00
-2.944893121719360352e+00 4.652317047119140625e+00
-2.741373062133789062e+00 4.543984889984130859e+00
-3.086818218231201172e+00 4.522532463073730469e+00
-3.209443330764770508e+00 4.932483196258544922e+00
-2.928039550781250000e+00 4.771595001220703125e+00
-3.392286062240600586e+00 5.029932975769042969e+00
-3.112171411514282227e+00 5.211268901824951172e+00
-2.758759975433349609e+00 5.064439296722412109e+00
-3.514397382736206055e+00 5.181478500366210938e+00
-3.394709110260009766e+00 5.358144760131835938e+00
-3.022703886032104492e+00 5.331334114074707031e+00
-3.163604021072387695e+00 5.017584800720214844e+00
-2.823694467544555664e+00 5.535675048828125000e+00
-3.145238161087036133e+00 5.780138492584228516e+00
-3.174904108047485352e+00 5.918765544891357422e+00
-3.346264123916625977e+00 5.922503471374511719e+00
-3.585067272186279297e+00 6.207501411437988281e+00
-3.802487850189208984e+00 6.148880004882812500e+00
-3.766787290573120117e+00 6.283259868621826172e+00
-4.000613689422607422e+00 6.511892795562744141e+00
-3.687097787857055664e+00 6.591972351074218750e+00
-4.314024925231933594e+00 6.530651569366455078e+00
-4.413177490234375000e+00 6.789801120758056641e+00
-4.543684482574462891e+00 6.980873107910156250e+00
-3.955626010894775391e+00 6.862712860107421875e+00
-3.941736459732055664e+00 6.947642803192138672e+00
-3.600459098815917969e+00 7.094323635101318359e+00
-3.602746248245239258e+00 7.052791118621826172e+00
-3.914746046066284180e+00 7.194303989410400391e+00
-3.956975460052490234e+00 7.401914596557617188e+00
-4.030514240264892578e+00 7.691406250000000000e+00
-4.292657852172851562e+00 7.623086929321289062e+00
-3.607325077056884766e+00 7.655937671661376953e+00
-3.373189449310302734e+00 7.545673370361328125e+00
-3.768331289291381836e+00 8.157496452331542969e+00
-3.751174449920654297e+00 8.123435974121093750e+00
-4.314810752868652344e+00 8.072126388549804688e+00
-4.570622920989990234e+00 8.035324096679687500e+00
-4.414459228515625000e+00 8.202737808227539062e+00
-4.629919528961181641e+00 8.400355339050292969e+00
-4.769105911254882812e+00 8.617506980895996094e+00
-4.879767894744873047e+00 8.652280807495117188e+00
-5.073151588439941406e+00 8.448620796203613281e+00
-4.629715919494628906e+00 8.553788185119628906e+00
-4.452233314514160156e+00 8.702078819274902344e+00
-3.973267793655395508e+00 8.770190238952636719e+00
-3.962352752685546875e+00 8.825128555297851562e+00
-3.441265344619750977e+00 8.928083419799804688e+00
-3.626239776611328125e+00 9.156045913696289062e+00
-3.504296541213989258e+00 8.978861808776855469e+00
-3.668841361999511719e+00 8.911332130432128906e+00
-3.796160697937011719e+00 9.505351066589355469e+00
-4.314065933227539062e+00 9.306527137756347656e+00
-4.378541946411132812e+00 9.455620765686035156e+00
-4.780048370361328125e+00 9.373208045959472656e+00
-5.148205280303955078e+00 9.316364288330078125e+00
-5.140446662902832031e+00 9.437418937683105469e+00
-5.064438343048095703e+00 9.637820243835449219e+00
-4.621727466583251953e+00 9.824668884277343750e+00
-4.385506153106689453e+00 9.943010330200195312e+00
-4.671884536743164062e+00 1.004928302764892578e+01
-4.485008239746093750e+00 1.049413871765136719e+01
-4.822376251220703125e+00 1.039954280853271484e+01
-4.979810237884521484e+00 1.034353065490722656e+01
-5.045103549957275391e+00 1.054806613922119141e+01
-5.098319053649902344e+00 1.014177322387695312e+01
-5.260909557342529297e+00 9.837679862976074219e+00
-4.657228946685791016e+00 1.057964801788330078e+01
-4.086958408355712891e+00 1.090829467773437500e+01
-3.921790838241577148e+00 1.084490203857421875e+01
-3.725752115249633789e+00 1.104370403289794922e+01
-3.466796875000000000e+00 1.124816799163818359e+01
-3.075488567352294922e+00 1.147323226928710938e+01
-2.431799411773681641e+00 1.159103870391845703e+01
-2.674218654632568359e+00 1.142862701416015625e+01
-2.676758289337158203e+00 1.138756179809570312e+01
-2.801615238189697266e+00 1.189036369323730469e+01
-3.106498241424560547e+00 1.185984230041503906e+01
-3.267198562622070312e+00 1.175075912475585938e+01
-3.317372798919677734e+00 1.190103626251220703e+01
-2.697795867919921875e+00 1.217078208923339844e+01
-2.776764154434204102e+00 1.214711189270019531e+01
-2.598160266876220703e+00 1.233476924896240234e+01
-2.304258584976196289e+00 1.225921344757080078e+01
-2.177635192871093750e+00 1.254459190368652344e+01
-2.170758724212646484e+00 1.244305515289306641e+01
-1.971572875976562500e+00 1.262707614898681641e+01
-1.658454895019531250e+00 1.289593982696533203e+01
-1.383670091629028320e+00 1.316216850280761719e+01
-8.399098515510559082e-01 1.355425357818603516e+01
-9.722468852996826172e-01 1.347308349609375000e+01
-5.120373368263244629e-01 1.370048332214355469e+01
-9.300319552421569824e-01 1.376886367797851562e+01
-1.235388278961181641e+00 1.375955295562744141e+01
-6.230573058128356934e-01 1.351232337951660156e+01
-6.419276595115661621e-01 1.365299320220947266e+01
-8.260717988014221191e-01 1.399950599670410156e+01
-9.956651926040649414e-01 1.390522861480712891e+01
-3.574963212013244629e-01 1.430672073364257812e+01
-1.234407648444175720e-01 1.407569599151611328e+01
-2.088222354650497437e-01 1.407378005981445312e+01
-4.614965021610260010e-01 1.440525817871093750e+01
5.807719007134437561e-02 1.430429744720458984e+01
-2.308387905359268188e-01 1.451183605194091797e+01
-1.451820880174636841e-01 1.445504951477050781e+01
-1.382579505443572998e-01 1.448088741302490234e+01
5.520817637443542480e-01 1.453170585632324219e+01
1.347743988037109375e+00 1.495964431762695312e+01
1.425915479660034180e+00 1.480478763580322266e+01
-3.886900424957275391e+00 9.002437591552734375e+00
-4.063086032867431641e+00 8.771659851074218750e+00
-4.359836578369140625e+00 8.887484550476074219e+00
-4.841535568237304688e+00 8.525225639343261719e+00
-5.095394134521484375e+00 8.678130149841308594e+00
-4.988629341125488281e+00 8.388335227966308594e+00
-5.104520320892333984e+00 7.803930759429931641e+00
-5.239621162414550781e+00 7.693060874938964844e+00
-5.541615486145019531e+00 7.837402343750000000e+00
-5.376988410949707031e+00 7.698778152465820312e+00
-5.758198261260986328e+00 8.046408653259277344e+00
-5.537419319152832031e+00 7.940737247467041016e+00
-5.736550807952880859e+00 8.307435035705566406e+00
-6.010952472686767578e+00 8.302470207214355469e+00
-5.754653453826904297e+00 8.143426895141601562e+00
-6.109100818634033203e+00 7.934025764465332031e+00
-6.372041702270507812e+00 7.604815483093261719e+00
-6.383697509765625000e+00 8.333484649658203125e+00
-6.413525104522705078e+00 8.574634552001953125e+00
-6.515545845031738281e+00 8.324684143066406250e+00
-6.777146816253662109e+00 7.789927005767822266e+00
-6.905410289764404297e+00 7.909482955932617188e+00
-6.995829582214355469e+00 7.584847450256347656e+00
-7.328370094299316406e+00 7.499704360961914062e+00
-7.069930076599121094e+00 7.633308410644531250e+00
-6.831677436828613281e+00 7.187919139862060547e+00
-7.135111331939697266e+00 7.055159091949462891e+00
-7.024353981018066406e+00 6.596292495727539062e+00
-7.496855735778808594e+00 6.711877822875976562e+00
-7.926912784576416016e+00 6.462585926055908203e+00
-7.856291770935058594e+00 6.438548088073730469e+00
-8.004959106445312500e+00 6.338522911071777344e+00
-7.582002639770507812e+00 6.024274349212646484e+00
-7.207984924316406250e+00 6.163189888000488281e+00
-7.837748050689697266e+00 6.038094043731689453e+00
-7.181752204895019531e+00 5.679071903228759766e+00
-7.349580287933349609e+00 5.856542110443115234e+00
-7.572514533996582031e+00 5.397959709167480469e+00
-7.747089385986328125e+00 5.449819087982177734e+00
-7.784096717834472656e+00 5.270826816558837891e+00
-7.556948661804199219e+00 5.380215167999267578e+00
-7.663117408752441406e+00 5.579520702362060547e+00
-7.972912311553955078e+00 5.455317020416259766e+00
-8.166882514953613281e+00 6.000249862670898438e+00
-8.186991691589355469e+00 5.801633358001708984e+00
-8.399540901184082031e+00 6.023029804229736328e+00
-8.411139488220214844e+00 5.716598033905029297e+00
-8.236344337463378906e+00 5.350926876068115234e+00
-8.513695716857910156e+00 5.070913791656494141e+00
-8.983994483947753906e+00 4.777044773101806641e+00
-8.850482940673828125e+00 4.672505855560302734e+00
-8.352725982666015625e+00 4.653380393981933594e+00
-8.596115112304687500e+00 4.843503475189208984e+00
-8.517352104187011719e+00 4.916589736938476562e+00
-9.050772666931152344e+00 5.306118011474609375e+00
-8.960680007934570312e+00 4.976455688476562500e+00
-9.136947631835937500e+00 4.645008087158203125e+00
-9.429923057556152344e+00 4.490809440612792969e+00
-9.568367004394531250e+00 4.461730957031250000e+00
-9.154805183410644531e+00 4.037212848663330078e+00
-9.067615509033203125e+00 3.957647800445556641e+00
-9.260264396667480469e+00 3.959694147109985352e+00
-9.438899040222167969e+00 4.289811611175537109e+00
-9.443831443786621094e+00 3.885587453842163086e+00
-9.689041137695312500e+00 3.969123125076293945e+00
-9.920302391052246094e+00 3.667611837387084961e+00
-1.026761150360107422e+01 3.923624753952026367e+00
-1.068469810485839844e+01 3.880211591720581055e+00
-1.056041812896728516e+01 4.286626338958740234e+00
1.895172595977783203e+00 1.509678077697753906e+01
1.654872059822082520e+00 1.503441429138183594e+01
1.796004176139831543e+00 1.529051303863525391e+01
1.972974896430969238e+00 1.539580345153808594e+01
1.775243878364562988e+00 1.543820858001708984e+01
1.821048498153686523e+00 1.581177139282226562e+01
1.673378467559814453e+00 1.593175411224365234e+01
1.795967817306518555e+00 1.605600357055664062e+01
1.398240089416503906e+00 1.626814460754394531e+01
2.084249019622802734e+00 1.628715896606445312e+01
2.077431440353393555e+00 1.636961174011230469e+01
2.241704463958740234e+00 1.656915473937988281e+01
2.220052242279052734e+00 1.614465332031250000e+01
2.433516502380371094e+00 1.692572784423828125e+01
2.652538299560546875e+00 1.678726196289062500e+01
2.313806772232055664e+00 1.685762786865234375e+01
2.218688488006591797e+00 1.664395332336425781e+01
2.597653150558471680e+00 1.644199180603027344e+01
3.063385248184204102e+00 1.659906578063964844e+01
3.101798295974731445e+00 1.638883399963378906e+01
3.036226511001586914e+00 1.598599243164062500e+01
3.142676115036010742e+00 1.605788040161132812e+01
3.054730653762817383e+00 1.572253894805908203e+01
3.154785633087158203e+00 1.595105552673339844e+01
3.461670160293579102e+00 1.641233825683593750e+01
3.418602943420410156e+00 1.676124572753906250e+01
3.291560649871826172e+00 1.691455268859863281e+01
3.303749561309814453e+00 1.712821388244628906e+01
3.000935792922973633e+00 1.742416000366210938e+01
3.344191312789916992e+00 1.760900878906250000e+01
3.802535533905029297e+00 1.775892448425292969e+01
3.767264604568481445e+00 1.765147781372070312e+01
4.166193485260009766e+00 1.787957000732421875e+01
4.239161014556884766e+00 1.785988616943359375e+01
4.318459510803222656e+00 1.762652015686035156e+01
4.581755638122558594e+00 1.819756698608398438e+01
4.669561386108398438e+00 1.824551963806152344e+01
4.764546394348144531e+00 1.788783073425292969e+01
4.901735782623291016e+00 1.754256439208984375e+01
4.976021289825439453e+00 1.727943420410156250e+01
5.112175941467285156e+00 1.692854881286621094e+01
4.966004371643066406e+00 1.737493133544921875e+01
4.789247035980224609e+00 1.703946304321289062e+01
4.841964244842529297e+00 1.690964698791503906e+01
4.607572078704833984e+00 1.693246459960937500e+01
4.349571228027343750e+00 1.712543487548828125e+01
4.565903663635253906e+00 1.737070274353027344e+01
4.795685768127441406e+00 1.791089439392089844e+01
5.012650012969970703e+00 1.806182098388671875e+01
5.316255569458007812e+00 1.829856491088867188e+01
5.307682991027832031e+00 1.812804794311523438e+01
5.837335109710693359e+00 1.835810279846191406e+01
5.614126205444335938e+00 1.838428688049316406e+01
5.937366008758544922e+00 1.807209014892578125e+01
5.644832134246826172e+00 1.797134208679199219e+01
5.820109844207763672e+00 1.766167068481445312e+01
6.048550128936767578e+00 1.748729133605957031e+01
6.265994548797607422e+00 1.728482055664062500e+01
5.878159999847412109e+00 1.730227279663085938e+01
5.956674575805664062e+00 1.766920661926269531e+01
5.904057979583740234e+00 1.686439895629882812e+01
5.712334632873535156e+00 1.698773765563964844e+01
5.864709854125976562e+00 1.699786949157714844e+01
5.798223495483398438e+00 1.719191169738769531e+01
6.241837978363037109e+00 1.715714454650878906e+01
6.018761634826660156e+00 1.750619316101074219e+01
5.692364692687988281e+00 1.757774162292480469e+01
1.551330447196960449e+00 1.473262405395507812e+01
1.325807094573974609e+00 1.488368606567382812e+01
1.098744869232177734e+00 1.528622245788574219e+01
8.870716691017150879e-01 1.554041862487792969e+01
6.167887449264526367e-01 1.528863048553466797e+01
5.201572775840759277e-01 1.535465908050537109e+01
3.231839835643768311e-01 1.534986782073974609e+01
8.048923015594482422e-01 1.598240756988525391e+01
9.187487959861755371e-01 1.595222854614257812e+01
1.336916089057922363e+00 1.651849937438964844e+01
1.206340551376342773e+00 1.664380836486816406e+01
1.399623870849609375e+00 1.685039329528808594e+01
1.131431698799133301e+00 1.711876678466796875e+01
1.123771905899047852e+00 1.728230667114257812e+01
7.884862422943115234e-01 1.739035224914550781e+01
1.071136832237243652e+00 1.751932907104492188e+01
7.635137438774108887e-01 1.758905410766601562e+01
1.057482004165649414e+00 1.812325477600097656e+01
1.263308525085449219e+00 1.819888496398925781e+01
1.183583140373229980e+00 1.803675079345703125e+01
9.887021183967590332e-01 1.780658721923828125e+01
5.631495714187622070e-01 1.807020759582519531e+01
7.382644414901733398e-01 1.778027343750000000e+01
2.391926646232604980e-01 1.722690582275390625e+01
6.104550361633300781e-01 1.730641746520996094e+01
5.604446530342102051e-01 1.695718955993652344e+01
7.490238547325134277e-01 1.681984901428222656e+01
6.628193855285644531e-01 1.703322410583496094e+01
3.932592272758483887e-01 1.731963157653808594e+01
1.608460098505020142e-01 1.682674598693847656e+01
2.107758820056915283e-01 1.670835876464843750e+01
-8.212809264659881592e-02 1.694503402709960938e+01
-1.196862682700157166e-01 1.751834106445312500e+01
-2.571953237056732178e-01 1.741775131225585938e+01
-4.404845833778381348e-01 1.720990371704101562e+01
-4.373328387737274170e-01 1.723975181579589844e+01
-3.785803318023681641e-01 1.750739097595214844e+01
-7.014656066894531250e-01 1.741874122619628906e+01
-6.837025880813598633e-01 1.771220588684082031e+01
-9.247236251831054688e-01 1.781952667236328125e+01
-1.251045107841491699e+00 1.757629966735839844e+01
-1.276508569717407227e+00 1.753473472595214844e+01
-1.616142749786376953e+00 1.780468368530273438e+01
-1.971302747726440430e+00 1.750791168212890625e+01
-2.043835163116455078e+00 1.768116188049316406e+01
-2.116531372070312500e+00 1.735758399963378906e+01
-2.582310199737548828e+00 1.755369186401367188e+01
-2.438268184661865234e+00 1.758824920654296875e+01
-2.285275459289550781e+00 1.801379013061523438e+01
-2.172864198684692383e+00 1.771775436401367188e+01
-1.922780632972717285e+00 1.819421958923339844e+01
-2.321773290634155273e+00 1.822068595886230469e+01
-2.279142141342163086e+00 1.808047294616699219e+01
-2.827080726623535156e+00 1.775116729736328125e+01
-2.526249170303344727e+00 1.824259948730468750e+01
-2.683509349822998047e+00 1.832904815673828125e+01
-2.573237895965576172e+00 1.827041435241699219e+01
-2.675174951553344727e+00 1.877240753173828125e+01
-2.924093961715698242e+00 1.856019973754882812e+01
-2.995814800262451172e+00 1.844437217712402344e+01
-3.015568971633911133e+00 1.867791557312011719e+01
-3.327666997909545898e+00 1.834645652770996094e+01
-2.978628158569335938e+00 1.827435111999511719e+01
-3.289938449859619141e+00 1.804872512817382812e+01
-3.119097709655761719e+00 1.776409721374511719e+01
-3.201248884201049805e+00 1.754488754272460938e+01
-3.595591306686401367e+00 1.759069442749023438e+01
-3.345057725906372070e+00 1.748623466491699219e+01
-3.614993095397949219e+00 1.802155876159667969e+01
-3.488130092620849609e+00 1.793010330200195312e+01
-3.744720935821533203e+00 1.827442932128906250e+01
-3.628590583801269531e+00 1.807728385925292969e+01
-3.406919479370117188e+00 1.785970687866210938e+01
-3.319722652435302734e+00 1.774417114257812500e+01
-1.043767452239990234e+01 4.383591651916503906e+00
-1.042789936065673828e+01 3.749581336975097656e+00
-1.069016551971435547e+01 3.569603919982910156e+00
-1.106516075134277344e+01 3.232316255569458008e+00
-1.138462448120117188e+01 3.368046760559082031e+00
-1.134297847747802734e+01 3.007197856903076172e+00
-1.139601993560791016e+01 2.959803581237792969e+00
-1.141189289093017578e+01 2.590603828430175781e+00
-1.172877025604248047e+01 2.463688373565673828e+00
-1.156577682495117188e+01 2.224417209625244141e+00
-1.168322372436523438e+01 2.157595157623291016e+00
-1.194623661041259766e+01 1.945914387702941895e+00
-1.188896179199218750e+01 1.669136881828308105e+00
-1.205495834350585938e+01 1.770219922065734863e+00
-1.160537815093994141e+01 1.523780226707458496e+00
-1.207065391540527344e+01 1.233100771903991699e+00
-1.187725830078125000e+01 1.256594181060791016e+00
-1.189981079101562500e+01 1.008128404617309570e+00
-1.174276828765869141e+01 9.623325467109680176e-01
-1.177742481231689453e+01 9.811785817146301270e-01
-1.135639190673828125e+01 1.299090623855590820e+00
-1.123896026611328125e+01 1.342613935470581055e+00
-1.109238338470458984e+01 1.756347894668579102e+00
-1.093071651458740234e+01 1.907371044158935547e+00
-1.067884826660156250e+01 1.541371345520019531e+00
-1.066680240631103516e+01 1.881194233894348145e+00
-1.030235958099365234e+01 1.683279752731323242e+00
-1.052740192413330078e+01 1.271783947944641113e+00
-1.035588455200195312e+01 1.508511066436767578e+00
-1.060025691986083984e+01 1.708572149276733398e+00
-1.073598861694335938e+01 1.448197841644287109e+00
-1.083777141571044922e+01 8.656897544860839844e-01
-1.088178920745849609e+01 3.470021188259124756e-01
-1.079840183258056641e+01 2.107223570346832275e-01
-1.073760414123535156e+01 -3.810632228851318359e-01
-1.091409206390380859e+01 -2.551548480987548828e-01
-1.043380355834960938e+01 -3.585359826683998108e-02
-1.071359252929687500e+01 -2.744461596012115479e-01
-1.088100337982177734e+01 -5.966701507568359375e-01
-1.130720138549804688e+01 -3.122459650039672852e-01
-1.134656238555908203e+01 1.051045432686805725e-01
-1.125226306915283203e+01 1.528512090444564819e-01
-1.186398410797119141e+01 -6.327422801405191422e-03
-1.203274345397949219e+01 -5.616453886032104492e-01
-1.195803642272949219e+01 -8.601194024085998535e-01
-1.165898227691650391e+01 -1.145354986190795898e+00
-1.156732368469238281e+01 -1.081344246864318848e+00
-1.189668941497802734e+01 -4.607627093791961670e-01
-1.175803279876708984e+01 -1.784793883562088013e-01
-1.212588024139404297e+01 -3.614289462566375732e-01
-1.192464256286621094e+01 -7.784750461578369141e-01
-1.189395523071289062e+01 -8.631970882415771484e-01
-1.136844921112060547e+01 -9.413684010505676270e-01
-1.169948577880859375e+01 -6.388980150222778320e-01
-1.112379837036132812e+01 -9.039574265480041504e-01
-1.163206291198730469e+01 -5.399172306060791016e-01
-1.136535167694091797e+01 -6.725448966026306152e-01
-1.126364326477050781e+01 -3.553575277328491211e-01
-1.076671123504638672e+01 4.261109828948974609e+00
-1.075886631011962891e+01 4.126967906951904297e+00
-1.070993900299072266e+01 3.988432407379150391e+00
-1.100649833679199219e+01 3.873229026794433594e+00
-1.107792377471923828e+01 3.415166378021240234e+00
-1.141519832611083984e+01 3.352964162826538086e+00
-1.141771793365478516e+01 2.878515958786010742e+00
-1.155917930603027344e+01 2.541588306427001953e+00
-1.221882820129394531e+01 2.386746168136596680e+00
-1.236117172241210938e+01 2.352179765701293945e+00
-1.234038829803466797e+01 2.630682945251464844e+00
-1.233604812622070312e+01 2.673892736434936523e+00
-1.217138195037841797e+01 2.859663724899291992e+00
-1.193879604339599609e+01 2.711421489715576172e+00
-1.213361358642578125e+01 3.493674993515014648e+00
-1.203571319580078125e+01 3.391545295715332031e+00
-1.196241855621337891e+01 3.560068845748901367e+00
-1.239733505249023438e+01 3.489721775054931641e+00
-1.232110691070556641e+01 3.363012313842773438e+00
-1.213255310058593750e+01 3.905010461807250977e+00
-1.203362369537353516e+01 3.942337512969970703e+00
-1.214272212982177734e+01 3.765792608261108398e+00
-1.193867111206054688e+01 4.161719799041748047e+00
-1.231872463226318359e+01 4.114188671112060547e+00
-1.256245326995849609e+01 3.904669046401977539e+00
-1.245228958129882812e+01 4.167838573455810547e+00
-1.295668983459472656e+01 3.798487901687622070e+00
-1.291642284393310547e+01 3.759024620056152344e+00
-1.334802532196044922e+01 3.736575841903686523e+00
-1.341532897949218750e+01 3.606188058853149414e+00
-1.346008968353271484e+01 3.638214826583862305e+00
-1.358574295043945312e+01 3.123809337615966797e+00
-1.348887443542480469e+01 3.181879281997680664e+00
-1.370582866668701172e+01 2.952908039093017578e+00
-1.374846553802490234e+01 3.317890167236328125e+00
-1.359841632843017578e+01 3.537737846374511719e+00
-1.422148418426513672e+01 3.740649223327636719e+00
-1.384763813018798828e+01 4.299148559570312500e+00
-1.427228355407714844e+01 4.343344211578369141e+00
-1.431905746459960938e+01 3.893751859664916992e+00
-1.422316360473632812e+01 3.793854951858520508e+00
-1.410887432098388672e+01 4.071415424346923828e+00
-1.373827362060546875e+01 4.177151679992675781e+00
-1.393089962005615234e+01 4.291750907897949219e+00
-1.415189647674560547e+01 4.514660358428955078e+00
-1.424457836151123047e+01 4.544329166412353516e+00
-1.462148284912109375e+01 5.003033638000488281e+00
-1.449286651611328125e+01 5.248283863067626953e+00
-1.442234420776367188e+01 5.187182426452636719e+00
-1.435338783264160156e+01 5.427155971527099609e+00
-1.403730010986328125e+01 5.372840881347656250e+00
-1.396729564666748047e+01 5.484967231750488281e+00
-1.358802604675292969e+01 5.585311412811279297e+00
-1.382619190216064453e+01 5.732019901275634766e+00
-1.384165191650390625e+01 5.637467384338378906e+00
-1.425808906555175781e+01 5.482544898986816406e+00
-1.351521015167236328e+01 5.752229213714599609e+00
-1.371647071838378906e+01 5.618378639221191406e+00
-1.345379161834716797e+01 5.488823890686035156e+00
-1.357523632049560547e+01 5.441025257110595703e+00
-1.330863475799560547e+01 6.130705356597900391e+00
-1.338617992401123047e+01 6.254285335540771484e+00
-1.355782985687255859e+01 6.190824985504150391e+00
-1.339640808105468750e+01 6.366864681243896484e+00
-1.408748817443847656e+01 6.161296844482421875e+00
-1.425577735900878906e+01 6.230917930603027344e+00
-1.378503417968750000e+01 6.783196926116943359e+00
-1.399420547485351562e+01 7.149624347686767578e+00
-1.410618305206298828e+01 6.741217613220214844e+00
-1.400331306457519531e+01 6.839488983154296875e+00
-1.377413368225097656e+01 7.082721710205078125e+00
-1.330854892730712891e+01 6.544097900390625000e+00
-1.356337356567382812e+01 6.911044120788574219e+00
-1.373453235626220703e+01 6.614488124847412109e+00
-1.323160171508789062e+01 6.898732185363769531e+00
-1.361339282989501953e+01 7.253911495208740234e+00
-1.363321304321289062e+01 7.214551448822021484e+00
-1.347369861602783203e+01 6.768258571624755859e+00
-1.430040168762207031e+01 6.753379821777343750e+00
-1.400355052947998047e+01 6.492192268371582031e+00
-1.409945487976074219e+01 6.575380325317382812e+00
-1.423666095733642578e+01 6.370777606964111328e+00
