7.152020186185836792e-02 9.310219764709472656e+00
1.346555501222610474e-01 9.481973648071289062e+00
-4.059147536754608154e-01 8.982785224914550781e+00
-5.170644521713256836e-01 9.427687644958496094e+00
-3.440198302268981934e-01 9.261722564697265625e+00
1.042900606989860535e-01 9.050135612487792969e+00
3.094931133091449738e-02 9.363338470458984375e+00
6.227692589163780212e-02 9.106453895568847656e+00
-4.111134260892868042e-02 9.005511283874511719e+00
6.450112164020538330e-02 8.898449897766113281e+00
1.315877288579940796e-01 8.548301696777343750e+00
-2.166376821696758270e-02 8.569113731384277344e+00
-2.158005386590957642e-01 7.883435249328613281e+00
2.857093513011932373e-01 7.573283195495605469e+00
1.036052331328392029e-01 7.880319595336914062e+00
-1.594727635383605957e-01 7.408967971801757812e+00
-2.763248980045318604e-02 7.317432880401611328e+00
-2.816918492317199707e-01 7.183686256408691406e+00
-1.753318905830383301e-01 7.119856834411621094e+00
-3.577013611793518066e-01 6.879632949829101562e+00
-3.951316326856613159e-02 6.935568332672119141e+00
-4.281129837036132812e-01 7.360834121704101562e+00
-5.546999573707580566e-01 7.423577785491943359e+00
-4.757964611053466797e-01 6.771363735198974609e+00
-7.645877599716186523e-01 7.148663520812988281e+00
-1.054293274879455566e+00 7.089189529418945312e+00
-8.340029120445251465e-01 7.613700389862060547e+00
-9.148280024528503418e-01 7.715473175048828125e+00
-1.009134292602539062e+00 7.251379489898681641e+00
-1.004495978355407715e+00 6.985229969024658203e+00
-1.014043211936950684e+00 6.918690681457519531e+00
-1.134485721588134766e+00 6.776944637298583984e+00
-1.160796165466308594e+00 6.488107681274414062e+00
-8.590281009674072266e-01 6.384507179260253906e+00
-9.756462574005126953e-01 6.009021759033203125e+00
-8.774645924568176270e-01 6.063560009002685547e+00
-8.624396920204162598e-01 5.788994312286376953e+00
-9.283558726310729980e-01 5.388441085815429688e+00
-1.372998237609863281e+00 5.189805507659912109e+00
-1.140977740287780762e+00 5.088609218597412109e+00
-5.839825868606567383e-01 4.923449516296386719e+00
-9.812207221984863281e-01 4.690524101257324219e+00
-9.215222597122192383e-01 4.528381824493408203e+00
-7.720922231674194336e-01 4.680235385894775391e+00
-1.359042644500732422e+00 4.886292934417724609e+00
-8.332310318946838379e-01 5.025372982025146484e+00
-1.186155676841735840e+00 4.649924755096435547e+00
-7.329989671707153320e-01 4.637990474700927734e+00
-1.051532387733459473e+00 4.892405033111572266e+00
-1.136150360107421875e+00 4.993307113647460938e+00
-1.325255036354064941e+00 4.321639537811279297e+00
-1.317847013473510742e+00 4.136107444763183594e+00
-9.214603900909423828e-01 4.048062324523925781e+00
-7.226128578186035156e-01 4.020981788635253906e+00
-1.200571894645690918e+00 3.862793684005737305e+00
-1.170739769935607910e+00 3.711162805557250977e+00
-5.191851854324340820e-01 3.745426893234252930e+00
-6.672578454017639160e-01 3.624372482299804688e+00
-5.376392006874084473e-01 3.323161363601684570e+00
-6.961030960083007812e-01 3.261529684066772461e+00
-4.701122343540191650e-01 3.479840040206909180e+00
-1.006308794021606445e+00 3.314428806304931641e+00
-4.719673395156860352e-01 3.494667530059814453e+00
-7.955766320228576660e-01 3.530532836914062500e+00
-9.840493202209472656e-01 3.111224651336669922e+00
-6.460379958152770996e-01 3.088443279266357422e+00
-9.996762275695800781e-01 3.196114301681518555e+00
-1.146045088768005371e+00 2.883964776992797852e+00
-7.168847322463989258e-01 2.877614259719848633e+00
-1.841857433319091797e-01 2.764934539794921875e+00
-8.962892740964889526e-02 2.294886827468872070e+00
-3.906307816505432129e-01 2.091542959213256836e+00
-4.345343112945556641e-01 2.172990083694458008e+00
-2.975167632102966309e-01 2.259735584259033203e+00
-5.861720442771911621e-01 2.419665575027465820e+00
-4.367401301860809326e-01 2.395403385162353516e+00
-1.148727014660835266e-01 2.726352930068969727e+00
3.719225525856018066e-02 2.823880672454833984e+00
5.852034687995910645e-01 2.250344038009643555e+00
3.760997056961059570e-01 1.965389966964721680e+00
-2.586676552891731262e-02 1.932457923889160156e+00
3.822370618581771851e-02 1.533094286918640137e+00
4.756698012351989746e-01 1.270941138267517090e+00
2.771268784999847412e-01 1.112778544425964355e+00
1.538309007883071899e-01 1.186426758766174316e+00
3.325908184051513672e-01 1.190605998039245605e+00
5.781642794609069824e-01 8.928216695785522461e-01
2.096129953861236572e-01 7.077851295471191406e-01
6.833396852016448975e-02 6.636461019515991211e-01
3.458097875118255615e-01 4.451371729373931885e-01
6.894764900207519531e-01 1.979592293500900269e-01
6.485798358917236328e-01 2.743766903877258301e-01
9.647452235221862793e-01 4.103229194879531860e-02
9.859126210212707520e-01 3.395977616310119629e-01
9.683394432067871094e-01 2.956689000129699707e-01
1.149849295616149902e+00 3.505249619483947754e-01
1.196097016334533691e+00 1.233998537063598633e+00
1.423684597015380859e+00 1.099812150001525879e+00
1.152195930480957031e+00 1.323131680488586426e+00
1.387022733688354492e+00 1.006728053092956543e+00
1.133524775505065918e+00 9.239915609359741211e-01
1.150742650032043457e+00 6.348094344139099121e-01
1.378875732421875000e+00 1.133211851119995117e+00
1.306081414222717285e+00 7.152365446090698242e-01
1.844596266746520996e+00 8.207947015762329102e-01
2.225235939025878906e+00 7.678679227828979492e-01
2.035098552703857422e+00 9.035288691520690918e-01
2.181165933609008789e+00 1.178410410881042480e+00
2.189302206039428711e+00 1.494884014129638672e+00
2.121188163757324219e+00 1.465638041496276855e+00
1.919505715370178223e+00 1.939748525619506836e+00
1.854582309722900391e+00 1.738087773323059082e+00
2.142515659332275391e+00 1.861775636672973633e+00
2.430703878402709961e+00 1.364445686340332031e+00
2.380963087081909180e+00 1.288554906845092773e+00
2.574160337448120117e+00 1.082539558410644531e+00
2.106097221374511719e+00 8.413721323013305664e-01
2.127706527709960938e+00 1.112403154373168945e+00
1.879933357238769531e+00 5.520733594894409180e-01
1.947742104530334473e+00 3.116964995861053467e-01
1.992772102355957031e+00 3.279851973056793213e-01
2.293060541152954102e+00 2.409855127334594727e-01
2.600722789764404297e+00 2.536687850952148438e-01
2.819279193878173828e+00 2.266315072774887085e-01
2.742062807083129883e+00 3.194738328456878662e-01
2.964590311050415039e+00 4.920597672462463379e-01
3.114694356918334961e+00 8.194041252136230469e-01
3.475235223770141602e+00 6.959486007690429688e-01
3.701076030731201172e+00 8.798453211784362793e-01
3.619229316711425781e+00 1.012855768203735352e+00
3.737274408340454102e+00 1.172844767570495605e+00
3.806420564651489258e+00 1.306071877479553223e+00
4.031038284301757812e+00 1.589387297630310059e+00
4.064655303955078125e+00 1.773083567619323730e+00
4.389508247375488281e+00 1.703081250190734863e+00
4.393088817596435547e+00 1.817864537239074707e+00
4.686704158782958984e+00 1.461133480072021484e+00
4.950969696044921875e+00 1.388810396194458008e+00
4.922271251678466797e+00 1.187729954719543457e+00
4.754424095153808594e+00 1.533586382865905762e+00
4.775016784667968750e+00 1.673309803009033203e+00
5.432754039764404297e+00 1.573382139205932617e+00
5.333621978759765625e+00 1.537113547325134277e+00
5.271769046783447266e+00 1.569785594940185547e+00
5.309984207153320312e+00 1.697340965270996094e+00
5.824566841125488281e+00 1.774999022483825684e+00
5.616437435150146484e+00 2.190780401229858398e+00
5.733445644378662109e+00 1.911514759063720703e+00
5.569187164306640625e+00 2.226578950881958008e+00
5.660444736480712891e+00 2.378834724426269531e+00
5.322566509246826172e+00 2.275897264480590820e+00
5.155181884765625000e+00 2.396285533905029297e+00
4.852560997009277344e+00 2.219722747802734375e+00
4.679699420928955078e+00 2.639702320098876953e+00
4.900652408599853516e+00 2.687954425811767578e+00
4.702369213104248047e+00 2.777421474456787109e+00
5.347288131713867188e+00 2.748301506042480469e+00
4.956911087036132812e+00 3.150387763977050781e+00
4.923875331878662109e+00 3.398860454559326172e+00
5.164091110229492188e+00 3.400315761566162109e+00
5.171658992767333984e+00 3.620356798171997070e+00
4.912602901458740234e+00 3.470717668533325195e+00
5.333754539489746094e+00 3.689823865890502930e+00
5.570705890655517578e+00 3.315796852111816406e+00
5.439066886901855469e+00 3.547750949859619141e+00
5.769888877868652344e+00 2.989523410797119141e+00
5.950753688812255859e+00 3.116998434066772461e+00
5.440831184387207031e+00 3.343416213989257812e+00
5.893557548522949219e+00 3.394146680831909180e+00
6.132206916809082031e+00 3.449385166168212891e+00
6.084017753601074219e+00 3.627068996429443359e+00
6.000489711761474609e+00 3.651244163513183594e+00
5.357886791229248047e+00 3.893468618392944336e+00
5.671911239624023438e+00 3.842618227005004883e+00
5.499039173126220703e+00 4.143882274627685547e+00
5.499696254730224609e+00 4.334654808044433594e+00
5.841371536254882812e+00 4.148027420043945312e+00
5.756000995635986328e+00 4.813305854797363281e+00
5.915844917297363281e+00 5.034739971160888672e+00
6.279461860656738281e+00 4.758080482482910156e+00
6.587552547454833984e+00 4.997090339660644531e+00
6.455753326416015625e+00 4.597678184509277344e+00
6.024471282958984375e+00 4.711084842681884766e+00
6.235379695892333984e+00 4.729157447814941406e+00
6.396225929260253906e+00 5.031611919403076172e+00
6.102833747863769531e+00 5.530837535858154297e+00
6.005550861358642578e+00 5.506937026977539062e+00
5.810470581054687500e+00 5.335500240325927734e+00
6.261969566345214844e+00 5.350799560546875000e+00
6.192567348480224609e+00 5.498539924621582031e+00
6.506317138671875000e+00 5.496867656707763672e+00
6.498047828674316406e+00 5.870776176452636719e+00
6.531850814819335938e+00 5.683757305145263672e+00
6.026790142059326172e+00 5.769181251525878906e+00
6.302730560302734375e+00 6.071239471435546875e+00
6.593242645263671875e+00 6.291264533996582031e+00
7.008276939392089844e+00 6.518508911132812500e+00
6.990523338317871094e+00 6.353832244873046875e+00
6.890890598297119141e+00 6.657077789306640625e+00
6.747370243072509766e+00 6.138418674468994141e+00
6.542643547058105469e+00 6.236367225646972656e+00
6.170593261718750000e+00 6.535727977752685547e+00
6.038862705230712891e+00 6.584664344787597656e+00
6.616547107696533203e+00 7.182819843292236328e+00
6.623341560363769531e+00 7.204375743865966797e+00
6.601980209350585938e+00 6.959089756011962891e+00
6.852911472320556641e+00 7.140985012054443359e+00
6.494133472442626953e+00 7.149002075195312500e+00
6.300848007202148438e+00 7.409607410430908203e+00
5.960176467895507812e+00 6.875172138214111328e+00
5.991998672485351562e+00 6.963305473327636719e+00
5.721271514892578125e+00 6.906063556671142578e+00
5.382296085357666016e+00 7.106237411499023438e+00
5.567263603210449219e+00 7.438078403472900391e+00
5.738980770111083984e+00 7.681655406951904297e+00
5.533121109008789062e+00 7.306081771850585938e+00
5.814611911773681641e+00 7.278183937072753906e+00
6.026748180389404297e+00 7.814393043518066406e+00
5.687675476074218750e+00 7.501027107238769531e+00
5.654429435729980469e+00 7.550666332244873047e+00
5.869037628173828125e+00 8.060360908508300781e+00
5.445831775665283203e+00 8.166298866271972656e+00
5.597661495208740234e+00 8.085390090942382812e+00
5.457019329071044922e+00 8.232362747192382812e+00
5.032728672027587891e+00 7.977953433990478516e+00
5.162023544311523438e+00 8.136920928955078125e+00
4.901136875152587891e+00 7.988755702972412109e+00
4.994786739349365234e+00 8.104302406311035156e+00
4.965738773345947266e+00 8.013429641723632812e+00
4.711496829986572266e+00 7.750416278839111328e+00
4.725645065307617188e+00 7.520524501800537109e+00
4.475030422210693359e+00 7.297247409820556641e+00
4.397683620452880859e+00 7.531205654144287109e+00
4.060160160064697266e+00 7.472264289855957031e+00
4.242027282714843750e+00 7.704554080963134766e+00
4.177431583404541016e+00 7.912570476531982422e+00
3.891802549362182617e+00 7.826137065887451172e+00
3.803660869598388672e+00 7.661575794219970703e+00
3.717992782592773438e+00 7.504402637481689453e+00
3.366059303283691406e+00 7.252325057983398438e+00
3.399881124496459961e+00 7.112358093261718750e+00
3.466156005859375000e+00 7.011136054992675781e+00
3.061307907104492188e+00 7.097591400146484375e+00
3.130614042282104492e+00 7.149707317352294922e+00
3.161595582962036133e+00 6.943648815155029297e+00
2.780084371566772461e+00 7.130454540252685547e+00
2.821150302886962891e+00 7.260992527008056641e+00
2.799933433532714844e+00 7.486109256744384766e+00
2.893953561782836914e+00 7.715016365051269531e+00
2.576492786407470703e+00 7.801522254943847656e+00
3.162486791610717773e+00 8.096757888793945312e+00
3.062316179275512695e+00 8.040406227111816406e+00
3.206894159317016602e+00 8.316350936889648438e+00
2.862373113632202148e+00 7.839445590972900391e+00
2.380515098571777344e+00 8.087770462036132812e+00
2.314563989639282227e+00 7.879127979278564453e+00
2.834061622619628906e+00 8.311516761779785156e+00
2.681425094604492188e+00 8.466548919677734375e+00
3.437161445617675781e+00 8.222728729248046875e+00
3.656826257705688477e+00 8.157814025878906250e+00
3.509140729904174805e+00 8.538927078247070312e+00
3.453926086425781250e+00 8.575724601745605469e+00
2.935433864593505859e+00 8.345874786376953125e+00
3.033052444458007812e+00 8.162206649780273438e+00
2.663013458251953125e+00 8.162691116333007812e+00
2.473585367202758789e+00 8.091755867004394531e+00
2.340916156768798828e+00 8.370157241821289062e+00
2.405984163284301758e+00 8.949600219726562500e+00
2.099878549575805664e+00 8.698489189147949219e+00
2.490564346313476562e+00 8.795757293701171875e+00
2.859508514404296875e+00 8.711524963378906250e+00
2.797662973403930664e+00 8.955135345458984375e+00
3.101138353347778320e+00 9.108613014221191406e+00
2.873810529708862305e+00 9.128499984741210938e+00
2.981815099716186523e+00 9.106118202209472656e+00
2.674913167953491211e+00 9.283802032470703125e+00
2.295217037200927734e+00 9.258208274841308594e+00
2.124741792678833008e+00 9.241980552673339844e+00
2.166319608688354492e+00 9.163052558898925781e+00
2.028384685516357422e+00 9.248471260070800781e+00
1.815484881401062012e+00 9.243024826049804688e+00
1.639085531234741211e+00 9.173286437988281250e+00
1.224380493164062500e+00 8.870429039001464844e+00
1.256108283996582031e+00 9.271227836608886719e+00
9.464258551597595215e-01 9.013179779052734375e+00
5.866011977195739746e-01 9.507993698120117188e+00
5.934361219406127930e-01 9.508739471435546875e+00
7.980268001556396484e-01 9.500156402587890625e+00
9.798079133033752441e-01 9.276209831237792969e+00
1.125115871429443359e+00 9.632704734802246094e+00
9.816282987594604492e-01 1.224815940856933594e+01
1.367752075195312500e+00 1.130715370178222656e+01
1.730263113975524902e+00 1.101748371124267578e+01
1.914357900619506836e+00 1.061616420745849609e+01
2.013621330261230469e+00 1.068809318542480469e+01
2.330026626586914062e+00 1.086070346832275391e+01
2.349534749984741211e+00 1.148064231872558594e+01
2.649008750915527344e+00 1.118397998809814453e+01
2.588748931884765625e+00 1.085394096374511719e+01
2.140251398086547852e+00 1.072525405883789062e+01
2.447301864624023438e+00 1.038186454772949219e+01
2.485933542251586914e+00 1.082688236236572266e+01
2.989622592926025391e+00 1.122338485717773438e+01
3.027249813079833984e+00 1.081543445587158203e+01
2.926921606063842773e+00 1.103583335876464844e+01
3.287269592285156250e+00 1.127527713775634766e+01
3.024449586868286133e+00 1.150360488891601562e+01
3.024967908859252930e+00 1.179112529754638672e+01
3.337893486022949219e+00 1.127833652496337891e+01
3.536124706268310547e+00 1.168121910095214844e+01
3.224845647811889648e+00 1.205801010131835938e+01
3.529821395874023438e+00 1.223881721496582031e+01
3.725227117538452148e+00 1.206682014465332031e+01
3.742482423782348633e+00 1.154764652252197266e+01
3.455729722976684570e+00 1.148386192321777344e+01
3.553108692169189453e+00 1.180205917358398438e+01
3.414316177368164062e+00 1.170250988006591797e+01
3.525957107543945312e+00 1.190224456787109375e+01
3.810708761215209961e+00 1.152038574218750000e+01
4.009922504425048828e+00 1.192872238159179688e+01
4.093138217926025391e+00 1.223880100250244141e+01
4.330247402191162109e+00 1.198542690277099609e+01
4.213934421539306641e+00 1.227312278747558594e+01
4.575201034545898438e+00 1.216472911834716797e+01
4.659036159515380859e+00 1.237050914764404297e+01
4.825503826141357422e+00 1.274900150299072266e+01
5.114156723022460938e+00 1.288054084777832031e+01
5.332108497619628906e+00 1.223743820190429688e+01
5.121284484863281250e+00 1.240502738952636719e+01
5.237491607666015625e+00 1.182036113739013672e+01
5.291440010070800781e+00 1.232397651672363281e+01
5.350945472717285156e+00 1.214193248748779297e+01
5.482957363128662109e+00 1.197035789489746094e+01
5.664356708526611328e+00 1.207744503021240234e+01
5.881510734558105469e+00 1.234617996215820312e+01
5.760573387145996094e+00 1.256079292297363281e+01
5.863132476806640625e+00 1.269228839874267578e+01
6.110537052154541016e+00 1.327352142333984375e+01
6.038657188415527344e+00 1.342025089263916016e+01
5.840891838073730469e+00 1.354261112213134766e+01
5.811211585998535156e+00 1.338023185729980469e+01
5.569605350494384766e+00 1.349030208587646484e+01
5.657658576965332031e+00 1.337379169464111328e+01
5.257774353027343750e+00 1.352828693389892578e+01
5.333144664764404297e+00 1.410806179046630859e+01
4.863048076629638672e+00 1.393875598907470703e+01
5.377442359924316406e+00 1.392114353179931641e+01
5.306371212005615234e+00 1.421492671966552734e+01
5.089954376220703125e+00 1.428005504608154297e+01
5.239393711090087891e+00 1.435956478118896484e+01
6.138608932495117188e+00 1.401203918457031250e+01
6.016616821289062500e+00 1.406420898437500000e+01
6.711513519287109375e+00 1.432015323638916016e+01
6.460336208343505859e+00 1.439505004882812500e+01
6.849909782409667969e+00 1.465285110473632812e+01
6.873085498809814453e+00 1.446495914459228516e+01
6.706124782562255859e+00 1.466956138610839844e+01
6.601494312286376953e+00 1.444462013244628906e+01
6.346163272857666016e+00 1.393890762329101562e+01
6.575904369354248047e+00 1.374667263031005859e+01
6.613836765289306641e+00 1.377947998046875000e+01
6.298663616180419922e+00 1.391036415100097656e+01
7.289504528045654297e+00 1.320229053497314453e+01
7.395894527435302734e+00 1.328522396087646484e+01
7.405558109283447266e+00 1.321822834014892578e+01
7.510394096374511719e+00 1.332690238952636719e+01
7.727389812469482422e+00 1.343323898315429688e+01
8.040838241577148438e+00 1.290052223205566406e+01
7.922039031982421875e+00 1.280194759368896484e+01
7.776365756988525391e+00 1.286232089996337891e+01
7.977051734924316406e+00 1.257578277587890625e+01
8.137962341308593750e+00 1.232746219635009766e+01
7.065896034240722656e+00 1.248477649688720703e+01
7.315330028533935547e+00 1.233869647979736328e+01
7.498933315277099609e+00 1.197051048278808594e+01
7.427549362182617188e+00 1.179927921295166016e+01
7.649431228637695312e+00 1.187518405914306641e+01
7.324985980987548828e+00 1.213722610473632812e+01
7.283762454986572266e+00 1.196069908142089844e+01
7.779130935668945312e+00 1.226303100585937500e+01
7.907279968261718750e+00 1.252750682830810547e+01
7.973879337310791016e+00 1.296587276458740234e+01
8.291300773620605469e+00 1.310679531097412109e+01
7.794485092163085938e+00 1.324408435821533203e+01
8.288410186767578125e+00 1.299135017395019531e+01
8.776163101196289062e+00 1.254834175109863281e+01
8.893094062805175781e+00 1.257337284088134766e+01
8.978181838989257812e+00 1.208863544464111328e+01
9.299810409545898438e+00 1.240913391113281250e+01
9.465606689453125000e+00 1.214248466491699219e+01
9.749337196350097656e+00 1.224363422393798828e+01
9.663405418395996094e+00 1.238374900817871094e+01
9.831273078918457031e+00 1.228291606903076172e+01
9.827728271484375000e+00 1.184702777862548828e+01
9.821313858032226562e+00 1.187663459777832031e+01
9.351822853088378906e+00 1.160513210296630859e+01
9.392940521240234375e+00 1.227762413024902344e+01
9.388555526733398438e+00 1.170280742645263672e+01
9.064558029174804688e+00 1.172775363922119141e+01
9.254874229431152344e+00 1.199483585357666016e+01
9.570199966430664062e+00 1.153273487091064453e+01
9.412301063537597656e+00 1.139347267150878906e+01
9.216375350952148438e+00 1.140408706665039062e+01
1.015038967132568359e+01 1.153207778930664062e+01
1.001686096191406250e+01 1.129475784301757812e+01
1.039662361145019531e+01 1.113346195220947266e+01
2.137024688720703125e+01 2.837080478668212891e+00
2.176808357238769531e+01 2.471852540969848633e+00
2.235171318054199219e+01 2.862572193145751953e+00
2.245836448669433594e+01 2.859009981155395508e+00
2.227747726440429688e+01 2.926558494567871094e+00
2.247400474548339844e+01 2.339461088180541992e+00
2.239628410339355469e+01 2.519301176071166992e+00
2.233145523071289062e+01 2.319045066833496094e+00
2.211046218872070312e+01 2.506230831146240234e+00
2.175112533569335938e+01 2.348756551742553711e+00
2.172599601745605469e+01 2.059412479400634766e+00
2.199410247802734375e+01 1.952742815017700195e+00
2.167370986938476562e+01 2.009503841400146484e+00
2.170069885253906250e+01 1.795995116233825684e+00
2.203621482849121094e+01 1.562690019607543945e+00
2.181456375122070312e+01 1.458586454391479492e+00
2.197521018981933594e+01 1.447598457336425781e+00
2.201629638671875000e+01 1.279239773750305176e+00
2.235568618774414062e+01 8.422511219978332520e-01
2.226411247253417969e+01 7.999165058135986328e-01
6.576441764831542969e+00 1.412287521362304688e+01
6.675373077392578125e+00 1.397913837432861328e+01
6.434849262237548828e+00 1.446707534790039062e+01
6.063521862030029297e+00 1.457627010345458984e+01
6.000492572784423828e+00 1.513663673400878906e+01
5.723475456237792969e+00 1.498997592926025391e+01
6.099887847900390625e+00 1.530282115936279297e+01
5.894447326660156250e+00 1.522606754302978516e+01
5.689519882202148438e+00 1.476938247680664062e+01
5.786195755004882812e+00 1.533769130706787109e+01
5.781339168548583984e+00 1.492152214050292969e+01
5.584419250488281250e+00 1.499985313415527344e+01
5.410897254943847656e+00 1.491500091552734375e+01
5.195312500000000000e+00 1.544482898712158203e+01
5.001468181610107422e+00 1.519092845916748047e+01
4.747582912445068359e+00 1.517009544372558594e+01
4.936336517333984375e+00 1.556490135192871094e+01
4.551156520843505859e+00 1.560977745056152344e+01
4.329565048217773438e+00 1.534722614288330078e+01
4.400055885314941406e+00 1.513850116729736328e+01
4.532881259918212891e+00 1.505402565002441406e+01
4.372023105621337891e+00 1.463946533203125000e+01
4.363745212554931641e+00 1.442683124542236328e+01
4.122134208679199219e+00 1.462485408782958984e+01
3.931136131286621094e+00 1.423857975006103516e+01
3.943335294723510742e+00 1.416433906555175781e+01
3.828553438186645508e+00 1.418969154357910156e+01
3.789315938949584961e+00 1.472402191162109375e+01
3.588559865951538086e+00 1.481681156158447266e+01
3.702940464019775391e+00 1.509814357757568359e+01
3.674590110778808594e+00 1.533502101898193359e+01
3.636856794357299805e+00 1.539007186889648438e+01
3.431079387664794922e+00 1.545325469970703125e+01
3.295467138290405273e+00 1.571447753906250000e+01
2.715315341949462891e+00 1.558692169189453125e+01
2.925217628479003906e+00 1.591203594207763672e+01
2.881603240966796875e+00 1.584152507781982422e+01
3.171368360519409180e+00 1.590794944763183594e+01
3.043203115463256836e+00 1.604584312438964844e+01
3.341780185699462891e+00 1.616665840148925781e+01
3.055949926376342773e+00 1.654958915710449219e+01
2.757524013519287109e+00 1.684759902954101562e+01
2.572010517120361328e+00 1.744392204284667969e+01
2.283088445663452148e+00 1.753730583190917969e+01
2.467659235000610352e+00 1.749005508422851562e+01
2.115758895874023438e+00 1.720267105102539062e+01
2.208186388015747070e+00 1.708279037475585938e+01
2.470572471618652344e+00 1.713713073730468750e+01
2.144094228744506836e+00 1.717901802062988281e+01
2.199684143066406250e+00 1.656003761291503906e+01
2.101311683654785156e+00 1.660293960571289062e+01
1.898616313934326172e+00 1.678878593444824219e+01
1.798119664192199707e+00 1.664586830139160156e+01
1.813241004943847656e+00 1.676552963256835938e+01
1.139343976974487305e+00 1.686760902404785156e+01
1.140472650527954102e+00 1.687077140808105469e+01
9.893607497215270996e-01 1.705423355102539062e+01
9.303459525108337402e-01 1.686547088623046875e+01
8.421731591224670410e-01 1.727034568786621094e+01
1.323763251304626465e+00 1.739523506164550781e+01
9.900301098823547363e-01 1.744277763366699219e+01
1.436203956604003906e+00 1.801561355590820312e+01
2.203333473205566406e+01 7.476293444633483887e-01
2.293641090393066406e+01 9.277352690696716309e-01
2.293557739257812500e+01 1.265752673149108887e+00
2.334597587585449219e+01 1.512361764907836914e+00
2.348572731018066406e+01 1.754649758338928223e+00
2.364343833923339844e+01 1.682684659957885742e+00
2.441310119628906250e+01 2.481970071792602539e+00
2.415225219726562500e+01 2.354382276535034180e+00
2.429241752624511719e+01 2.254096269607543945e+00
2.374531555175781250e+01 2.620611667633056641e+00
2.388393211364746094e+01 2.468594074249267578e+00
2.355122184753417969e+01 2.186092853546142578e+00
2.378402709960937500e+01 2.615724086761474609e+00
2.347039222717285156e+01 2.814690828323364258e+00
2.341388320922851562e+01 2.798182725906372070e+00
2.335373497009277344e+01 2.984745264053344727e+00
2.327511405944824219e+01 3.049051046371459961e+00
2.358623695373535156e+01 3.237548112869262695e+00
2.347033309936523438e+01 3.235490322113037109e+00
2.351924133300781250e+01 3.156942844390869141e+00
2.345888900756835938e+01 3.407541275024414062e+00
2.362415313720703125e+01 3.565425157546997070e+00
2.388408088684082031e+01 3.470198631286621094e+00
2.407131576538085938e+01 3.213092088699340820e+00
2.436292266845703125e+01 3.194972038269042969e+00
2.457540130615234375e+01 3.163674116134643555e+00
2.454365158081054688e+01 3.979775428771972656e+00
2.430747222900390625e+01 4.160562992095947266e+00
2.383448982238769531e+01 4.231077194213867188e+00
2.399208068847656250e+01 4.322217464447021484e+00
2.397826194763183594e+01 4.363853931427001953e+00
2.420029067993164062e+01 3.985538959503173828e+00
2.449272727966308594e+01 4.527616977691650391e+00
2.454393386840820312e+01 4.383206844329833984e+00
2.417344856262207031e+01 4.616214275360107422e+00
2.478900527954101562e+01 4.766813278198242188e+00
2.480620193481445312e+01 4.802983283996582031e+00
2.452332115173339844e+01 4.805552005767822266e+00
2.497524642944335938e+01 4.975431442260742188e+00
2.480079841613769531e+01 5.219685077667236328e+00
2.476384353637695312e+01 5.184530258178710938e+00
2.487355422973632812e+01 5.329563617706298828e+00
2.463809776306152344e+01 5.455226898193359375e+00
2.441849327087402344e+01 5.303425312042236328e+00
2.404474258422851562e+01 5.361856937408447266e+00
2.384101676940917969e+01 5.342819213867187500e+00
2.403723907470703125e+01 5.504597663879394531e+00
2.419408035278320312e+01 5.409235477447509766e+00
2.416911125183105469e+01 5.672423362731933594e+00
2.393809318542480469e+01 5.832272052764892578e+00
2.422222900390625000e+01 6.072294712066650391e+00
2.426607894897460938e+01 5.943686485290527344e+00
2.414520645141601562e+01 6.755220890045166016e+00
2.432113075256347656e+01 6.954446792602539062e+00
2.469124031066894531e+01 7.127329349517822266e+00
2.478807830810546875e+01 7.269208431243896484e+00
2.509875488281250000e+01 7.271937370300292969e+00
2.510994911193847656e+01 7.435332775115966797e+00
2.506670188903808594e+01 7.852912902832031250e+00
2.509082984924316406e+01 7.524077415466308594e+00
2.486528205871582031e+01 7.639332294464111328e+00
2.469731330871582031e+01 8.022705078125000000e+00
2.470444297790527344e+01 7.814035892486572266e+00
2.439890861511230469e+01 7.818422317504882812e+00
2.379636764526367188e+01 7.772180080413818359e+00
2.340879440307617188e+01 7.662639141082763672e+00
2.323322486877441406e+01 7.881250381469726562e+00
2.322902870178222656e+01 7.717328548431396484e+00
2.322502136230468750e+01 7.576877117156982422e+00
2.332782554626464844e+01 7.267319679260253906e+00
2.343832015991210938e+01 7.221135616302490234e+00
2.366221809387207031e+01 7.502114295959472656e+00
2.346356964111328125e+01 7.770414829254150391e+00
2.403119468688964844e+01 7.551516056060791016e+00
2.376861572265625000e+01 7.478226184844970703e+00
2.391310691833496094e+01 6.953763484954833984e+00
2.394800949096679688e+01 7.098952293395996094e+00
2.417311477661132812e+01 7.745817661285400391e+00
2.398994064331054688e+01 7.585569381713867188e+00
2.372453689575195312e+01 8.176107406616210938e+00
2.370644569396972656e+01 8.360803604125976562e+00
2.380010032653808594e+01 8.242018699645996094e+00
2.402637481689453125e+01 7.711872577667236328e+00
2.427889442443847656e+01 8.231349945068359375e+00
2.411799430847167969e+01 8.179934501647949219e+00
2.374079704284667969e+01 8.119325637817382812e+00
2.240549087524414062e+01 1.347744822502136230e+00
2.233561706542968750e+01 1.052408456802368164e+00
2.274747085571289062e+01 1.312133669853210449e+00
2.290825271606445312e+01 1.477483749389648438e+00
2.268825531005859375e+01 1.050345301628112793e+00
2.310756301879882812e+01 1.100908994674682617e+00
2.308814239501953125e+01 9.403749108314514160e-01
2.323596382141113281e+01 7.595068812370300293e-01
2.350681495666503906e+01 7.751528024673461914e-01
2.371259880065917969e+01 1.069120407104492188e+00
2.407542037963867188e+01 7.191404700279235840e-01
2.420766830444335938e+01 9.510831236839294434e-01
2.460893249511718750e+01 7.852514386177062988e-01
2.478217506408691406e+01 1.002161264419555664e+00
2.490881156921386719e+01 1.013830542564392090e+00
2.453765487670898438e+01 1.335126161575317383e+00
2.487376022338867188e+01 1.412475824356079102e+00
2.491479682922363281e+01 1.921821355819702148e+00
2.460709762573242188e+01 1.991435885429382324e+00
2.479475021362304688e+01 1.895536541938781738e+00
2.483293533325195312e+01 2.171335458755493164e+00
2.469275474548339844e+01 2.433493375778198242e+00
2.466050148010253906e+01 1.961453914642333984e+00
2.442239570617675781e+01 1.450479149818420410e+00
2.459451866149902344e+01 1.210147738456726074e+00
2.442302894592285156e+01 9.258158206939697266e-01
2.434307861328125000e+01 6.617635488510131836e-01
2.407368659973144531e+01 5.125109106302261353e-02
2.421574211120605469e+01 -8.230193704366683960e-02
2.338578224182128906e+01 2.784740626811981201e-01
2.302688598632812500e+01 2.896728515625000000e-01
2.284797096252441406e+01 2.659704685211181641e-01
2.296457290649414062e+01 -1.035100035369396210e-02
2.315865516662597656e+01 -2.734138667583465576e-01
2.341200256347656250e+01 -6.421110779047012329e-02
2.363366889953613281e+01 -4.978224337100982666e-01
2.347263908386230469e+01 -6.899849176406860352e-01
2.360040092468261719e+01 -4.584248661994934082e-01
2.354001808166503906e+01 -7.959566712379455566e-01
2.365532493591308594e+01 -7.580717206001281738e-01
2.401859855651855469e+01 -8.990125656127929688e-01
2.425515174865722656e+01 -8.532173633575439453e-01
2.413797187805175781e+01 -1.061396002769470215e+00
2.447864532470703125e+01 -5.636432170867919922e-01
2.458242225646972656e+01 -7.763934731483459473e-01
2.483482551574707031e+01 -5.855789184570312500e-01
2.496710777282714844e+01 -5.677604675292968750e-01
2.519328689575195312e+01 -1.044154763221740723e+00
2.447570800781250000e+01 -1.037828445434570312e+00
2.468983840942382812e+01 -1.372306108474731445e+00
2.477999496459960938e+01 -1.230882883071899414e+00
2.484067344665527344e+01 -8.830851316452026367e-01
2.504830360412597656e+01 -9.880038499832153320e-01
2.514230918884277344e+01 -8.406819105148315430e-01
2.523985099792480469e+01 -9.417704939842224121e-01
2.465926170349121094e+01 -1.449391126632690430e+00
2.469183540344238281e+01 -1.392367362976074219e+00
2.471604156494140625e+01 -1.712282776832580566e+00
2.463125419616699219e+01 -1.838495969772338867e+00
2.478913307189941406e+01 -1.799497365951538086e+00
2.530285072326660156e+01 -1.894319057464599609e+00
2.552086257934570312e+01 -1.982147693634033203e+00
2.591543006896972656e+01 -1.356353282928466797e+00
2.579356384277343750e+01 -1.471650719642639160e+00
2.601238250732421875e+01 -1.351394414901733398e+00
2.577223014831542969e+01 -1.501194238662719727e+00
2.606567382812500000e+01 -1.476310968399047852e+00
2.602429008483886719e+01 -1.304911136627197266e+00
2.579817390441894531e+01 -1.757784247398376465e+00
2.562448883056640625e+01 -1.331864356994628906e+00
2.524060821533203125e+01 -1.628971576690673828e+00
2.522841835021972656e+01 -1.830500006675720215e+00
2.507115745544433594e+01 -1.632090568542480469e+00
1.383383035659790039e+00 1.788844108581542969e+01
1.451659917831420898e+00 1.802632904052734375e+01
1.004424214363098145e+00 1.772680854797363281e+01
3.910799622535705566e-01 1.762994003295898438e+01
4.717704653739929199e-01 1.743937492370605469e+01
4.110862016677856445e-01 1.774220085144042969e+01
2.916538715362548828e-01 1.730547904968261719e+01
-5.159864574670791626e-02 1.752686309814453125e+01
4.013896882534027100e-01 1.800115585327148438e+01
3.206368088722229004e-01 1.826538467407226562e+01
8.558884263038635254e-02 1.786442947387695312e+01
2.073711603879928589e-01 1.833913230895996094e+01
8.155301958322525024e-02 1.831312179565429688e+01
-2.859331965446472168e-01 1.874381256103515625e+01
2.145113795995712280e-01 1.895881462097167969e+01
8.563883304595947266e-01 1.889245605468750000e+01
1.337368965148925781e+00 1.894912338256835938e+01
1.188111662864685059e+00 1.901029205322265625e+01
1.102377414703369141e+00 1.867434310913085938e+01
6.923829317092895508e-01 1.906497192382812500e+01
4.213331937789916992e-01 1.930797004699707031e+01
2.834986150264739990e-01 1.931310653686523438e+01
2.792501151561737061e-01 1.919853019714355469e+01
-1.062470078468322754e-01 1.983771705627441406e+01
8.730744011700153351e-03 1.980372428894042969e+01
-2.156736329197883606e-02 1.976682662963867188e+01
-1.174362897872924805e-01 1.956015586853027344e+01
-6.300372481346130371e-01 1.936672019958496094e+01
-2.385270595550537109e-01 1.942013931274414062e+01
-7.373289465904235840e-01 1.951117134094238281e+01
-6.069508194923400879e-01 1.970307540893554688e+01
-6.582776904106140137e-01 2.004300689697265625e+01
-5.763756036758422852e-01 2.003030776977539062e+01
-6.556282639503479004e-01 2.029889678955078125e+01
-1.305551081895828247e-01 2.027714729309082031e+01
-1.969107240438461304e-01 2.023221397399902344e+01
7.437716722488403320e-01 2.011591720581054688e+01
1.135352134704589844e+00 2.036309623718261719e+01
9.986189007759094238e-01 1.995318984985351562e+01
1.490904688835144043e+00 2.015426254272460938e+01
1.400801062583923340e+00 1.998975753784179688e+01
1.526741147041320801e+00 1.988161277770996094e+01
1.664423465728759766e+00 2.010564804077148438e+01
1.478343605995178223e+00 1.980272293090820312e+01
9.697835445404052734e-01 2.017472267150878906e+01
8.322893977165222168e-01 2.016986274719238281e+01
4.292253255844116211e-01 1.996957015991210938e+01
4.340848624706268311e-01 2.033983802795410156e+01
3.892093002796173096e-01 2.033174324035644531e+01
-1.196733862161636353e-02 2.070429801940917969e+01
-1.001374050974845886e-02 2.056591987609863281e+01
-3.292424380779266357e-01 2.061506271362304688e+01
-1.445811986923217773e-01 2.074423408508300781e+01
-3.810898363590240479e-01 2.075483512878417969e+01
9.089519828557968140e-02 2.098304939270019531e+01
9.407111443579196930e-03 2.122609519958496094e+01
2.114284336566925049e-01 2.128634071350097656e+01
7.031610012054443359e-01 2.103662872314453125e+01
6.131019592285156250e-01 2.095770263671875000e+01
1.147741794586181641e+00 2.083226394653320312e+01
7.023264765739440918e-01 2.100688171386718750e+01
6.475518941879272461e-01 2.091472244262695312e+01
1.515510439872741699e+00 1.795219802856445312e+01
1.155680418014526367e+00 1.776739692687988281e+01
9.881169795989990234e-01 1.793421363830566406e+01
8.832904696464538574e-01 1.787190246582031250e+01
1.210430487990379333e-01 1.797480583190917969e+01
-1.485975980758666992e-01 1.795274353027343750e+01
-4.374007284641265869e-01 1.825321006774902344e+01
-1.843393892049789429e-01 1.845508384704589844e+01
-5.599963665008544922e-01 1.825608634948730469e+01
-7.822926640510559082e-01 1.826475334167480469e+01
-9.201613664627075195e-01 1.832626914978027344e+01
-1.036665558815002441e+00 1.774039840698242188e+01
-1.312949061393737793e+00 1.739773368835449219e+01
-1.075859427452087402e+00 1.740814590454101562e+01
-1.014955520629882812e+00 1.725014686584472656e+01
-7.628685832023620605e-01 1.698143768310546875e+01
-9.241538643836975098e-01 1.676285171508789062e+01
-9.625841379165649414e-01 1.686027908325195312e+01
-1.302361726760864258e+00 1.650029563903808594e+01
-1.463760495185852051e+00 1.673451042175292969e+01
-1.634181141853332520e+00 1.607461166381835938e+01
-1.415533781051635742e+00 1.625414848327636719e+01
-1.895412206649780273e+00 1.618560600280761719e+01
-1.799283623695373535e+00 1.653154182434082031e+01
-1.848469018936157227e+00 1.615503501892089844e+01
-1.821805000305175781e+00 1.585807323455810547e+01
-2.219746351242065430e+00 1.620424842834472656e+01
-2.074765920639038086e+00 1.600448799133300781e+01
-2.248394727706909180e+00 1.614152717590332031e+01
-2.344512462615966797e+00 1.586036014556884766e+01
-2.149052143096923828e+00 1.539056301116943359e+01
-2.383983373641967773e+00 1.522365570068359375e+01
-2.099108934402465820e+00 1.516904258728027344e+01
-2.089799880981445312e+00 1.482328128814697266e+01
-2.457642078399658203e+00 1.464101600646972656e+01
-2.607862234115600586e+00 1.476389217376708984e+01
-2.159244298934936523e+00 1.437669658660888672e+01
-2.268373727798461914e+00 1.447500801086425781e+01
-2.021977663040161133e+00 1.428172302246093750e+01
-2.245357275009155273e+00 1.477648735046386719e+01
-2.390520572662353516e+00 1.469443225860595703e+01
-2.508010625839233398e+00 1.471050739288330078e+01
-2.900524139404296875e+00 1.505157947540283203e+01
-2.840985774993896484e+00 1.532538318634033203e+01
-3.124792814254760742e+00 1.537283611297607422e+01
-3.260699748992919922e+00 1.522565650939941406e+01
-3.333986282348632812e+00 1.564703559875488281e+01
-3.453156471252441406e+00 1.577247810363769531e+01
-3.510110139846801758e+00 1.575882244110107422e+01
-3.594377279281616211e+00 1.589613723754882812e+01
-3.781205892562866211e+00 1.545576667785644531e+01
-3.726031541824340820e+00 1.520945930480957031e+01
-4.058831214904785156e+00 1.484514904022216797e+01
-4.116865158081054688e+00 1.447316265106201172e+01
-3.871406793594360352e+00 1.500068950653076172e+01
-3.976023435592651367e+00 1.490950298309326172e+01
-3.508522033691406250e+00 1.493607330322265625e+01
-3.437693834304809570e+00 1.477048778533935547e+01
-2.975087404251098633e+00 1.457251071929931641e+01
-3.160980701446533203e+00 1.436775875091552734e+01
-3.155867338180541992e+00 1.460253906250000000e+01
-2.931220293045043945e+00 1.423048973083496094e+01
-3.152789354324340820e+00 1.398100566864013672e+01
-3.390715360641479492e+00 1.416352558135986328e+01
-3.441295862197875977e+00 1.401527595520019531e+01
-3.469970226287841797e+00 1.376833724975585938e+01
-3.580673217773437500e+00 1.353960418701171875e+01
-3.702481746673583984e+00 1.358625793457031250e+01
-4.140164852142333984e+00 1.358445262908935547e+01
-3.921959638595581055e+00 1.388848876953125000e+01
-3.896142005920410156e+00 1.391592597961425781e+01
-3.936070919036865234e+00 1.382785224914550781e+01
-4.053758144378662109e+00 1.427939891815185547e+01
-3.607549667358398438e+00 1.457056045532226562e+01
-3.262348175048828125e+00 1.441067028045654297e+01
