2.609377622604370117e+00 2.453971147537231445e+00
2.524579524993896484e+00 2.332990884780883789e+00
2.361458778381347656e+00 2.446536302566528320e+00
2.401974439620971680e+00 2.743772983551025391e+00
2.551329135894775391e+00 2.796617269515991211e+00
2.464699983596801758e+00 2.838458061218261719e+00
2.204350233078002930e+00 2.643638134002685547e+00
2.112218618392944336e+00 2.378518581390380859e+00
1.797543764114379883e+00 2.298740148544311523e+00
1.491704940795898438e+00 2.172204494476318359e+00
1.748836517333984375e+00 2.261851310729980469e+00
1.799586892127990723e+00 2.027022600173950195e+00
1.503242731094360352e+00 2.525640964508056641e+00
1.885777115821838379e+00 2.178222417831420898e+00
1.654808640480041504e+00 2.376767396926879883e+00
1.540946722030639648e+00 1.954238772392272949e+00
1.623861312866210938e+00 2.089618682861328125e+00
1.706056475639343262e+00 1.803177237510681152e+00
1.578045845031738281e+00 1.681576609611511230e+00
1.457249760627746582e+00 1.759453654289245605e+00
1.310922741889953613e+00 1.677552223205566406e+00
1.248292922973632812e+00 1.905984401702880859e+00
1.327535271644592285e+00 2.059401512145996094e+00
1.070448040962219238e+00 2.052244901657104492e+00
1.081629633903503418e+00 1.957968950271606445e+00
8.972123861312866211e-01 1.921819686889648438e+00
6.674647927284240723e-01 1.824723243713378906e+00
6.744888424873352051e-01 1.645032048225402832e+00
6.354238986968994141e-01 1.216570854187011719e+00
9.906318783760070801e-01 1.140910267829895020e+00
8.233210444450378418e-01 1.063276290893554688e+00
8.137395977973937988e-01 8.288759589195251465e-01
1.010515451431274414e+00 8.761737942695617676e-01
1.009757280349731445e+00 1.304831981658935547e+00
1.042894840240478516e+00 1.247041940689086914e+00
8.863678574562072754e-01 1.329716205596923828e+00
6.488294005393981934e-01 1.551398158073425293e+00
4.049873054027557373e-01 1.392287135124206543e+00
4.452010393142700195e-01 1.282163143157958984e+00
5.403563380241394043e-01 1.325950145721435547e+00
3.022730946540832520e-01 1.334552288055419922e+00
2.739716172218322754e-01 1.399032950401306152e+00
1.496428251266479492e-01 1.232843041419982910e+00
3.346924185752868652e-01 1.057891130447387695e+00
5.624760985374450684e-01 9.279230237007141113e-01
7.045682072639465332e-01 8.219732046127319336e-01
7.492855787277221680e-01 5.979543328285217285e-01
5.531976222991943359e-01 3.911521732807159424e-01
7.151809930801391602e-01 2.195309251546859741e-01
5.937682986259460449e-01 1.938383579254150391e-01
7.176745533943176270e-01 5.052554011344909668e-01
3.624459207057952881e-01 6.057997345924377441e-01
1.647811532020568848e-01 4.919073283672332764e-01
-1.223022211343050003e-02 6.435329318046569824e-01
1.120027899742126465e-01 2.780653238296508789e-01
2.249474823474884033e-01 3.460451960563659668e-01
2.560508251190185547e-01 2.980612516403198242e-01
8.300007581710815430e-01 -5.699375271797180176e-01
8.270180821418762207e-01 -5.561506152153015137e-01
9.289146661758422852e-01 -4.982179701328277588e-01
7.769087553024291992e-01 -2.888451218605041504e-01
4.125832021236419678e-01 -2.572948336601257324e-01
7.182549834251403809e-01 -9.039821475744247437e-02
6.999565958976745605e-01 2.555739283561706543e-01
6.449579000473022461e-01 -6.092072650790214539e-02
4.223711192607879639e-01 -6.926278024911880493e-02
5.429810881614685059e-01 -4.127519428730010986e-01
4.801815152168273926e-01 -6.312510967254638672e-01
7.860587835311889648e-01 -1.024855375289916992e+00
7.804448604583740234e-01 -9.858023524284362793e-01
9.156530499458312988e-01 -9.453552365303039551e-01
1.047138214111328125e+00 -1.098040223121643066e+00
9.674432873725891113e-01 -1.106638312339782715e+00
9.610261917114257812e-01 -1.210650324821472168e+00
7.853694558143615723e-01 -1.134036898612976074e+00
7.384496927261352539e-01 -1.462393760681152344e+00
6.321988105773925781e-01 -1.418545126914978027e+00
6.196467280387878418e-01 -1.520695686340332031e+00
7.702018618583679199e-01 -1.760051608085632324e+00
9.545860886573791504e-01 -1.865114092826843262e+00
8.884004950523376465e-01 -1.679455280303955078e+00
1.005224347114562988e+00 -1.687302589416503906e+00
1.034931302070617676e+00 -1.336947321891784668e+00
1.234422922134399414e+00 -1.128153920173645020e+00
1.278182506561279297e+00 -1.065867662429809570e+00
1.295462965965270996e+00 -8.640824556350708008e-01
1.572764873504638672e+00 -1.256995677947998047e+00
1.724615097045898438e+00 -1.139655470848083496e+00
1.756433606147766113e+00 -1.202438712120056152e+00
1.884277224540710449e+00 -1.271407365798950195e+00
2.036125421524047852e+00 -1.459492206573486328e+00
1.948323845863342285e+00 -1.486591458320617676e+00
2.093063831329345703e+00 -1.671921968460083008e+00
1.869930028915405273e+00 -1.720927715301513672e+00
2.041578531265258789e+00 -1.784822463989257812e+00
1.954793572425842285e+00 -1.929659724235534668e+00
1.721760630607604980e+00 -2.141296148300170898e+00
2.209756374359130859e+00 -2.010703563690185547e+00
1.913266539573669434e+00 -2.215056896209716797e+00
1.638488054275512695e+00 -2.078647136688232422e+00
1.594826221466064453e+00 -2.169504880905151367e+00
1.708120465278625488e+00 -2.138535261154174805e+00
1.552024006843566895e+00 -2.308957815170288086e+00
1.491369128227233887e+00 -1.907495617866516113e+00
1.879071354866027832e+00 -1.831753253936767578e+00
2.028164148330688477e+00 -1.789975285530090332e+00
2.065140485763549805e+00 -2.057229518890380859e+00
1.698865294456481934e+00 -2.355267047882080078e+00
1.524614453315734863e+00 -2.277742624282836914e+00
1.531496405601501465e+00 -2.504783630371093750e+00
1.700695157051086426e+00 -2.728518247604370117e+00
1.867616295814514160e+00 -2.724969148635864258e+00
2.044939041137695312e+00 -2.624184608459472656e+00
2.360772848129272461e+00 -2.534748077392578125e+00
2.425354480743408203e+00 -2.509173393249511719e+00
2.335652112960815430e+00 -2.760496377944946289e+00
2.491232395172119141e+00 -2.806243181228637695e+00
2.509026527404785156e+00 -2.604135513305664062e+00
2.365870952606201172e+00 -2.485332965850830078e+00
2.551319360733032227e+00 -2.612152814865112305e+00
2.740776777267456055e+00 -2.450498819351196289e+00
2.772070169448852539e+00 -2.579920291900634766e+00
2.752034664154052734e+00 -2.702256917953491211e+00
2.794572353363037109e+00 -1.938121676445007324e+00
2.601528406143188477e+00 -1.833120703697204590e+00
2.488505601882934570e+00 -1.601537466049194336e+00
2.555582046508789062e+00 -1.587679624557495117e+00
3.099647045135498047e+00 -1.550602316856384277e+00
3.258535861968994141e+00 -1.470469594001770020e+00
3.413770437240600586e+00 -1.461015701293945312e+00
3.491215944290161133e+00 -1.876285433769226074e+00
3.378421068191528320e+00 -2.267169475555419922e+00
3.353285551071166992e+00 -2.392442703247070312e+00
3.096539974212646484e+00 -2.614939928054809570e+00
3.029029607772827148e+00 -2.681939363479614258e+00
2.969935178756713867e+00 -2.883960962295532227e+00
3.065203666687011719e+00 -2.869776487350463867e+00
3.077506065368652344e+00 -2.815515279769897461e+00
3.214365243911743164e+00 -2.638359546661376953e+00
3.532897233963012695e+00 -2.401875495910644531e+00
3.735013484954833984e+00 -2.137720108032226562e+00
3.704729557037353516e+00 -2.010147333145141602e+00
3.844908714294433594e+00 -1.969212055206298828e+00
3.863278150558471680e+00 -1.861069560050964355e+00
3.858831405639648438e+00 -1.733109354972839355e+00
3.965484619140625000e+00 -1.755121469497680664e+00
4.077738761901855469e+00 -1.593925476074218750e+00
4.097323894500732422e+00 -1.625638604164123535e+00
4.205863475799560547e+00 -1.541750431060791016e+00
4.112765312194824219e+00 -1.247558593750000000e+00
4.287900924682617188e+00 -1.419480562210083008e+00
4.427590847015380859e+00 -1.168515086174011230e+00
4.369946479797363281e+00 -1.137643814086914062e+00
4.551985263824462891e+00 -1.025975942611694336e+00
4.474338531494140625e+00 -9.354282617568969727e-01
4.757996082305908203e+00 -1.236106157302856445e+00
4.734305858612060547e+00 -1.283948302268981934e+00
4.541094779968261719e+00 -1.158370971679687500e+00
4.648627758026123047e+00 -1.030681371688842773e+00
4.597575187683105469e+00 -8.289060592651367188e-01
4.593043327331542969e+00 -8.297340869903564453e-01
4.840753078460693359e+00 -5.028781294822692871e-01
4.898459911346435547e+00 -4.551701247692108154e-01
4.998543739318847656e+00 -1.275417655706405640e-01
5.189161777496337891e+00 -3.022943139076232910e-01
5.047364234924316406e+00 -3.052783906459808350e-01
5.088909626007080078e+00 -2.555540502071380615e-01
5.175721645355224609e+00 -9.218300133943557739e-02
5.369195461273193359e+00 -1.104537099599838257e-01
5.319496631622314453e+00 4.903521761298179626e-02
5.390519142150878906e+00 1.060903146862983704e-01
5.186319828033447266e+00 2.122594267129898071e-01
5.479408740997314453e+00 3.183732628822326660e-01
5.651972770690917969e+00 3.421031534671783447e-01
5.799748420715332031e+00 3.776832520961761475e-01
5.852264881134033203e+00 5.611303448677062988e-01
5.933889865875244141e+00 5.270113945007324219e-01
5.777401447296142578e+00 6.870840787887573242e-01
5.658869266510009766e+00 5.927181839942932129e-01
5.647689342498779297e+00 6.972470283508300781e-01
5.440213203430175781e+00 8.665242195129394531e-01
5.609795570373535156e+00 7.509028911590576172e-01
5.353039741516113281e+00 1.045865297317504883e+00
5.334423542022705078e+00 9.532105922698974609e-01
5.413454532623291016e+00 1.040676236152648926e+00
5.265349388122558594e+00 7.804617881774902344e-01
5.078297615051269531e+00 6.906414628028869629e-01
5.424741744995117188e+00 8.804524540901184082e-01
5.560769557952880859e+00 6.051430106163024902e-01
5.577722072601318359e+00 9.032893776893615723e-01
5.834320068359375000e+00 1.215832710266113281e+00
5.959038257598876953e+00 1.444663763046264648e+00
5.844424247741699219e+00 1.522787570953369141e+00
6.077986717224121094e+00 1.911573767662048340e+00
6.146123886108398438e+00 2.131478071212768555e+00
6.157003879547119141e+00 2.286644935607910156e+00
6.334752559661865234e+00 2.330196619033813477e+00
6.409999847412109375e+00 2.484822988510131836e+00
6.469010829925537109e+00 2.259934663772583008e+00
6.723490715026855469e+00 2.327264308929443359e+00
6.687033176422119141e+00 2.154080152511596680e+00
6.898538112640380859e+00 1.990164875984191895e+00
6.635103225708007812e+00 1.818863511085510254e+00
6.666735649108886719e+00 1.998138904571533203e+00
6.934057712554931641e+00 1.922372698783874512e+00
7.023795604705810547e+00 2.119735956192016602e+00
6.691859245300292969e+00 2.306170225143432617e+00
7.054843425750732422e+00 2.213997125625610352e+00
6.870565414428710938e+00 2.175286769866943359e+00
6.875027656555175781e+00 2.404109239578247070e+00
6.803394794464111328e+00 2.511698484420776367e+00
6.808281421661376953e+00 2.452713012695312500e+00
6.200149536132812500e+00 2.431480646133422852e+00
6.260606288909912109e+00 2.719537258148193359e+00
6.271971702575683594e+00 2.847526550292968750e+00
6.333896636962890625e+00 2.922499895095825195e+00
6.211897373199462891e+00 3.085666418075561523e+00
6.007143974304199219e+00 2.878202915191650391e+00
6.069821357727050781e+00 2.939899444580078125e+00
5.996543884277343750e+00 3.097486019134521484e+00
5.991349220275878906e+00 3.034403562545776367e+00
6.062366485595703125e+00 3.076269388198852539e+00
6.201178550720214844e+00 3.316177129745483398e+00
6.447061061859130859e+00 3.227382183074951172e+00
6.302556991577148438e+00 3.323339700698852539e+00
6.442633628845214844e+00 3.326834678649902344e+00
6.604718208312988281e+00 3.505273818969726562e+00
6.414460659027099609e+00 3.522870302200317383e+00
6.399644851684570312e+00 3.557324171066284180e+00
6.148844718933105469e+00 3.624962806701660156e+00
5.929804801940917969e+00 3.678739070892333984e+00
6.230547904968261719e+00 3.721979141235351562e+00
6.012672901153564453e+00 3.861276865005493164e+00
5.612597465515136719e+00 3.600645542144775391e+00
5.604867458343505859e+00 3.578438520431518555e+00
5.362082958221435547e+00 3.523724317550659180e+00
5.513479709625244141e+00 3.580268621444702148e+00
5.286018371582031250e+00 3.661560535430908203e+00
5.173026084899902344e+00 3.703789710998535156e+00
4.963347434997558594e+00 3.845963716506958008e+00
5.131847381591796875e+00 3.888638734817504883e+00
5.236453056335449219e+00 3.825523376464843750e+00
5.232985973358154297e+00 4.103372573852539062e+00
4.940783977508544922e+00 4.264448165893554688e+00
4.856703281402587891e+00 4.175920009613037109e+00
4.855084896087646484e+00 4.258478641510009766e+00
4.890815734863281250e+00 4.422365188598632812e+00
4.727258682250976562e+00 4.572947502136230469e+00
4.650794029235839844e+00 4.545352935791015625e+00
4.640634059906005859e+00 4.425619602203369141e+00
4.510545253753662109e+00 4.559420585632324219e+00
4.484540462493896484e+00 4.476356029510498047e+00
4.572924137115478516e+00 4.150555610656738281e+00
4.472333908081054688e+00 4.178089141845703125e+00
4.465754985809326172e+00 3.979916810989379883e+00
4.277212619781494141e+00 3.778777837753295898e+00
4.162588119506835938e+00 3.542633056640625000e+00
4.061579227447509766e+00 3.571563720703125000e+00
4.203829765319824219e+00 3.413560867309570312e+00
4.083469390869140625e+00 3.293897867202758789e+00
3.985755920410156250e+00 3.222755432128906250e+00
3.888863086700439453e+00 3.279433488845825195e+00
3.775566577911376953e+00 3.320433616638183594e+00
3.790249824523925781e+00 3.296247243881225586e+00
3.614427328109741211e+00 3.593387365341186523e+00
3.619708061218261719e+00 3.617439985275268555e+00
3.401284694671630859e+00 4.158823013305664062e+00
3.284436464309692383e+00 4.186462402343750000e+00
3.113694906234741211e+00 4.233199596405029297e+00
3.130409002304077148e+00 4.152110099792480469e+00
3.103578329086303711e+00 4.025648593902587891e+00
2.982178449630737305e+00 3.884389638900756836e+00
2.708248853683471680e+00 4.078056335449218750e+00
3.071938753128051758e+00 4.062105178833007812e+00
2.896029710769653320e+00 3.968113183975219727e+00
2.938685655593872070e+00 3.972473144531250000e+00
2.699362754821777344e+00 3.788354635238647461e+00
2.925485372543334961e+00 3.736184120178222656e+00
2.688352346420288086e+00 3.617403507232666016e+00
3.075506925582885742e+00 3.419655561447143555e+00
2.917509555816650391e+00 3.409678459167480469e+00
3.126470088958740234e+00 3.103903532028198242e+00
3.067803859710693359e+00 3.185652017593383789e+00
3.042274236679077148e+00 3.111392021179199219e+00
2.958601474761962891e+00 2.852994441986083984e+00
3.113450765609741211e+00 2.955573558807373047e+00
2.811786651611328125e+00 2.919132232666015625e+00
3.119381427764892578e+00 2.571577548980712891e+00
3.210025787353515625e+00 2.374997377395629883e+00
3.274866104125976562e+00 2.349982261657714844e+00
-8.434063941240310669e-02 1.593829059600830078e+01
-1.544811129570007324e-01 1.566247177124023438e+01
8.136739730834960938e+00 -2.540558576583862305e+00
8.467520713806152344e+00 -2.795469999313354492e+00
8.446650505065917969e+00 -2.910866737365722656e+00
8.441803932189941406e+00 -3.063748598098754883e+00
8.718044281005859375e+00 -3.130942583084106445e+00
8.834413528442382812e+00 -3.339918613433837891e+00
9.059531211853027344e+00 -3.403038263320922852e+00
9.103147506713867188e+00 -3.178715705871582031e+00
9.296329498291015625e+00 -3.047485828399658203e+00
9.328195571899414062e+00 -3.198529720306396484e+00
9.230488777160644531e+00 -2.832993745803833008e+00
9.317452430725097656e+00 -2.896152019500732422e+00
9.528648376464843750e+00 -2.985615015029907227e+00
9.948109626770019531e+00 -2.962780952453613281e+00
9.730699539184570312e+00 -2.953530073165893555e+00
9.767163276672363281e+00 -2.874137639999389648e+00
9.769367218017578125e+00 -2.976234912872314453e+00
9.789655685424804688e+00 -3.268070220947265625e+00
1.000387859344482422e+01 -3.150378227233886719e+00
9.994777679443359375e+00 -3.179592847824096680e+00
9.864207267761230469e+00 -3.469965457916259766e+00
9.923157691955566406e+00 -3.664577007293701172e+00
9.843883514404296875e+00 -3.634307861328125000e+00
9.975277900695800781e+00 -4.031921386718750000e+00
9.878911972045898438e+00 -3.867322206497192383e+00
9.639309883117675781e+00 -3.871802091598510742e+00
9.448836326599121094e+00 -3.961803197860717773e+00
9.674581527709960938e+00 -4.048773288726806641e+00
9.518258094787597656e+00 -4.236648559570312500e+00
9.714612960815429688e+00 -4.156749725341796875e+00
9.872925758361816406e+00 -4.523033618927001953e+00
1.012431335449218750e+01 -4.612894535064697266e+00
1.006399440765380859e+01 -4.706419467926025391e+00
1.022731113433837891e+01 -4.831564426422119141e+00
1.013818264007568359e+01 -4.936479091644287109e+00
9.902195930480957031e+00 -4.843341827392578125e+00
1.001389789581298828e+01 -5.054613590240478516e+00
1.010865688323974609e+01 -5.243644237518310547e+00
1.029037284851074219e+01 -5.746522426605224609e+00
1.047008132934570312e+01 -5.877997875213623047e+00
1.051148509979248047e+01 -6.133256912231445312e+00
1.058161067962646484e+01 -6.052233695983886719e+00
1.057032394409179688e+01 -6.153925895690917969e+00
1.064940738677978516e+01 -6.092683315277099609e+00
1.080322170257568359e+01 -6.103197097778320312e+00
1.123168182373046875e+01 -5.368124008178710938e+00
1.118863201141357422e+01 -5.169852733612060547e+00
1.128934574127197266e+01 -5.179147243499755859e+00
1.143288516998291016e+01 -5.133099079132080078e+00
1.157602787017822266e+01 -5.281036376953125000e+00
1.159062385559082031e+01 -5.282906532287597656e+00
1.168770122528076172e+01 -5.138942241668701172e+00
1.150422573089599609e+01 -5.209773063659667969e+00
1.146903800964355469e+01 -5.144329071044921875e+00
1.158698558807373047e+01 -5.445902824401855469e+00
1.137230777740478516e+01 -5.638776302337646484e+00
1.117504978179931641e+01 -5.965023040771484375e+00
1.125789833068847656e+01 -6.254617691040039062e+00
1.111780929565429688e+01 -6.128636837005615234e+00
1.118807506561279297e+01 -6.490601062774658203e+00
1.100602912902832031e+01 -6.342998981475830078e+00
1.117634963989257812e+01 -6.519293785095214844e+00
1.092695236206054688e+01 -6.637727737426757812e+00
1.082223510742187500e+01 -6.571486949920654297e+00
1.052589321136474609e+01 -6.373692512512207031e+00
1.056521129608154297e+01 -6.483886241912841797e+00
1.062303256988525391e+01 -6.716734886169433594e+00
1.050940132141113281e+01 -6.700716018676757812e+00
1.065917110443115234e+01 -6.850841999053955078e+00
1.064049720764160156e+01 -6.788943767547607422e+00
1.079477405548095703e+01 -7.011840820312500000e+00
1.088596916198730469e+01 -7.182536125183105469e+00
1.117208290100097656e+01 -7.792654037475585938e+00
1.124608039855957031e+01 -7.541654109954833984e+00
1.121438026428222656e+01 -7.636705398559570312e+00
1.127969551086425781e+01 -7.865989208221435547e+00
1.159808826446533203e+01 -7.648700714111328125e+00
1.181664848327636719e+01 -7.490589618682861328e+00
1.166847133636474609e+01 -7.495063304901123047e+00
1.160405158996582031e+01 -7.518442153930664062e+00
1.166057491302490234e+01 -7.645040512084960938e+00
1.140474128723144531e+01 -7.753803730010986328e+00
1.156153869628906250e+01 -7.784825325012207031e+00
1.145134353637695312e+01 -8.163339614868164062e+00
1.163526248931884766e+01 -8.111152648925781250e+00
1.155235576629638672e+01 -8.617063522338867188e+00
1.161387252807617188e+01 -8.432022094726562500e+00
1.183378982543945312e+01 -8.412482261657714844e+00
1.184138011932373047e+01 -8.331695556640625000e+00
1.170491981506347656e+01 -8.353411674499511719e+00
1.154899024963378906e+01 -8.353836059570312500e+00
1.175001811981201172e+01 -8.464362144470214844e+00
1.178653335571289062e+01 -8.760539054870605469e+00
1.179034996032714844e+01 -8.758634567260742188e+00
1.199808216094970703e+01 -8.844776153564453125e+00
1.197468948364257812e+01 -8.988527297973632812e+00
1.146429538726806641e+01 -8.793224334716796875e+00
1.150637912750244141e+01 -8.822259902954101562e+00
1.129325103759765625e+01 -8.708793640136718750e+00
1.148046493530273438e+01 -8.905181884765625000e+00
1.146108150482177734e+01 -9.257634162902832031e+00
1.167063426971435547e+01 -9.285827636718750000e+00
1.175365161895751953e+01 -9.317126274108886719e+00
1.158166217803955078e+01 -9.544209480285644531e+00
1.183405017852783203e+01 -9.426719665527343750e+00
1.194997596740722656e+01 -9.676583290100097656e+00
1.191317272186279297e+01 -9.616592407226562500e+00
1.216246223449707031e+01 -9.539597511291503906e+00
1.215747547149658203e+01 -9.351692199707031250e+00
1.220165729522705078e+01 -9.617914199829101562e+00
1.218026638031005859e+01 -9.597852706909179688e+00
1.238178253173828125e+01 -9.532525062561035156e+00
1.257343673706054688e+01 -9.734642028808593750e+00
1.253975868225097656e+01 -9.918560981750488281e+00
1.279549312591552734e+01 -1.007243728637695312e+01
1.256253623962402344e+01 -9.938218116760253906e+00
1.237652301788330078e+01 -1.012083244323730469e+01
1.214011287689208984e+01 -1.027784538269042969e+01
1.205698204040527344e+01 -1.043441963195800781e+01
1.153709125518798828e+01 -1.058188152313232422e+01
1.135998249053955078e+01 -1.059387874603271484e+01
1.142504978179931641e+01 -1.073242473602294922e+01
1.161066341400146484e+01 -1.065962028503417969e+01
1.173487472534179688e+01 -1.109776782989501953e+01
1.187516975402832031e+01 -1.121347141265869141e+01
1.201718997955322266e+01 -1.140133094787597656e+01
1.204513263702392578e+01 -1.125062942504882812e+01
1.205940914154052734e+01 -1.161665630340576172e+01
1.196813964843750000e+01 -1.190624904632568359e+01
1.161438274383544922e+01 -1.222262001037597656e+01
1.170777702331542969e+01 -1.231859683990478516e+01
1.118938827514648438e+01 -6.599957942962646484e+00
1.142427062988281250e+01 -6.502935409545898438e+00
1.141061115264892578e+01 -6.332285881042480469e+00
1.156047725677490234e+01 -6.439755439758300781e+00
1.125727462768554688e+01 -6.429065704345703125e+00
6.451074123382568359e+00 1.424452400207519531e+01
6.342057704925537109e+00 1.432307910919189453e+01
6.110263824462890625e+00 1.418515682220458984e+01
5.963571548461914062e+00 1.411190986633300781e+01
6.178630352020263672e+00 1.381635284423828125e+01
6.194561004638671875e+00 1.399129009246826172e+01
6.086685657501220703e+00 1.385003852844238281e+01
5.606605529785156250e+00 1.429635429382324219e+01
5.700202465057373047e+00 1.424747467041015625e+01
5.896945953369140625e+00 1.435628128051757812e+01
5.678126811981201172e+00 1.457502365112304688e+01
5.763896942138671875e+00 1.443773078918457031e+01
6.139006614685058594e+00 1.433633518218994141e+01
5.919612884521484375e+00 1.445661354064941406e+01
6.282905578613281250e+00 1.456966209411621094e+01
6.309544086456298828e+00 1.470040035247802734e+01
6.396778583526611328e+00 1.465608501434326172e+01
6.100126743316650391e+00 1.468985176086425781e+01
6.218054771423339844e+00 1.490922546386718750e+01
6.089005470275878906e+00 1.496931457519531250e+01
5.713818550109863281e+00 1.529854202270507812e+01
5.895514011383056641e+00 1.558175849914550781e+01
5.951873779296875000e+00 1.550570106506347656e+01
5.942494869232177734e+00 1.534145927429199219e+01
5.969133377075195312e+00 1.528638076782226562e+01
5.860630989074707031e+00 1.510292911529541016e+01
5.602602958679199219e+00 1.526397991180419922e+01
5.690507888793945312e+00 1.519619560241699219e+01
5.681056022644042969e+00 1.511364841461181641e+01
5.476520538330078125e+00 1.542258167266845703e+01
5.302987098693847656e+00 1.543222904205322266e+01
5.275701522827148438e+00 1.560762882232666016e+01
5.500724792480468750e+00 1.564312553405761719e+01
5.373221874237060547e+00 1.567456436157226562e+01
5.449907302856445312e+00 1.582563877105712891e+01
5.450705528259277344e+00 1.609246063232421875e+01
5.660261631011962891e+00 1.591247367858886719e+01
5.395018100738525391e+00 1.590948486328125000e+01
5.557412147521972656e+00 1.604378318786621094e+01
5.536461353302001953e+00 1.613060379028320312e+01
5.638520717620849609e+00 1.618540954589843750e+01
5.710186481475830078e+00 1.630747795104980469e+01
5.725176811218261719e+00 1.615424919128417969e+01
5.391694068908691406e+00 1.599516868591308594e+01
5.300115585327148438e+00 1.651634407043457031e+01
5.065361499786376953e+00 1.644389343261718750e+01
4.928001880645751953e+00 1.656370544433593750e+01
4.804511070251464844e+00 1.643831443786621094e+01
4.795009136199951172e+00 1.667239189147949219e+01
4.797516345977783203e+00 1.678569221496582031e+01
4.642683029174804688e+00 1.664902687072753906e+01
4.645753383636474609e+00 1.687587738037109375e+01
4.446775436401367188e+00 1.684600830078125000e+01
4.443347930908203125e+00 1.652386665344238281e+01
4.310183525085449219e+00 1.680108070373535156e+01
4.397209167480468750e+00 1.682001113891601562e+01
4.311709880828857422e+00 1.692037963867187500e+01
4.231144905090332031e+00 1.717125892639160156e+01
4.132209777832031250e+00 1.711902236938476562e+01
4.062887668609619141e+00 1.723430061340332031e+01
3.992794036865234375e+00 1.742869377136230469e+01
3.894481658935546875e+00 1.746105575561523438e+01
3.846315622329711914e+00 1.768655967712402344e+01
3.890395402908325195e+00 1.775296401977539062e+01
4.282269477844238281e+00 1.783067703247070312e+01
4.381814479827880859e+00 1.801170539855957031e+01
4.125089645385742188e+00 1.796160697937011719e+01
4.498349666595458984e+00 1.779457664489746094e+01
4.307347774505615234e+00 1.783623123168945312e+01
4.289984703063964844e+00 1.814529418945312500e+01
4.432358264923095703e+00 1.804651641845703125e+01
4.283459186553955078e+00 1.809477043151855469e+01
4.171172618865966797e+00 1.822068786621093750e+01
3.905477523803710938e+00 1.813733673095703125e+01
3.573124408721923828e+00 1.849868774414062500e+01
3.619638681411743164e+00 1.860688972473144531e+01
4.129092216491699219e+00 1.864277076721191406e+01
3.839813232421875000e+00 1.853288459777832031e+01
3.818852663040161133e+00 1.857250404357910156e+01
3.436264276504516602e+00 1.850084114074707031e+01
3.505451917648315430e+00 1.827918434143066406e+01
1.180808925628662109e+01 -1.235311412811279297e+01
1.174965476989746094e+01 -1.221357536315917969e+01
1.156761550903320312e+01 -1.195198440551757812e+01
1.155908489227294922e+01 -1.164399528503417969e+01
1.149080657958984375e+01 -1.176461601257324219e+01
1.143945407867431641e+01 -1.181650829315185547e+01
1.123791122436523438e+01 -1.187217521667480469e+01
1.113393878936767578e+01 -1.187634563446044922e+01
1.091497516632080078e+01 -1.168193912506103516e+01
1.095718955993652344e+01 -1.157654857635498047e+01
1.116900539398193359e+01 -1.159753799438476562e+01
1.140999984741210938e+01 -1.153606986999511719e+01
1.165698051452636719e+01 -1.158181571960449219e+01
1.130116367340087891e+01 -1.123903560638427734e+01
1.134818363189697266e+01 -1.100648212432861328e+01
1.094558811187744141e+01 -1.099451732635498047e+01
1.086234664916992188e+01 -1.098183536529541016e+01
1.074319267272949219e+01 -1.080613422393798828e+01
1.062753963470458984e+01 -1.090508937835693359e+01
1.041339588165283203e+01 -1.103884983062744141e+01
1.014207935333251953e+01 -1.109986495971679688e+01
1.017273235321044922e+01 -1.084458732604980469e+01
1.012277126312255859e+01 -1.109330654144287109e+01
1.002898025512695312e+01 -1.131293582916259766e+01
1.014197349548339844e+01 -1.102516651153564453e+01
1.029654216766357422e+01 -1.130350971221923828e+01
1.002081489562988281e+01 -1.127976894378662109e+01
1.014754199981689453e+01 -1.146467113494873047e+01
1.020009326934814453e+01 -1.151235103607177734e+01
1.015341567993164062e+01 -1.161240959167480469e+01
9.973850250244140625e+00 -1.154823398590087891e+01
9.619432449340820312e+00 -1.151677322387695312e+01
9.430377960205078125e+00 -1.138141059875488281e+01
9.307724952697753906e+00 -1.129243183135986328e+01
9.035505294799804688e+00 -1.174030399322509766e+01
8.810042381286621094e+00 -1.157876968383789062e+01
8.742542266845703125e+00 -1.171988010406494141e+01
8.547285079956054688e+00 -1.165192127227783203e+01
8.534966468811035156e+00 -1.178152179718017578e+01
8.660980224609375000e+00 -1.156751346588134766e+01
8.283158302307128906e+00 -1.161337947845458984e+01
8.175686836242675781e+00 -1.177932834625244141e+01
8.250687599182128906e+00 -1.148736000061035156e+01
8.146609306335449219e+00 -1.169457721710205078e+01
8.360429763793945312e+00 -1.169818782806396484e+01
8.394752502441406250e+00 -1.126406288146972656e+01
8.763107299804687500e+00 -1.110933113098144531e+01
8.813076019287109375e+00 -1.111977005004882812e+01
8.881113052368164062e+00 -1.136572360992431641e+01
8.899632453918457031e+00 -1.100185585021972656e+01
8.946832656860351562e+00 -1.115912151336669922e+01
8.595579147338867188e+00 -1.108900356292724609e+01
8.683896064758300781e+00 -1.136118125915527344e+01
8.680480003356933594e+00 -1.141649913787841797e+01
8.710276603698730469e+00 -1.143846511840820312e+01
9.040369033813476562e+00 -1.157330608367919922e+01
9.209052085876464844e+00 -1.134552192687988281e+01
9.296267509460449219e+00 -1.144153499603271484e+01
9.185071945190429688e+00 -1.136927986145019531e+01
1.167333698272705078e+01 -1.227326011657714844e+01
1.164895248413085938e+01 -1.233465003967285156e+01
1.187169742584228516e+01 -1.189036750793457031e+01
1.209177112579345703e+01 -1.159763908386230469e+01
1.225772571563720703e+01 -1.144591426849365234e+01
1.230695724487304688e+01 -1.124425506591796875e+01
1.256484413146972656e+01 -1.100139904022216797e+01
1.257442760467529297e+01 -1.091120910644531250e+01
1.270701599121093750e+01 -1.079946804046630859e+01
1.275711250305175781e+01 -1.084302902221679688e+01
1.287885856628417969e+01 -1.094601249694824219e+01
1.300154972076416016e+01 -1.096066761016845703e+01
1.312172985076904297e+01 -1.071836948394775391e+01
1.321037006378173828e+01 -1.068656063079833984e+01
1.322400188446044922e+01 -1.068340396881103516e+01
1.344447231292724609e+01 -1.077470970153808594e+01
1.333321285247802734e+01 -1.070028495788574219e+01
1.362732887268066406e+01 -1.082605266571044922e+01
1.373088169097900391e+01 -1.098837184906005859e+01
1.380156040191650391e+01 -1.114281368255615234e+01
1.398056983947753906e+01 -1.121897220611572266e+01
1.394065856933593750e+01 -1.128185653686523438e+01
1.404900074005126953e+01 -1.127302360534667969e+01
1.384958648681640625e+01 -1.115328884124755859e+01
1.344837474822998047e+01 -1.129483127593994141e+01
1.306090736389160156e+01 -1.144975090026855469e+01
1.324322891235351562e+01 -1.144840717315673828e+01
1.263787269592285156e+01 -1.148390960693359375e+01
1.289635658264160156e+01 -1.163934898376464844e+01
1.302120399475097656e+01 -1.161089420318603516e+01
1.323857116699218750e+01 -1.183806896209716797e+01
1.332646083831787109e+01 -1.202632904052734375e+01
1.339457988739013672e+01 -1.197132778167724609e+01
1.372655963897705078e+01 -1.192430400848388672e+01
1.381550502777099609e+01 -1.209484577178955078e+01
1.394021511077880859e+01 -1.205101966857910156e+01
1.399923133850097656e+01 -1.182878875732421875e+01
1.406722164154052734e+01 -1.175990104675292969e+01
1.450818538665771484e+01 -1.172390842437744141e+01
1.453018188476562500e+01 -1.150464439392089844e+01
1.471425056457519531e+01 -1.192843437194824219e+01
1.452239990234375000e+01 -1.156597900390625000e+01
1.443620681762695312e+01 -1.159922599792480469e+01
1.438746643066406250e+01 -1.176360321044921875e+01
1.421714115142822266e+01 -1.194701766967773438e+01
1.447278690338134766e+01 -1.211014366149902344e+01
1.455373764038085938e+01 -1.221368694305419922e+01
1.459640884399414062e+01 -1.226988029479980469e+01
1.471516799926757812e+01 -1.222033882141113281e+01
1.488154029846191406e+01 -1.210608291625976562e+01
1.490888977050781250e+01 -1.193022918701171875e+01
1.515495014190673828e+01 -1.197792816162109375e+01
1.508085918426513672e+01 -1.165961074829101562e+01
1.490787887573242188e+01 -1.176981353759765625e+01
1.518580150604248047e+01 -1.178909683227539062e+01
1.530898094177246094e+01 -1.172296142578125000e+01
1.542657184600830078e+01 -1.163246822357177734e+01
1.546628475189208984e+01 -1.166705703735351562e+01
1.571218776702880859e+01 -1.143144989013671875e+01
1.556419944763183594e+01 -1.147817420959472656e+01
1.524942398071289062e+01 -1.129390335083007812e+01
1.538183689117431641e+01 -1.128524208068847656e+01
1.546188449859619141e+01 -1.115383720397949219e+01
1.536478805541992188e+01 -1.131997013092041016e+01
1.514620494842529297e+01 -1.121952438354492188e+01
1.528273963928222656e+01 -1.114856433868408203e+01
1.508372211456298828e+01 -1.124751758575439453e+01
1.504402828216552734e+01 -1.146782016754150391e+01
1.508927822113037109e+01 -1.128938102722167969e+01
3.426908493041992188e+00 1.839299392700195312e+01
3.252451658248901367e+00 1.809930229187011719e+01
3.342735528945922852e+00 1.787258529663085938e+01
3.176994323730468750e+00 1.769198608398437500e+01
3.007707118988037109e+00 1.766727256774902344e+01
2.696494102478027344e+00 1.777372550964355469e+01
2.904322624206542969e+00 1.765756607055664062e+01
2.791799068450927734e+00 1.797277832031250000e+01
2.953570604324340820e+00 1.812425994873046875e+01
3.005895614624023438e+00 1.837041854858398438e+01
2.951083421707153320e+00 1.828759956359863281e+01
2.815055370330810547e+00 1.867914581298828125e+01
3.096229553222656250e+00 1.872998428344726562e+01
2.962496519088745117e+00 1.889089584350585938e+01
2.445633649826049805e+00 1.954071235656738281e+01
2.193558216094970703e+00 1.939878273010253906e+01
2.044425249099731445e+00 1.969095802307128906e+01
2.127813100814819336e+00 1.955432701110839844e+01
2.154700756072998047e+00 1.979509925842285156e+01
2.406099557876586914e+00 1.998655700683593750e+01
2.306638002395629883e+00 1.968054580688476562e+01
2.302696943283081055e+00 1.941430854797363281e+01
2.381817340850830078e+00 1.922233581542968750e+01
2.491787195205688477e+00 1.906518936157226562e+01
2.527440309524536133e+00 1.923882675170898438e+01
2.728085756301879883e+00 1.934388351440429688e+01
2.641649723052978516e+00 1.926317405700683594e+01
3.014472961425781250e+00 1.947128295898437500e+01
3.133650302886962891e+00 1.956363487243652344e+01
3.107338428497314453e+00 1.944709014892578125e+01
3.152626037597656250e+00 1.921837615966796875e+01
3.162735700607299805e+00 1.939674758911132812e+01
3.335016727447509766e+00 1.934193038940429688e+01
3.346108675003051758e+00 1.959783554077148438e+01
3.151162862777709961e+00 2.015070343017578125e+01
3.459201812744140625e+00 2.024956703186035156e+01
3.423228025436401367e+00 2.033714294433593750e+01
3.515169143676757812e+00 2.014326095581054688e+01
3.624395370483398438e+00 2.011457633972167969e+01
3.582486152648925781e+00 2.018597412109375000e+01
3.298264265060424805e+00 2.028316879272460938e+01
3.398137807846069336e+00 2.064405441284179688e+01
2.892464876174926758e+00 2.073870468139648438e+01
2.836608648300170898e+00 2.073388099670410156e+01
2.778202295303344727e+00 2.084803962707519531e+01
3.034270286560058594e+00 2.113027191162109375e+01
2.889533042907714844e+00 2.105434226989746094e+01
2.688635349273681641e+00 2.121208000183105469e+01
2.879596233367919922e+00 2.109802627563476562e+01
3.055907011032104492e+00 2.123892211914062500e+01
2.717713117599487305e+00 2.127102470397949219e+01
2.707290172576904297e+00 2.149541091918945312e+01
2.955916404724121094e+00 2.159330368041992188e+01
2.896019697189331055e+00 2.171528434753417969e+01
2.879970073699951172e+00 2.161416053771972656e+01
3.112976312637329102e+00 2.152723312377929688e+01
3.075880765914916992e+00 2.154378700256347656e+01
3.275502204895019531e+00 2.168183135986328125e+01
3.397910594940185547e+00 2.145164871215820312e+01
3.629430770874023438e+00 2.131105613708496094e+01
3.563967227935791016e+00 2.144427871704101562e+01
3.693452119827270508e+00 2.129132461547851562e+01
3.561959266662597656e+00 2.130024528503417969e+01
3.507084131240844727e+00 2.114050865173339844e+01
3.460693359375000000e+00 2.123237991333007812e+01
3.365453481674194336e+00 2.102673339843750000e+01
3.588956117630004883e+00 2.082896232604980469e+01
3.468882560729980469e+00 2.093634605407714844e+01
3.537233591079711914e+00 2.075333213806152344e+01
3.650328159332275391e+00 2.082780075073242188e+01
3.618155002593994141e+00 2.079868125915527344e+01
3.557710647583007812e+00 1.824353027343750000e+01
3.383864879608154297e+00 1.809251403808593750e+01
3.223340749740600586e+00 1.805983352661132812e+01
3.251132488250732422e+00 1.852090454101562500e+01
2.822957992553710938e+00 1.824378013610839844e+01
2.840234041213989258e+00 1.837299346923828125e+01
2.620690345764160156e+00 1.834377479553222656e+01
2.335635662078857422e+00 1.817054939270019531e+01
2.019480466842651367e+00 1.822585296630859375e+01
1.965171098709106445e+00 1.835436248779296875e+01
2.128711462020874023e+00 1.803310394287109375e+01
2.290161609649658203e+00 1.787749290466308594e+01
2.212461709976196289e+00 1.765160560607910156e+01
1.920114517211914062e+00 1.751551246643066406e+01
1.412942528724670410e+00 1.747948837280273438e+01
1.429881334304809570e+00 1.721323013305664062e+01
1.565027236938476562e+00 1.714561080932617188e+01
1.421434164047241211e+00 1.705411911010742188e+01
1.427614331245422363e+00 1.686183166503906250e+01
1.597846031188964844e+00 1.696578598022460938e+01
1.488163232803344727e+00 1.721168327331542969e+01
1.345667719841003418e+00 1.711268997192382812e+01
1.345289349555969238e+00 1.710766220092773438e+01
1.496156334877014160e+00 1.691417694091796875e+01
1.429388880729675293e+00 1.665531158447265625e+01
1.388804435729980469e+00 1.670018005371093750e+01
1.203793048858642578e+00 1.677817916870117188e+01
1.110877037048339844e+00 1.653460121154785156e+01
1.115069866180419922e+00 1.643140602111816406e+01
8.332088589668273926e-01 1.661593437194824219e+01
8.566380143165588379e-01 1.706396865844726562e+01
7.519166469573974609e-01 1.694154357910156250e+01
8.095876574516296387e-01 1.717237472534179688e+01
6.388549208641052246e-01 1.737166595458984375e+01
5.492902994155883789e-01 1.731287574768066406e+01
6.225202083587646484e-01 1.719661140441894531e+01
5.382819771766662598e-01 1.723990440368652344e+01
4.598339200019836426e-01 1.692279243469238281e+01
4.601357281208038330e-01 1.710906410217285156e+01
5.832242369651794434e-01 1.674282836914062500e+01
9.781293869018554688e-01 1.662822151184082031e+01
9.641176462173461914e-01 1.642075157165527344e+01
7.946110367774963379e-01 1.633118629455566406e+01
7.346841692924499512e-01 1.614105987548828125e+01
5.588645339012145996e-01 1.605475616455078125e+01
5.703430175781250000e-01 1.620816802978515625e+01
3.147104382514953613e-01 1.622257614135742188e+01
2.848173975944519043e-01 1.614745712280273438e+01
-3.519469499588012695e-02 1.596554565429687500e+01
1.139106154441833496e-01 1.595178604125976562e+01
-1.182377897202968597e-02 1.598516368865966797e+01
-3.743158653378486633e-02 1.598124027252197266e+01
2.275160104036331177e-01 1.613453102111816406e+01
3.118201196193695068e-01 1.576658344268798828e+01
5.533605813980102539e-01 1.565249061584472656e+01
3.530149161815643311e-01 1.573904895782470703e+01
2.670926451683044434e-01 1.567296314239501953e+01
2.990160584449768066e-01 1.548762798309326172e+01
2.602433860301971436e-01 1.535261917114257812e+01
4.221532046794891357e-01 1.546268844604492188e+01
4.958180189132690430e-01 1.553481388092041016e+01
6.158905625343322754e-01 1.573617362976074219e+01
1.173609018325805664e+00 1.577108192443847656e+01
1.113543272018432617e+00 1.567608356475830078e+01
1.035703659057617188e+00 1.570673084259033203e+01
1.405085206031799316e+00 1.557591724395751953e+01
1.254277110099792480e+00 1.561734962463378906e+01
1.249294996261596680e+00 1.524209785461425781e+01
1.138514995574951172e+00 1.520319175720214844e+01
1.139059782028198242e+00 1.514639091491699219e+01
1.095916152000427246e+00 1.526286220550537109e+01
9.020583033561706543e-01 1.535208129882812500e+01
9.876286983489990234e-01 1.509071445465087891e+01
8.760526180267333984e-01 1.507611560821533203e+01
8.556045889854431152e-01 1.510692310333251953e+01
8.340730667114257812e-01 1.509107017517089844e+01
8.546544313430786133e-01 1.538323879241943359e+01
