1.352498149871826172e+01 7.716653823852539062e+00
1.309990787506103516e+01 7.215653896331787109e+00
1.275098228454589844e+01 7.176073551177978516e+00
1.262038326263427734e+01 7.181001663208007812e+00
1.227599811553955078e+01 6.473598003387451172e+00
1.256276702880859375e+01 6.505290985107421875e+00
1.232942962646484375e+01 6.303501129150390625e+00
1.187908172607421875e+01 6.327296257019042969e+00
1.170250415802001953e+01 6.132209777832031250e+00
8.491503715515136719e+00 5.062455177307128906e+00
7.939555168151855469e+00 4.586388111114501953e+00
7.747576713562011719e+00 4.429255008697509766e+00
8.030633926391601562e+00 4.426166534423828125e+00
7.416314125061035156e+00 4.846076488494873047e+00
7.874744415283203125e+00 5.015269756317138672e+00
7.728411674499511719e+00 4.937039852142333984e+00
7.479736328125000000e+00 5.289036273956298828e+00
7.595281600952148438e+00 5.213969707489013672e+00
7.518367767333984375e+00 5.089296340942382812e+00
7.209749698638916016e+00 4.963572025299072266e+00
7.551904201507568359e+00 4.673840045928955078e+00
6.958266258239746094e+00 4.552420616149902344e+00
6.955120086669921875e+00 4.456956386566162109e+00
7.315276145935058594e+00 4.807854175567626953e+00
7.091778278350830078e+00 4.474108695983886719e+00
7.191997051239013672e+00 4.229699611663818359e+00
7.571162700653076172e+00 4.192213535308837891e+00
7.577887535095214844e+00 3.807128906250000000e+00
7.310131549835205078e+00 3.701488256454467773e+00
7.360339164733886719e+00 3.921057939529418945e+00
6.719672679901123047e+00 3.740337371826171875e+00
6.850837230682373047e+00 3.518923044204711914e+00
6.802133560180664062e+00 3.424115180969238281e+00
7.124218463897705078e+00 3.216553926467895508e+00
6.991349697113037109e+00 2.959404706954956055e+00
6.727997303009033203e+00 3.309860229492187500e+00
6.833428859710693359e+00 3.319570064544677734e+00
6.631769180297851562e+00 2.908661365509033203e+00
6.655270099639892578e+00 3.072345256805419922e+00
7.007744789123535156e+00 3.010160207748413086e+00
7.267498493194580078e+00 2.655034065246582031e+00
7.399221897125244141e+00 3.317129850387573242e+00
7.663314819335937500e+00 3.134925127029418945e+00
7.683703422546386719e+00 3.000534296035766602e+00
8.021634101867675781e+00 3.166371345520019531e+00
8.084456443786621094e+00 2.884057760238647461e+00
8.131652832031250000e+00 2.918806076049804688e+00
8.402987480163574219e+00 2.980849266052246094e+00
8.682548522949218750e+00 2.834220409393310547e+00
8.505559921264648438e+00 2.757303476333618164e+00
8.756436347961425781e+00 3.126446962356567383e+00
8.668767929077148438e+00 3.430167198181152344e+00
8.969799995422363281e+00 3.584999084472656250e+00
8.748619079589843750e+00 3.768100500106811523e+00
9.127220153808593750e+00 3.380042791366577148e+00
8.865397453308105469e+00 3.068431138992309570e+00
9.271867752075195312e+00 2.800832509994506836e+00
9.509977340698242188e+00 2.889820814132690430e+00
9.491098403930664062e+00 2.465668678283691406e+00
9.514057159423828125e+00 2.878519535064697266e+00
9.563861846923828125e+00 2.019304513931274414e+00
9.669688224792480469e+00 1.991921305656433105e+00
9.934166908264160156e+00 1.964903950691223145e+00
9.857873916625976562e+00 2.081642627716064453e+00
9.841228485107421875e+00 2.641617536544799805e+00
9.968237876892089844e+00 2.175112485885620117e+00
9.458946228027343750e+00 2.325325012207031250e+00
1.025930786132812500e+01 1.979505062103271484e+00
9.692897796630859375e+00 2.285354137420654297e+00
1.045861434936523438e+01 2.326637029647827148e+00
1.036914253234863281e+01 2.707478761672973633e+00
1.011960601806640625e+01 2.904208183288574219e+00
1.018626117706298828e+01 3.010612249374389648e+00
1.044025516510009766e+01 3.086009025573730469e+00
1.003517246246337891e+01 3.413846254348754883e+00
1.005716228485107422e+01 3.032720804214477539e+00
1.045062732696533203e+01 2.658730983734130859e+00
1.065988254547119141e+01 2.280335426330566406e+00
1.036824321746826172e+01 2.228935241699218750e+00
1.024629116058349609e+01 2.325800895690917969e+00
1.049138545989990234e+01 2.411377668380737305e+00
1.046994972229003906e+01 2.559489727020263672e+00
1.038034915924072266e+01 3.436397552490234375e+00
1.080227184295654297e+01 3.531788349151611328e+00
1.050994873046875000e+01 3.645198822021484375e+00
1.059867191314697266e+01 3.928954601287841797e+00
1.037316417694091797e+01 4.270305156707763672e+00
1.023407649993896484e+01 4.165531635284423828e+00
1.008808422088623047e+01 4.091718673706054688e+00
9.859093666076660156e+00 3.776999950408935547e+00
9.613844871520996094e+00 3.802602767944335938e+00
9.703255653381347656e+00 3.991246223449707031e+00
9.292610168457031250e+00 4.171576976776123047e+00
9.668969154357910156e+00 4.371787548065185547e+00
9.604232788085937500e+00 4.377880096435546875e+00
9.392859458923339844e+00 4.502839088439941406e+00
9.340620040893554688e+00 4.952577114105224609e+00
9.240191459655761719e+00 5.179326057434082031e+00
9.591130256652832031e+00 5.215855598449707031e+00
9.750069618225097656e+00 5.333441734313964844e+00
9.823135375976562500e+00 4.997497081756591797e+00
9.917866706848144531e+00 5.427822113037109375e+00
1.025144577026367188e+01 5.391604423522949219e+00
1.024164485931396484e+01 5.755125045776367188e+00
1.006102371215820312e+01 6.009288787841796875e+00
1.027144241333007812e+01 5.598004817962646484e+00
1.003773212432861328e+01 5.779032230377197266e+00
1.010154438018798828e+01 5.800310611724853516e+00
9.988392829895019531e+00 5.961069107055664062e+00
1.036543750762939453e+01 6.261026382446289062e+00
9.957534790039062500e+00 6.127670288085937500e+00
9.614047050476074219e+00 6.270898818969726562e+00
9.449656486511230469e+00 6.125106811523437500e+00
9.306175231933593750e+00 6.052279472351074219e+00
9.474435806274414062e+00 6.083107948303222656e+00
9.223501205444335938e+00 6.214981079101562500e+00
9.265732765197753906e+00 5.902451992034912109e+00
9.510003089904785156e+00 5.653955459594726562e+00
9.139764785766601562e+00 5.796210289001464844e+00
9.199831962585449219e+00 6.070215225219726562e+00
8.983592987060546875e+00 6.679391860961914062e+00
8.732820510864257812e+00 6.444353580474853516e+00
8.728675842285156250e+00 6.469549655914306641e+00
8.884134292602539062e+00 6.801351070404052734e+00
8.792243003845214844e+00 6.956739425659179688e+00
8.761022567749023438e+00 7.234802246093750000e+00
8.696171760559082031e+00 7.406024932861328125e+00
8.527050018310546875e+00 7.270318508148193359e+00
8.220108032226562500e+00 7.881892681121826172e+00
8.197423934936523438e+00 7.944634914398193359e+00
8.309309959411621094e+00 7.694339275360107422e+00
7.721677303314208984e+00 7.220230579376220703e+00
7.565552711486816406e+00 7.067160606384277344e+00
7.498503684997558594e+00 6.897458553314208984e+00
7.427700042724609375e+00 7.192162513732910156e+00
7.780200004577636719e+00 7.133612632751464844e+00
7.779987812042236328e+00 7.524526119232177734e+00
7.625514507293701172e+00 7.324908256530761719e+00
7.608876705169677734e+00 7.616885185241699219e+00
7.054386615753173828e+00 7.163948059082031250e+00
6.712942123413085938e+00 7.296705722808837891e+00
6.840306282043457031e+00 7.315622329711914062e+00
6.750264644622802734e+00 7.416134357452392578e+00
6.896877288818359375e+00 7.546485900878906250e+00
6.568070411682128906e+00 7.516376972198486328e+00
6.727962017059326172e+00 7.863446235656738281e+00
6.716073513031005859e+00 7.736964225769042969e+00
7.074800491333007812e+00 8.136992454528808594e+00
7.100392341613769531e+00 7.929182529449462891e+00
7.308949947357177734e+00 8.281230926513671875e+00
7.384309768676757812e+00 8.323262214660644531e+00
7.185187816619873047e+00 8.323513031005859375e+00
7.135207176208496094e+00 8.341797828674316406e+00
7.088150978088378906e+00 8.336532592773437500e+00
7.580062389373779297e+00 8.188647270202636719e+00
8.173156738281250000e+00 8.106401443481445312e+00
7.745678901672363281e+00 8.261444091796875000e+00
7.669093608856201172e+00 8.744570732116699219e+00
8.041917800903320312e+00 8.823805809020996094e+00
7.815032958984375000e+00 9.068336486816406250e+00
7.659289836883544922e+00 9.085688591003417969e+00
7.477740764617919922e+00 9.370508193969726562e+00
8.071854591369628906e+00 9.533419609069824219e+00
8.444358825683593750e+00 9.382926940917968750e+00
8.133838653564453125e+00 9.751023292541503906e+00
8.328269004821777344e+00 9.306107521057128906e+00
8.750472068786621094e+00 9.174263000488281250e+00
8.333479881286621094e+00 9.167542457580566406e+00
8.150695800781250000e+00 8.829868316650390625e+00
8.129960060119628906e+00 9.095939636230468750e+00
8.588801383972167969e+00 9.470705986022949219e+00
8.167335510253906250e+00 9.611036300659179688e+00
7.891094684600830078e+00 9.482621192932128906e+00
8.261923789978027344e+00 9.715741157531738281e+00
8.645367622375488281e+00 1.011119842529296875e+01
8.519448280334472656e+00 1.022983074188232422e+01
8.626610755920410156e+00 1.032956504821777344e+01
8.257306098937988281e+00 1.045887756347656250e+01
8.393838882446289062e+00 1.047147178649902344e+01
8.273526191711425781e+00 1.080430507659912109e+01
8.613924026489257812e+00 1.084320354461669922e+01
8.498927116394042969e+00 1.079660034179687500e+01
8.995611190795898438e+00 1.132441806793212891e+01
9.261934280395507812e+00 1.104556655883789062e+01
9.561544418334960938e+00 1.098676776885986328e+01
9.227766990661621094e+00 1.113642597198486328e+01
9.478390693664550781e+00 1.174303245544433594e+01
9.026580810546875000e+00 1.180577754974365234e+01
8.931686401367187500e+00 1.145961952209472656e+01
8.945586204528808594e+00 1.127397060394287109e+01
9.273661613464355469e+00 1.113860130310058594e+01
8.666976928710937500e+00 1.162158775329589844e+01
8.750275611877441406e+00 1.175538253784179688e+01
9.221413612365722656e+00 1.163146686553955078e+01
9.831521034240722656e+00 1.191734409332275391e+01
9.569508552551269531e+00 1.201353645324707031e+01
9.220327377319335938e+00 1.220411682128906250e+01
9.411052703857421875e+00 1.229381752014160156e+01
9.526762962341308594e+00 1.211592578887939453e+01
9.063035011291503906e+00 1.230344200134277344e+01
8.825730323791503906e+00 1.223859691619873047e+01
8.927422523498535156e+00 1.254573631286621094e+01
9.155051231384277344e+00 1.201226902008056641e+01
8.720664978027343750e+00 1.162606716156005859e+01
9.139569282531738281e+00 1.129251956939697266e+01
9.519992828369140625e+00 1.068346977233886719e+01
9.502091407775878906e+00 1.075999927520751953e+01
9.565682411193847656e+00 1.094760799407958984e+01
9.972836494445800781e+00 1.079547023773193359e+01
1.004415607452392578e+01 1.137007141113281250e+01
1.010790920257568359e+01 1.120600318908691406e+01
1.050986957550048828e+01 1.097349929809570312e+01
1.035672569274902344e+01 1.134723663330078125e+01
1.033394527435302734e+01 1.069739055633544922e+01
1.068322944641113281e+01 1.087041759490966797e+01
1.126721954345703125e+01 1.120213508605957031e+01
1.140083599090576172e+01 1.127407932281494141e+01
1.109261226654052734e+01 1.166441154479980469e+01
1.081910324096679688e+01 1.086794185638427734e+01
1.079065990447998047e+01 1.143599987030029297e+01
1.113997173309326172e+01 1.143484210968017578e+01
1.088066291809082031e+01 1.114036464691162109e+01
1.104994964599609375e+01 1.136050796508789062e+01
1.139746952056884766e+01 1.116773605346679688e+01
1.135191059112548828e+01 1.109146404266357422e+01
1.150501155853271484e+01 1.102481746673583984e+01
1.154028892517089844e+01 1.049072265625000000e+01
1.197689819335937500e+01 1.021398162841796875e+01
1.216672515869140625e+01 1.044925403594970703e+01
1.215450286865234375e+01 1.058510494232177734e+01
1.229460430145263672e+01 1.064567184448242188e+01
1.221879577636718750e+01 1.058264636993408203e+01
1.181775951385498047e+01 1.035920619964599609e+01
1.192477703094482422e+01 1.068404769897460938e+01
1.161277294158935547e+01 1.011901664733886719e+01
1.163464927673339844e+01 9.699568748474121094e+00
1.187523269653320312e+01 9.819920539855957031e+00
1.184442234039306641e+01 9.641443252563476562e+00
1.144127273559570312e+01 9.370406150817871094e+00
1.136506843566894531e+01 9.129936218261718750e+00
1.148499202728271484e+01 9.692524909973144531e+00
1.126880836486816406e+01 9.499548912048339844e+00
1.161685466766357422e+01 9.729915618896484375e+00
1.185924434661865234e+01 9.970091819763183594e+00
1.218447780609130859e+01 9.513322830200195312e+00
1.242584419250488281e+01 9.845788955688476562e+00
1.260692214965820312e+01 9.506898880004882812e+00
1.287379360198974609e+01 9.693371772766113281e+00
1.318439102172851562e+01 9.924823760986328125e+00
1.291524505615234375e+01 9.903691291809082031e+00
1.279786014556884766e+01 1.002999210357666016e+01
1.299171352386474609e+01 9.538220405578613281e+00
1.254789829254150391e+01 9.375181198120117188e+00
1.226101493835449219e+01 9.099660873413085938e+00
1.209775161743164062e+01 8.830922126770019531e+00
1.180067443847656250e+01 8.691940307617187500e+00
1.134398555755615234e+01 8.769093513488769531e+00
1.144691467285156250e+01 8.391246795654296875e+00
1.139454078674316406e+01 8.097496986389160156e+00
1.155349636077880859e+01 8.235445976257324219e+00
1.154476833343505859e+01 8.147725105285644531e+00
1.172464752197265625e+01 7.639743804931640625e+00
1.130542945861816406e+01 7.818192958831787109e+00
1.143304443359375000e+01 7.964087009429931641e+00
1.190739440917968750e+01 8.134548187255859375e+00
1.214569187164306641e+01 8.395871162414550781e+00
1.179314804077148438e+01 7.955910682678222656e+00
1.200611209869384766e+01 7.716346263885498047e+00
1.197948646545410156e+01 7.591458320617675781e+00
1.251252841949462891e+01 8.199950218200683594e+00
1.259753799438476562e+01 8.114117622375488281e+00
1.266770839691162109e+01 7.948538780212402344e+00
1.250543403625488281e+01 7.861116409301757812e+00
1.284132480621337891e+01 7.940569400787353516e+00
1.281867980957031250e+01 8.321501731872558594e+00
1.304840850830078125e+01 8.312110900878906250e+00
1.315217208862304688e+01 8.700902938842773438e+00
1.311294937133789062e+01 8.760812759399414062e+00
1.325438213348388672e+01 8.720289230346679688e+00
1.365615177154541016e+01 8.687028884887695312e+00
1.361633491516113281e+01 8.809533119201660156e+00
1.339635467529296875e+01 8.573900222778320312e+00
1.347710514068603516e+01 8.186283111572265625e+00
1.359340476989746094e+01 7.908977031707763672e+00
1.397689342498779297e+01 8.321383476257324219e+00
1.361026191711425781e+01 8.005247116088867188e+00
1.374634838104248047e+01 7.981390953063964844e+00
1.339395236968994141e+01 7.801368236541748047e+00
1.331236076354980469e+01 7.399298667907714844e+00
1.309793186187744141e+01 7.349017143249511719e+00
1.040475273132324219e+01 8.405910491943359375e+00
1.043502712249755859e+01 7.919888973236083984e+00
1.088444042205810547e+01 7.493024349212646484e+00
1.135369491577148438e+01 7.056898117065429688e+00
1.168667221069335938e+01 7.032107353210449219e+00
1.205021476745605469e+01 6.951742172241210938e+00
1.221838855743408203e+01 7.128863334655761719e+00
1.252125453948974609e+01 6.955603122711181641e+00
1.290580272674560547e+01 6.636430740356445312e+00
1.307595539093017578e+01 6.687512874603271484e+00
1.303419113159179688e+01 6.389775276184082031e+00
1.321568870544433594e+01 6.144811630249023438e+00
1.339179801940917969e+01 5.859394073486328125e+00
1.338107013702392578e+01 6.085066795349121094e+00
1.383039760589599609e+01 5.811941146850585938e+00
1.392841053009033203e+01 6.170300960540771484e+00
1.385696029663085938e+01 5.863132476806640625e+00
1.425975704193115234e+01 6.108182907104492188e+00
1.407353687286376953e+01 6.476082324981689453e+00
1.444833087921142578e+01 6.307903766632080078e+00
1.395319175720214844e+01 6.621447563171386719e+00
1.403486824035644531e+01 6.162908554077148438e+00
1.417709541320800781e+01 7.149817466735839844e+00
1.428739452362060547e+01 7.259746074676513672e+00
1.402667999267578125e+01 6.969340324401855469e+00
1.439875316619873047e+01 7.102224349975585938e+00
1.459538459777832031e+01 6.778008460998535156e+00
1.475374889373779297e+01 6.702413558959960938e+00
1.471028232574462891e+01 6.977741718292236328e+00
1.491399574279785156e+01 6.948416709899902344e+00
1.474026584625244141e+01 7.465298652648925781e+00
1.491237354278564453e+01 7.577365398406982422e+00
1.516235160827636719e+01 7.645679473876953125e+00
1.530108547210693359e+01 7.366335868835449219e+00
1.582991027832031250e+01 7.805687427520751953e+00
1.572280597686767578e+01 7.941112995147705078e+00
1.561779880523681641e+01 7.871371746063232422e+00
1.579825401306152344e+01 7.629775047302246094e+00
1.572382068634033203e+01 8.031507492065429688e+00
1.599949073791503906e+01 7.791887760162353516e+00
1.586004257202148438e+01 8.308469772338867188e+00
1.608745193481445312e+01 8.209465026855468750e+00
1.609353256225585938e+01 8.764499664306640625e+00
1.614531135559082031e+01 8.512342453002929688e+00
1.642323493957519531e+01 8.491773605346679688e+00
1.661145591735839844e+01 8.310996055603027344e+00
1.679014205932617188e+01 7.797111511230468750e+00
1.649586868286132812e+01 8.080035209655761719e+00
1.640723037719726562e+01 7.922102451324462891e+00
1.682204437255859375e+01 8.108291625976562500e+00
1.664458656311035156e+01 8.166853904724121094e+00
1.676591300964355469e+01 8.242513656616210938e+00
1.650018310546875000e+01 8.570644378662109375e+00
1.676710510253906250e+01 9.064393043518066406e+00
1.668844604492187500e+01 9.171452522277832031e+00
1.614695358276367188e+01 8.840462684631347656e+00
1.633058738708496094e+01 8.996970176696777344e+00
1.652086257934570312e+01 8.893610954284667969e+00
1.669010162353515625e+01 8.997752189636230469e+00
1.709473609924316406e+01 8.638059616088867188e+00
1.721173858642578125e+01 8.535137176513671875e+00
1.750023269653320312e+01 8.730469703674316406e+00
1.787650299072265625e+01 8.812607765197753906e+00
1.753973197937011719e+01 8.934260368347167969e+00
1.761186218261718750e+01 8.951956748962402344e+00
1.786642074584960938e+01 8.585668563842773438e+00
1.749085426330566406e+01 7.544775962829589844e+00
1.793676757812500000e+01 7.244341850280761719e+00
1.783043670654296875e+01 6.891436576843261719e+00
1.791094970703125000e+01 6.937091350555419922e+00
1.758375930786132812e+01 7.331101417541503906e+00
1.761749649047851562e+01 7.333695411682128906e+00
1.764220428466796875e+01 7.818015098571777344e+00
1.779480743408203125e+01 8.054668426513671875e+00
1.778557014465332031e+01 7.589399337768554688e+00
1.806975173950195312e+01 7.978919982910156250e+00
1.846023559570312500e+01 7.873094081878662109e+00
1.830708885192871094e+01 8.138121604919433594e+00
1.851951217651367188e+01 8.492306709289550781e+00
1.793748664855957031e+01 8.569036483764648438e+00
1.813931655883789062e+01 8.899383544921875000e+00
1.838170433044433594e+01 8.585916519165039062e+00
1.807188987731933594e+01 8.887054443359375000e+00
1.833660316467285156e+01 8.456688880920410156e+00
1.840150833129882812e+01 7.736976146697998047e+00
1.867588424682617188e+01 7.379364967346191406e+00
1.881632041931152344e+01 6.866784572601318359e+00
1.854133605957031250e+01 6.685744762420654297e+00
1.822056007385253906e+01 6.566801548004150391e+00
1.869387054443359375e+01 6.451202392578125000e+00
1.819998931884765625e+01 6.137741088867187500e+00
1.897703742980957031e+01 6.242940902709960938e+00
1.870078468322753906e+01 5.871272087097167969e+00
1.836961746215820312e+01 6.041899204254150391e+00
1.862312316894531250e+01 5.821162700653076172e+00
1.888907814025878906e+01 5.852445602416992188e+00
1.856575393676757812e+01 6.049352169036865234e+00
1.869624900817871094e+01 6.189319133758544922e+00
1.846084022521972656e+01 5.787024497985839844e+00
1.831080627441406250e+01 5.603361129760742188e+00
1.805441093444824219e+01 5.712012290954589844e+00
1.842394447326660156e+01 5.039133548736572266e+00
1.862745666503906250e+01 4.490657329559326172e+00
1.929810523986816406e+01 4.122171401977539062e+00
1.904782104492187500e+01 4.184167861938476562e+00
1.889577484130859375e+01 4.079370498657226562e+00
1.895516777038574219e+01 3.682505607604980469e+00
1.923834991455078125e+01 3.848768711090087891e+00
1.890620231628417969e+01 4.225367546081542969e+00
1.883910942077636719e+01 3.938858509063720703e+00
1.946558952331542969e+01 4.080944538116455078e+00
1.896892547607421875e+01 3.791083574295043945e+00
1.931818389892578125e+01 4.240037918090820312e+00
1.886946678161621094e+01 4.629957675933837891e+00
1.926243019104003906e+01 4.792967796325683594e+00
1.913711929321289062e+01 4.947489261627197266e+00
1.912717628479003906e+01 5.528759002685546875e+00
1.906819343566894531e+01 5.530420303344726562e+00
1.951599121093750000e+01 5.701082229614257812e+00
1.943840408325195312e+01 5.823587894439697266e+00
1.939833641052246094e+01 5.498824119567871094e+00
1.960358238220214844e+01 5.340186119079589844e+00
1.953357315063476562e+01 4.990495681762695312e+00
1.979270362854003906e+01 4.248021602630615234e+00
1.984607887268066406e+01 3.770883321762084961e+00
1.991555976867675781e+01 3.439189672470092773e+00
1.971751594543457031e+01 3.128930568695068359e+00
1.984402084350585938e+01 2.911113739013671875e+00
1.996969985961914062e+01 2.261153697967529297e+00
2.029542541503906250e+01 2.514000415802001953e+00
2.004788208007812500e+01 2.149076223373413086e+00
1.977206802368164062e+01 2.069050312042236328e+00
1.968766021728515625e+01 2.168722629547119141e+00
1.995615577697753906e+01 1.602900266647338867e+00
1.941651153564453125e+01 1.778270483016967773e+00
2.000535392761230469e+01 1.589655876159667969e+00
1.992841911315917969e+01 1.891642570495605469e+00
1.744750785827636719e+01 7.774695873260498047e+00
1.762046432495117188e+01 8.035204887390136719e+00
1.786933517456054688e+01 8.174862861633300781e+00
1.775228309631347656e+01 8.554947853088378906e+00
1.756976127624511719e+01 9.158925056457519531e+00
1.731759262084960938e+01 9.621720314025878906e+00
1.701344680786132812e+01 9.882369995117187500e+00
1.707415008544921875e+01 1.006109619140625000e+01
1.705405998229980469e+01 1.035104274749755859e+01
1.725720596313476562e+01 1.051049995422363281e+01
1.685316658020019531e+01 1.055558013916015625e+01
1.681676673889160156e+01 1.047725677490234375e+01
1.642363548278808594e+01 1.040817832946777344e+01
1.661446380615234375e+01 1.084138679504394531e+01
1.681052970886230469e+01 1.109699440002441406e+01
1.633487510681152344e+01 1.114655113220214844e+01
1.679572105407714844e+01 1.135182189941406250e+01
1.626064872741699219e+01 1.129892158508300781e+01
1.621788024902343750e+01 1.074892425537109375e+01
1.607009506225585938e+01 1.114604282379150391e+01
1.622293090820312500e+01 1.091957759857177734e+01
1.595889759063720703e+01 1.137414169311523438e+01
1.636510848999023438e+01 1.149851989746093750e+01
1.600160789489746094e+01 1.165828990936279297e+01
1.620348930358886719e+01 1.197905063629150391e+01
1.608449554443359375e+01 1.180686950683593750e+01
1.601578330993652344e+01 1.176822090148925781e+01
1.351360607147216797e+01 1.493006420135498047e+01
1.351772785186767578e+01 1.516171550750732422e+01
1.340473365783691406e+01 1.532699584960937500e+01
1.330946540832519531e+01 1.552664661407470703e+01
1.321425628662109375e+01 1.572835445404052734e+01
1.278214836120605469e+01 1.551340579986572266e+01
1.273704528808593750e+01 1.568949604034423828e+01
1.265546512603759766e+01 1.609618186950683594e+01
1.273673248291015625e+01 1.604278755187988281e+01
1.238673400878906250e+01 1.606235122680664062e+01
1.240835666656494141e+01 1.617967987060546875e+01
1.247615909576416016e+01 1.723991394042968750e+01
1.259985637664794922e+01 1.749197196960449219e+01
1.255981826782226562e+01 1.730697059631347656e+01
1.283810424804687500e+01 1.692116737365722656e+01
1.320133495330810547e+01 1.708398246765136719e+01
1.301232624053955078e+01 1.658665275573730469e+01
1.305313396453857422e+01 1.641425132751464844e+01
1.301278018951416016e+01 1.612600898742675781e+01
1.273313999176025391e+01 1.624880027770996094e+01
1.241656875610351562e+01 1.629734611511230469e+01
1.217796039581298828e+01 1.579669761657714844e+01
1.229535961151123047e+01 1.584415054321289062e+01
1.198347663879394531e+01 1.553930759429931641e+01
1.167423629760742188e+01 1.582997035980224609e+01
1.202041625976562500e+01 1.552671718597412109e+01
1.211389827728271484e+01 1.561242198944091797e+01
1.166931915283203125e+01 1.538593196868896484e+01
1.158820343017578125e+01 1.563641548156738281e+01
1.183242607116699219e+01 1.610214424133300781e+01
1.152758407592773438e+01 1.604043769836425781e+01
1.142744159698486328e+01 1.612067985534667969e+01
1.176815605163574219e+01 1.683136177062988281e+01
1.170209598541259766e+01 1.664764213562011719e+01
1.192894077301025391e+01 1.664683341979980469e+01
1.178791236877441406e+01 1.682408142089843750e+01
1.158308029174804688e+01 1.671217727661132812e+01
1.151678562164306641e+01 1.713190269470214844e+01
1.132048988342285156e+01 1.684077835083007812e+01
1.136414813995361328e+01 1.634479331970214844e+01
1.154334831237792969e+01 1.623622131347656250e+01
1.122330474853515625e+01 1.641216278076171875e+01
1.108172130584716797e+01 1.631987571716308594e+01
1.092315769195556641e+01 1.657780647277832031e+01
1.112468624114990234e+01 1.667639160156250000e+01
1.086639499664306641e+01 1.693229484558105469e+01
1.074053382873535156e+01 1.712937736511230469e+01
1.063433647155761719e+01 1.684181404113769531e+01
1.001799678802490234e+01 1.724996185302734375e+01
1.022736072540283203e+01 1.680176544189453125e+01
1.033009624481201172e+01 1.700276756286621094e+01
1.032888221740722656e+01 1.710038566589355469e+01
2.004853248596191406e+01 1.979491472244262695e+00
1.990702056884765625e+01 2.329514741897583008e+00
2.007130050659179688e+01 1.956794261932373047e+00
1.965046501159667969e+01 1.414530277252197266e+00
1.984395027160644531e+01 1.206267476081848145e+00
1.993592834472656250e+01 1.170091271400451660e+00
2.015535163879394531e+01 9.343701601028442383e-01
2.036586570739746094e+01 1.081939339637756348e+00
2.045439910888671875e+01 6.561914682388305664e-01
2.045799064636230469e+01 1.010007977485656738e+00
2.054610443115234375e+01 9.820567965507507324e-01
2.059224510192871094e+01 9.682432413101196289e-01
2.052711296081542969e+01 4.450685977935791016e-01
2.039309501647949219e+01 3.286146819591522217e-01
2.060063743591308594e+01 3.189538121223449707e-01
2.116125297546386719e+01 5.141353607177734375e-01
2.104341316223144531e+01 6.133289337158203125e-01
2.172195434570312500e+01 2.477713674306869507e-01
2.141027450561523438e+01 -6.374152004718780518e-02
2.171249580383300781e+01 -1.477402895689010620e-01
2.177371978759765625e+01 2.810953930020332336e-02
2.148115539550781250e+01 2.850733697414398193e-02
2.137474632263183594e+01 7.617388665676116943e-02
2.108896827697753906e+01 1.345328986644744873e-01
2.145009803771972656e+01 4.634979963302612305e-01
2.135251998901367188e+01 5.810511708259582520e-01
2.164764595031738281e+01 5.439664125442504883e-01
2.175814247131347656e+01 9.339212179183959961e-01
2.160276603698730469e+01 1.095883011817932129e+00
2.119751930236816406e+01 1.731878399848937988e+00
2.109746932983398438e+01 1.619396686553955078e+00
2.149050712585449219e+01 2.003978013992309570e+00
2.185428237915039062e+01 1.888582348823547363e+00
2.195304679870605469e+01 1.712413311004638672e+00
2.213265037536621094e+01 1.729359269142150879e+00
2.215241813659667969e+01 1.628242492675781250e+00
2.242074394226074219e+01 1.344936370849609375e+00
2.282575225830078125e+01 1.384420394897460938e+00
2.279264640808105469e+01 1.144802689552307129e+00
2.284870338439941406e+01 1.208940863609313965e+00
2.246957588195800781e+01 7.404123544692993164e-01
2.244715499877929688e+01 1.072050333023071289e+00
2.296297645568847656e+01 6.528385281562805176e-01
2.289420890808105469e+01 6.151933073997497559e-01
2.257048988342285156e+01 1.386427879333496094e-01
2.252355194091796875e+01 1.705734431743621826e-01
2.239429473876953125e+01 1.533232778310775757e-01
2.225350761413574219e+01 3.117907345294952393e-01
2.265001678466796875e+01 -6.713782250881195068e-02
2.268749237060546875e+01 1.494394987821578979e-01
2.314345932006835938e+01 4.231347441673278809e-01
2.306613922119140625e+01 8.366653919219970703e-01
2.323578643798828125e+01 1.108289718627929688e+00
2.314406776428222656e+01 2.100218296051025391e+00
2.330015182495117188e+01 2.217757225036621094e+00
2.354125404357910156e+01 1.896569013595581055e+00
2.362360572814941406e+01 2.049370527267456055e+00
2.411540222167968750e+01 1.720795512199401855e+00
2.423318481445312500e+01 1.138613700866699219e+00
2.430498886108398438e+01 1.806194067001342773e+00
2.433830833435058594e+01 1.514169812202453613e+00
2.379042434692382812e+01 1.107349872589111328e+00
2.373351860046386719e+01 1.086831569671630859e+00
2.435053825378417969e+01 1.683098316192626953e+00
2.401779556274414062e+01 1.123634219169616699e+00
2.400446319580078125e+01 1.396181225776672363e+00
2.392621994018554688e+01 1.450237274169921875e+00
2.419219589233398438e+01 1.435791373252868652e+00
2.391223907470703125e+01 1.164082527160644531e+00
2.359686660766601562e+01 1.630134701728820801e+00
2.401445770263671875e+01 1.385043501853942871e+00
2.340767669677734375e+01 1.985046982765197754e+00
2.356348991394042969e+01 1.979452610015869141e+00
2.393606185913085938e+01 1.559470534324645996e+00
2.401312065124511719e+01 2.182908535003662109e+00
2.349470901489257812e+01 1.904906153678894043e+00
2.018476486206054688e+01 1.758942484855651855e+00
1.975511169433593750e+01 1.960941910743713379e+00
1.934175491333007812e+01 1.476147770881652832e+00
1.943872642517089844e+01 1.351625323295593262e+00
1.918605613708496094e+01 1.142368793487548828e+00
1.973841857910156250e+01 8.329315781593322754e-01
1.958273124694824219e+01 6.530010700225830078e-01
1.943980026245117188e+01 1.962873041629791260e-01
1.944879531860351562e+01 -3.064587116241455078e-01
1.931189155578613281e+01 -4.005794227123260498e-01
1.911202812194824219e+01 -4.460780620574951172e-01
1.943840408325195312e+01 -8.567122220993041992e-01
1.883642196655273438e+01 -7.737199068069458008e-01
1.898794937133789062e+01 -8.724222779273986816e-01
1.867485046386718750e+01 -1.001947879791259766e+00
1.840929031372070312e+01 -1.425436377525329590e+00
1.877896308898925781e+01 -1.296737670898437500e+00
1.846459197998046875e+01 -1.028442144393920898e+00
1.883279991149902344e+01 -1.429347634315490723e+00
1.873099899291992188e+01 -1.630919337272644043e+00
1.888542556762695312e+01 -1.684386610984802246e+00
1.845411872863769531e+01 -1.980036497116088867e+00
1.849194526672363281e+01 -2.450624465942382812e+00
1.805843544006347656e+01 -2.347801208496093750e+00
1.791557502746582031e+01 -2.417165994644165039e+00
1.810779380798339844e+01 -2.009958505630493164e+00
1.818067741394042969e+01 -2.237646102905273438e+00
1.845695495605468750e+01 -1.979619741439819336e+00
1.873000335693359375e+01 -2.255479335784912109e+00
1.896534538269042969e+01 -2.489311695098876953e+00
1.907235527038574219e+01 -2.802182435989379883e+00
1.911462974548339844e+01 -2.575187921524047852e+00
1.900342750549316406e+01 -2.302916765213012695e+00
1.862837600708007812e+01 -2.686750888824462891e+00
1.832703018188476562e+01 -3.314474105834960938e+00
1.859886169433593750e+01 -3.629769325256347656e+00
1.866472053527832031e+01 -3.512188673019409180e+00
1.867937088012695312e+01 -3.712060213088989258e+00
1.820336914062500000e+01 -3.666694402694702148e+00
1.817610740661621094e+01 -3.672630786895751953e+00
1.826672172546386719e+01 -3.385627746582031250e+00
1.785978317260742188e+01 -2.999112844467163086e+00
1.828629493713378906e+01 -2.990434646606445312e+00
1.770951080322265625e+01 -2.890723943710327148e+00
1.759592437744140625e+01 -2.778251647949218750e+00
1.789803886413574219e+01 -2.964296817779541016e+00
1.797260284423828125e+01 -3.010283231735229492e+00
1.767556953430175781e+01 -3.356686115264892578e+00
1.753875923156738281e+01 -3.440023899078369141e+00
1.783040428161621094e+01 -3.712229013442993164e+00
1.763457107543945312e+01 -4.055039882659912109e+00
1.782007598876953125e+01 -4.005233287811279297e+00
1.776477813720703125e+01 -4.430484294891357422e+00
1.749048805236816406e+01 -4.497820377349853516e+00
1.774358940124511719e+01 -4.492559432983398438e+00
1.779920005798339844e+01 -4.617265224456787109e+00
1.767313003540039062e+01 -4.676984310150146484e+00
1.775389099121093750e+01 -4.824779510498046875e+00
1.809967994689941406e+01 -4.780288696289062500e+00
1.794939613342285156e+01 -4.867093563079833984e+00
1.814407539367675781e+01 -5.410948276519775391e+00
1.818243789672851562e+01 -5.429902553558349609e+00
1.841985321044921875e+01 -5.701150417327880859e+00
1.846284294128417969e+01 -5.657441139221191406e+00
1.873780441284179688e+01 -5.434044361114501953e+00
1.849942588806152344e+01 -5.538439273834228516e+00
1.867961502075195312e+01 -5.811965465545654297e+00
1.828956794738769531e+01 -5.784077644348144531e+00
1.819223785400390625e+01 -6.060117244720458984e+00
1.814148521423339844e+01 -6.215789794921875000e+00
1.784322357177734375e+01 -5.913849353790283203e+00
1.786664581298828125e+01 -6.258683681488037109e+00
1.758600807189941406e+01 -6.151319503784179688e+00
1.742769622802734375e+01 -5.861360073089599609e+00
1.708156967163085938e+01 -5.840398788452148438e+00
1.719794654846191406e+01 -5.678922653198242188e+00
1.686103630065917969e+01 -5.898105144500732422e+00
1.710686683654785156e+01 -5.409663677215576172e+00
1.709700393676757812e+01 -5.576454162597656250e+00
1.677540969848632812e+01 -5.414145946502685547e+00
1.671292495727539062e+01 -5.277604579925537109e+00
1.688204383850097656e+01 -5.198227405548095703e+00
1.690184020996093750e+01 -4.813170909881591797e+00
1.706649589538574219e+01 -5.136510372161865234e+00
1.725286102294921875e+01 -4.689516544342041016e+00
1.711802482604980469e+01 -4.794652462005615234e+00
1.022005081176757812e+01 1.703277587890625000e+01
1.038115024566650391e+01 1.760635757446289062e+01
1.075022411346435547e+01 1.825223159790039062e+01
1.075321388244628906e+01 1.832372093200683594e+01
1.090584278106689453e+01 1.855025100708007812e+01
1.071344852447509766e+01 1.848074340820312500e+01
1.072386264801025391e+01 1.864352798461914062e+01
1.115524196624755859e+01 1.853298377990722656e+01
1.157272338867187500e+01 1.876789093017578125e+01
1.171334075927734375e+01 1.875171470642089844e+01
1.185708999633789062e+01 1.893369865417480469e+01
1.218034744262695312e+01 1.906082916259765625e+01
1.251554584503173828e+01 1.859139442443847656e+01
1.268472194671630859e+01 1.835272598266601562e+01
1.310187244415283203e+01 1.873425674438476562e+01
1.301021671295166016e+01 1.862763786315917969e+01
1.320856761932373047e+01 1.852255058288574219e+01
1.313757705688476562e+01 1.859657287597656250e+01
1.290138626098632812e+01 1.878641128540039062e+01
1.275130271911621094e+01 1.913766860961914062e+01
1.285804367065429688e+01 1.922744560241699219e+01
1.275763988494873047e+01 1.937446022033691406e+01
1.317802429199218750e+01 1.970012283325195312e+01
1.307790184020996094e+01 1.975853919982910156e+01
1.283617687225341797e+01 2.027186775207519531e+01
1.280627250671386719e+01 2.026058197021484375e+01
1.297873592376708984e+01 2.050228500366210938e+01
1.312900733947753906e+01 2.018160629272460938e+01
1.284834575653076172e+01 2.053730010986328125e+01
1.306276035308837891e+01 2.042724418640136719e+01
1.359518718719482422e+01 2.036302375793457031e+01
1.362797355651855469e+01 1.976700019836425781e+01
1.342584323883056641e+01 1.943489074707031250e+01
1.355177783966064453e+01 1.941624450683593750e+01
1.316407299041748047e+01 1.978984260559082031e+01
1.359122657775878906e+01 1.989645195007324219e+01
1.355880451202392578e+01 1.997336006164550781e+01
1.384652996063232422e+01 1.972529983520507812e+01
1.392954540252685547e+01 1.966379165649414062e+01
1.410828590393066406e+01 1.997095298767089844e+01
1.424658298492431641e+01 2.049362754821777344e+01
1.419077205657958984e+01 2.034244346618652344e+01
1.448595428466796875e+01 2.026424980163574219e+01
1.433885574340820312e+01 2.040468025207519531e+01
1.449287033081054688e+01 2.039603424072265625e+01
1.448483753204345703e+01 2.092849159240722656e+01
1.426190090179443359e+01 2.103602790832519531e+01
1.428120708465576172e+01 2.110423088073730469e+01
1.430857849121093750e+01 2.138727188110351562e+01
1.461931324005126953e+01 2.075984191894531250e+01
1.469617557525634766e+01 2.105090904235839844e+01
1.457185649871826172e+01 2.123060226440429688e+01
1.417941665649414062e+01 2.137918472290039062e+01
1.371940994262695312e+01 2.116034126281738281e+01
1.361569023132324219e+01 2.097250366210937500e+01
1.323203182220458984e+01 2.110791397094726562e+01
1.321265792846679688e+01 2.067057800292968750e+01
1.340857219696044922e+01 2.095537757873535156e+01
1.332750511169433594e+01 2.121424865722656250e+01
1.324842166900634766e+01 2.138016128540039062e+01
1.357194900512695312e+01 2.147121047973632812e+01
1.365617465972900391e+01 2.156512641906738281e+01
1.417296123504638672e+01 2.167754936218261719e+01
1.475002765655517578e+01 2.166305732727050781e+01
1.490326881408691406e+01 2.156762886047363281e+01
1.525883102416992188e+01 2.167281532287597656e+01
1.507754993438720703e+01 2.139029121398925781e+01
1.506434345245361328e+01 2.136838150024414062e+01
1.529422950744628906e+01 2.093427658081054688e+01
1.529617595672607422e+01 2.068119430541992188e+01
1.533036708831787109e+01 2.056091308593750000e+01
1.552913475036621094e+01 2.073970413208007812e+01
1.577280139923095703e+01 2.103648948669433594e+01
1.529204273223876953e+01 2.104838752746582031e+01
1.510311985015869141e+01 2.104224586486816406e+01
1.512424373626708984e+01 2.110560989379882812e+01
1.480087089538574219e+01 2.088453483581542969e+01
1.066226100921630859e+01 1.746314239501953125e+01
1.010952472686767578e+01 1.732333374023437500e+01
1.035134792327880859e+01 1.750382423400878906e+01
1.114346027374267578e+01 1.771122932434082031e+01
1.128215789794921875e+01 1.758722877502441406e+01
1.136122322082519531e+01 1.796778488159179688e+01
1.129834938049316406e+01 1.829908943176269531e+01
1.118142604827880859e+01 1.929243850708007812e+01
1.127925300598144531e+01 1.897418785095214844e+01
1.118714427947998047e+01 1.935711669921875000e+01
1.121273994445800781e+01 1.923971557617187500e+01
1.114823722839355469e+01 1.943273735046386719e+01
1.084814834594726562e+01 1.971148681640625000e+01
1.086642646789550781e+01 1.928536987304687500e+01
1.093960762023925781e+01 1.897084236145019531e+01
1.071451377868652344e+01 1.916861343383789062e+01
1.035539054870605469e+01 1.909589576721191406e+01
9.971669197082519531e+00 1.884790611267089844e+01
9.965772628784179688e+00 1.839989089965820312e+01
9.908645629882812500e+00 1.838117408752441406e+01
9.713058471679687500e+00 1.839805412292480469e+01
9.252287864685058594e+00 1.805806922912597656e+01
9.130163192749023438e+00 1.827067756652832031e+01
9.279906272888183594e+00 1.830838584899902344e+01
9.159714698791503906e+00 1.836318016052246094e+01
9.002042770385742188e+00 1.886096763610839844e+01
8.865241050720214844e+00 1.868174934387207031e+01
8.803904533386230469e+00 1.909658622741699219e+01
8.890732765197753906e+00 1.910610580444335938e+01
8.706661224365234375e+00 1.945091629028320312e+01
8.717385292053222656e+00 1.928238296508789062e+01
8.535559654235839844e+00 1.939527511596679688e+01
8.453644752502441406e+00 1.877477455139160156e+01
8.423605918884277344e+00 1.861452102661132812e+01
8.064303398132324219e+00 1.897851562500000000e+01
7.897342681884765625e+00 1.880114173889160156e+01
7.678711414337158203e+00 1.896463394165039062e+01
7.702067375183105469e+00 1.911382102966308594e+01
8.001103401184082031e+00 1.884867095947265625e+01
7.752840995788574219e+00 1.914256668090820312e+01
7.679087162017822266e+00 1.903571891784667969e+01
7.665205478668212891e+00 1.878500366210937500e+01
8.152466773986816406e+00 1.853291130065917969e+01
7.943389892578125000e+00 1.831488990783691406e+01
7.661015510559082031e+00 1.816421508789062500e+01
7.484790802001953125e+00 1.807346725463867188e+01
7.457487106323242188e+00 1.791011238098144531e+01
7.455391883850097656e+00 1.779835891723632812e+01
7.616231441497802734e+00 1.784589385986328125e+01
7.808568954467773438e+00 1.720343017578125000e+01
8.228466033935546875e+00 1.747255325317382812e+01
7.629136562347412109e+00 1.733863449096679688e+01
7.699409961700439453e+00 1.711532211303710938e+01
8.027338981628417969e+00 1.728371047973632812e+01
8.189202308654785156e+00 1.737546730041503906e+01
7.800555229187011719e+00 1.765323638916015625e+01
8.088207244873046875e+00 1.771281433105468750e+01
