4.131816864013671875e+00 7.213811874389648438e+00
4.183456897735595703e+00 7.286408424377441406e+00
4.591072082519531250e+00 7.429977416992187500e+00
4.315703868865966797e+00 7.872532844543457031e+00
4.010126113891601562e+00 7.717701911926269531e+00
4.224764823913574219e+00 7.829935073852539062e+00
3.919614315032958984e+00 7.668122291564941406e+00
3.712227344512939453e+00 7.933726787567138672e+00
3.892359972000122070e+00 7.421124458312988281e+00
3.737798929214477539e+00 7.282006740570068359e+00
3.732340812683105469e+00 7.507590770721435547e+00
3.870662689208984375e+00 6.835410118103027344e+00
3.702646493911743164e+00 6.869795322418212891e+00
3.354004383087158203e+00 7.290901660919189453e+00
3.285382747650146484e+00 7.407989501953125000e+00
2.992705583572387695e+00 7.416367530822753906e+00
3.009570598602294922e+00 7.118505001068115234e+00
3.377768993377685547e+00 7.162854671478271484e+00
3.272224664688110352e+00 6.491374492645263672e+00
3.122345447540283203e+00 5.965232372283935547e+00
3.365120410919189453e+00 6.127522945404052734e+00
2.553137063980102539e+00 5.744888305664062500e+00
2.844819307327270508e+00 5.656511783599853516e+00
2.841413736343383789e+00 6.317700386047363281e+00
2.928365468978881836e+00 6.234127998352050781e+00
2.662173271179199219e+00 5.907969951629638672e+00
2.883306503295898438e+00 6.043529510498046875e+00
3.387367725372314453e+00 5.961268901824951172e+00
3.387848138809204102e+00 5.822861671447753906e+00
3.052169799804687500e+00 6.186399459838867188e+00
2.548434257507324219e+00 5.750341892242431641e+00
2.972867727279663086e+00 5.328556060791015625e+00
3.124479770660400391e+00 5.711098670959472656e+00
2.943209648132324219e+00 5.231502056121826172e+00
3.235485315322875977e+00 5.795405387878417969e+00
3.240328073501586914e+00 5.139754295349121094e+00
3.371682167053222656e+00 5.333996295928955078e+00
3.332622289657592773e+00 5.437527656555175781e+00
3.746938943862915039e+00 5.330085754394531250e+00
4.268713474273681641e+00 5.487618446350097656e+00
4.274875640869140625e+00 5.184905529022216797e+00
3.968833684921264648e+00 5.353971004486083984e+00
4.009040355682373047e+00 5.409936904907226562e+00
4.218186855316162109e+00 5.555191516876220703e+00
4.032982349395751953e+00 5.021656990051269531e+00
3.637707710266113281e+00 4.793691158294677734e+00
3.761178016662597656e+00 5.156143665313720703e+00
3.366793870925903320e+00 4.473789691925048828e+00
3.626422405242919922e+00 4.521324634552001953e+00
3.678921461105346680e+00 4.435133457183837891e+00
3.521766185760498047e+00 4.586107730865478516e+00
3.705632925033569336e+00 4.472427368164062500e+00
4.401896953582763672e+00 4.861959934234619141e+00
4.386481761932373047e+00 4.531313896179199219e+00
4.087720394134521484e+00 4.872349262237548828e+00
4.030585289001464844e+00 4.596569061279296875e+00
4.201613903045654297e+00 4.705302715301513672e+00
4.747398853302001953e+00 5.210924148559570312e+00
4.701257705688476562e+00 4.917967319488525391e+00
5.038681507110595703e+00 5.070570945739746094e+00
5.195280075073242188e+00 4.654605865478515625e+00
5.850747108459472656e+00 5.191595554351806641e+00
6.012251853942871094e+00 5.183924198150634766e+00
6.172484397888183594e+00 5.198708057403564453e+00
6.141936302185058594e+00 5.037675380706787109e+00
5.580500602722167969e+00 5.083959579467773438e+00
5.472062587738037109e+00 4.928298950195312500e+00
5.263454914093017578e+00 4.339191436767578125e+00
5.486099243164062500e+00 4.665377140045166016e+00
5.454435825347900391e+00 4.536965847015380859e+00
5.677259445190429688e+00 4.353874683380126953e+00
5.700127601623535156e+00 4.632753372192382812e+00
5.949064254760742188e+00 4.232673168182373047e+00
6.192022800445556641e+00 4.562515735626220703e+00
6.577909946441650391e+00 4.846807479858398438e+00
6.429629802703857422e+00 4.897288322448730469e+00
6.375277042388916016e+00 4.496942996978759766e+00
6.235987186431884766e+00 4.232034206390380859e+00
6.673956394195556641e+00 4.754711627960205078e+00
6.112479209899902344e+00 4.218004703521728516e+00
6.920893192291259766e+00 4.710222244262695312e+00
6.542314529418945312e+00 4.045393943786621094e+00
6.497531890869140625e+00 4.052673339843750000e+00
6.727864742279052734e+00 4.195205211639404297e+00
6.774814605712890625e+00 4.546532630920410156e+00
6.846310138702392578e+00 3.992175102233886719e+00
7.199137687683105469e+00 4.518290519714355469e+00
7.204410076141357422e+00 4.277068138122558594e+00
6.819753646850585938e+00 3.863122701644897461e+00
7.262033462524414062e+00 4.108671665191650391e+00
7.513454914093017578e+00 4.269274234771728516e+00
7.689489841461181641e+00 4.628951549530029297e+00
7.852300167083740234e+00 4.438806056976318359e+00
7.922871589660644531e+00 4.075111865997314453e+00
7.684699535369873047e+00 4.158446311950683594e+00
7.250321865081787109e+00 3.650458335876464844e+00
7.497039794921875000e+00 3.858734130859375000e+00
7.172391891479492188e+00 3.364521980285644531e+00
7.318709373474121094e+00 3.553520441055297852e+00
7.437559604644775391e+00 3.937221527099609375e+00
7.320549964904785156e+00 3.478653907775878906e+00
7.594766139984130859e+00 3.376363277435302734e+00
7.915788173675537109e+00 3.746383905410766602e+00
8.072105407714843750e+00 3.370181798934936523e+00
8.101834297180175781e+00 3.873647451400756836e+00
7.923448562622070312e+00 3.689921140670776367e+00
8.132261276245117188e+00 3.404901504516601562e+00
8.406840324401855469e+00 3.179596424102783203e+00
8.253252029418945312e+00 3.101409673690795898e+00
8.661006927490234375e+00 2.682176828384399414e+00
8.460587501525878906e+00 2.936004638671875000e+00
8.989543914794921875e+00 3.345756769180297852e+00
8.604982376098632812e+00 3.193578958511352539e+00
8.943265914916992188e+00 3.152939081192016602e+00
9.121895790100097656e+00 3.488949060440063477e+00
9.332033157348632812e+00 3.114151477813720703e+00
9.227169036865234375e+00 3.172254323959350586e+00
9.187343597412109375e+00 3.500978946685791016e+00
9.102886199951171875e+00 3.086830377578735352e+00
8.836234092712402344e+00 2.578856468200683594e+00
9.036571502685546875e+00 2.600989580154418945e+00
9.166517257690429688e+00 2.362827539443969727e+00
9.640398025512695312e+00 2.163649559020996094e+00
9.542494773864746094e+00 1.832866549491882324e+00
9.381683349609375000e+00 1.783465266227722168e+00
9.827887535095214844e+00 1.277527213096618652e+00
9.092082977294921875e+00 1.250778198242187500e+00
9.459230422973632812e+00 1.358200907707214355e+00
9.379837989807128906e+00 1.493710279464721680e+00
9.370308876037597656e+00 1.984920263290405273e+00
9.597875595092773438e+00 1.915454387664794922e+00
9.150591850280761719e+00 1.522210597991943359e+00
9.792570114135742188e+00 1.605505704879760742e+00
9.030917167663574219e+00 1.635751008987426758e+00
9.620018005371093750e+00 1.475545167922973633e+00
1.001296520233154297e+01 1.060352325439453125e+00
1.025860691070556641e+01 1.425829768180847168e+00
1.023341274261474609e+01 1.257414460182189941e+00
1.018857192993164062e+01 1.110329985618591309e+00
1.005155467987060547e+01 9.692820906639099121e-01
9.719782829284667969e+00 9.209885001182556152e-01
9.680746078491210938e+00 6.648623347282409668e-01
9.303517341613769531e+00 8.530265092849731445e-01
9.232135772705078125e+00 9.178538322448730469e-01
8.707618713378906250e+00 8.780915737152099609e-01
9.067018508911132812e+00 5.683051943778991699e-01
8.949013710021972656e+00 6.157763600349426270e-01
9.000988960266113281e+00 3.576864600181579590e-01
9.317369461059570312e+00 1.463911980390548706e-01
9.010488510131835938e+00 1.825163811445236206e-01
9.309925079345703125e+00 3.448109924793243408e-01
8.630191802978515625e+00 4.593086540699005127e-01
8.979576110839843750e+00 -5.437601357698440552e-02
8.711902618408203125e+00 -2.792049646377563477e-01
9.515794754028320312e+00 -2.034207433462142944e-01
9.420459747314453125e+00 -7.636027783155441284e-02
9.914488792419433594e+00 -2.867331802845001221e-01
9.690627098083496094e+00 -5.351314544677734375e-01
9.430365562438964844e+00 -3.267682492733001709e-01
9.275911331176757812e+00 -4.844725430011749268e-01
9.193877220153808594e+00 -7.231587171554565430e-01
8.954073905944824219e+00 -7.971538901329040527e-01
8.815379142761230469e+00 -8.034996986389160156e-01
8.342294692993164062e+00 -4.506141841411590576e-01
8.111201286315917969e+00 -2.845908999443054199e-01
8.289141654968261719e+00 -3.290179967880249023e-01
8.027333259582519531e+00 5.857681483030319214e-02
7.670805931091308594e+00 -2.938456833362579346e-01
7.533777236938476562e+00 1.309833526611328125e-01
7.716324329376220703e+00 -7.287761569023132324e-02
7.628191947937011719e+00 2.684376202523708344e-02
7.348495483398437500e+00 -2.920722067356109619e-01
7.505445480346679688e+00 -6.532945036888122559e-01
7.518077850341796875e+00 -6.215543746948242188e-01
7.256866455078125000e+00 -8.516520261764526367e-01
6.924880027770996094e+00 -9.089605808258056641e-01
6.795515060424804688e+00 -6.798411011695861816e-01
6.799515247344970703e+00 -1.914594918489456177e-01
6.646067142486572266e+00 -1.637407690286636353e-01
6.938122749328613281e+00 -5.861613899469375610e-02
6.751608848571777344e+00 1.557955890893936157e-01
6.804840564727783203e+00 -1.744656357914209366e-03
6.963655471801757812e+00 -6.183887124061584473e-01
6.758322238922119141e+00 -5.893826484680175781e-01
6.572436809539794922e+00 -2.205142378807067871e-01
6.531913757324218750e+00 -5.927479863166809082e-01
6.406802654266357422e+00 -1.690762042999267578e-01
5.770185470581054688e+00 -1.043025627732276917e-01
5.839560985565185547e+00 -5.423879027366638184e-01
5.912669181823730469e+00 -7.082363963127136230e-01
6.039689064025878906e+00 -7.788566946983337402e-01
6.108529567718505859e+00 -8.327230215072631836e-01
5.900094985961914062e+00 -9.457889199256896973e-01
5.472779273986816406e+00 -7.251448631286621094e-01
5.581439971923828125e+00 -6.206743717193603516e-01
5.500379562377929688e+00 -3.672627210617065430e-01
5.290576457977294922e+00 -4.075378775596618652e-01
5.541231155395507812e+00 1.543075740337371826e-01
5.350224494934082031e+00 -5.498111620545387268e-02
5.297109127044677734e+00 5.156370997428894043e-01
4.947293281555175781e+00 -1.410141736268997192e-01
4.828415870666503906e+00 4.652148857712745667e-02
5.059600830078125000e+00 -2.940581925213336945e-02
4.857873439788818359e+00 -1.032946556806564331e-01
4.804540157318115234e+00 3.555715978145599365e-01
4.449252605438232422e+00 8.854646980762481689e-02
4.970041751861572266e+00 5.035968422889709473e-01
4.967671394348144531e+00 8.038690686225891113e-01
4.904744625091552734e+00 8.638097643852233887e-01
4.749217987060546875e+00 8.116700649261474609e-01
5.218304634094238281e+00 6.343656182289123535e-01
4.521089076995849609e+00 5.288895368576049805e-01
4.682619571685791016e+00 3.934901356697082520e-01
5.208789825439453125e+00 1.941016018390655518e-01
4.723423957824707031e+00 -1.851323544979095459e-01
4.242797851562500000e+00 -1.922359168529510498e-01
4.360755920410156250e+00 1.299842298030853271e-01
4.270704746246337891e+00 1.525619924068450928e-01
3.925500869750976562e+00 1.791922599077224731e-01
3.960472583770751953e+00 5.732196569442749023e-01
3.921442508697509766e+00 6.312407255172729492e-01
3.873428583145141602e+00 9.008396267890930176e-01
3.717349290847778320e+00 8.051836490631103516e-01
3.635707378387451172e+00 7.997788190841674805e-01
3.266381263732910156e+00 8.308020234107971191e-01
3.061410903930664062e+00 7.449991106986999512e-01
3.069098949432373047e+00 7.493830919265747070e-01
3.152554035186767578e+00 9.072746634483337402e-01
2.969761371612548828e+00 1.451597809791564941e+00
2.727088451385498047e+00 1.254647970199584961e+00
2.634715557098388672e+00 1.719140648841857910e+00
2.527963638305664062e+00 1.573039412498474121e+00
2.754912376403808594e+00 1.405470371246337891e+00
2.437411546707153320e+00 1.378068208694458008e+00
2.312286615371704102e+00 1.574364662170410156e+00
2.265886306762695312e+00 1.997391104698181152e+00
2.083680868148803711e+00 2.162259578704833984e+00
1.833083868026733398e+00 2.100253105163574219e+00
2.151600360870361328e+00 2.255074977874755859e+00
1.741583943367004395e+00 2.207242965698242188e+00
1.351907730102539062e+00 1.842117309570312500e+00
1.526898026466369629e+00 1.863116621971130371e+00
1.718288064002990723e+00 1.915467977523803711e+00
1.390505909919738770e+00 1.772567868232727051e+00
1.565198659896850586e+00 1.719852328300476074e+00
1.060209035873413086e+00 1.235486984252929688e+00
1.273424863815307617e+00 1.445061564445495605e+00
1.492237806320190430e+00 1.563196778297424316e+00
1.799525141716003418e+00 1.205262064933776855e+00
1.579154849052429199e+00 9.445710182189941406e-01
1.972350716590881348e+00 1.207137107849121094e+00
2.170160293579101562e+00 1.230658173561096191e+00
2.097577571868896484e+00 1.023566126823425293e+00
1.973931789398193359e+00 7.913196682929992676e-01
1.767791628837585449e+00 6.008554697036743164e-01
1.328856348991394043e+00 5.254343748092651367e-01
1.362743258476257324e+00 5.979664921760559082e-01
7.943964004516601562e-01 7.392137050628662109e-01
6.257542967796325684e-01 1.025551915168762207e+00
4.381256103515625000e-01 9.764516353607177734e-01
3.982894122600555420e-01 8.947498798370361328e-01
4.609113335609436035e-01 5.043876767158508301e-01
5.521905422210693359e-01 3.350106179714202881e-01
4.824779033660888672e-01 1.665067300200462341e-02
8.779228329658508301e-01 2.492900490760803223e-01
9.089141488075256348e-01 -9.727901220321655273e-02
1.062052130699157715e+00 -5.287729501724243164e-01
7.851343750953674316e-01 -5.227147340774536133e-01
9.286183118820190430e-01 -7.803681492805480957e-01
1.098859429359436035e+00 -5.585491657257080078e-01
1.507486581802368164e+00 -6.963116526603698730e-01
1.445199489593505859e+00 -7.191994786262512207e-01
1.332578539848327637e+00 -6.270647048950195312e-01
1.508815050125122070e+00 -4.291579723358154297e-01
9.671977758407592773e-01 -3.421940505504608154e-01
5.176730155944824219e-01 -3.106212019920349121e-01
1.336858570575714111e-01 3.170941770076751709e-02
-5.465751513838768005e-02 1.180590763688087463e-01
4.949438199400901794e-02 2.876965105533599854e-01
1.135248020291328430e-01 2.588468492031097412e-01
-7.250306010246276855e-02 -1.368894726037979126e-01
1.716642975807189941e-01 -7.193216085433959961e-01
2.501021698117256165e-02 -5.403425097465515137e-01
2.386957556009292603e-01 -9.345445036888122559e-01
3.507354259490966797e-01 -8.073734045028686523e-01
7.115738391876220703e-01 -8.367555141448974609e-01
1.130393505096435547e+00 -1.006555557250976562e+00
8.321599960327148438e-01 -9.624459147453308105e-01
8.371877670288085938e-01 -1.387955546379089355e+00
1.093979120254516602e+00 -1.374096274375915527e+00
6.481061935424804688e+00 2.437914848327636719e+00
5.165895462036132812e+00 2.903817653656005859e+00
2.224417924880981445e+00 -1.130960822105407715e+00
2.152077436447143555e+00 -1.279948711395263672e+00
1.971130847930908203e+00 -1.450315237045288086e+00
1.722271442413330078e+00 -1.978501677513122559e+00
1.754529356956481934e+00 -2.160126924514770508e+00
1.745782256126403809e+00 -2.533607244491577148e+00
1.264239430427551270e+00 -3.010514974594116211e+00
1.077541947364807129e+00 -2.644818782806396484e+00
9.393630027770996094e-01 -2.684984445571899414e+00
1.343104243278503418e+00 -2.556028604507446289e+00
1.520649075508117676e+00 -2.177714109420776367e+00
1.321094155311584473e+00 -2.390595436096191406e+00
1.172586083412170410e+00 -1.968433380126953125e+00
9.908339381217956543e-01 -2.254040956497192383e+00
1.163448214530944824e+00 -2.792068719863891602e+00
4.874605536460876465e-01 -2.299263477325439453e+00
6.394745707511901855e-01 -2.326088428497314453e+00
7.009737491607666016e-01 -2.847501516342163086e+00
5.692750811576843262e-01 -3.025062084197998047e+00
8.409341573715209961e-01 -3.264053821563720703e+00
9.858287572860717773e-01 -3.231545448303222656e+00
1.155388236045837402e+00 -3.529947280883789062e+00
1.609377264976501465e+00 -3.360117912292480469e+00
1.690788626670837402e+00 -3.485757827758789062e+00
1.563101768493652344e+00 -3.087623596191406250e+00
1.619986891746520996e+00 -3.278648853302001953e+00
1.268383622169494629e+00 -3.672718286514282227e+00
1.586672186851501465e+00 -3.652452230453491211e+00
1.164258480072021484e+00 -4.148161888122558594e+00
1.283577799797058105e+00 -4.161215305328369141e+00
1.374586462974548340e+00 -4.321432113647460938e+00
1.475171923637390137e+00 -4.464614391326904297e+00
1.825429439544677734e+00 -4.450195312500000000e+00
2.063234567642211914e+00 -4.336650371551513672e+00
2.266048908233642578e+00 -4.126026153564453125e+00
2.015299320220947266e+00 -4.392401218414306641e+00
2.047554731369018555e+00 -4.528872489929199219e+00
1.735316991806030273e+00 -5.077561855316162109e+00
1.806777715682983398e+00 -5.077525615692138672e+00
1.719910144805908203e+00 -5.293741703033447266e+00
2.127515077590942383e+00 -5.397007465362548828e+00
1.949884891510009766e+00 -5.414140224456787109e+00
2.159939289093017578e+00 -5.510500907897949219e+00
2.244984865188598633e+00 -5.185220718383789062e+00
2.291838169097900391e+00 -5.390831470489501953e+00
2.041716814041137695e+00 -6.029603004455566406e+00
2.276208877563476562e+00 -5.987588882446289062e+00
2.023338079452514648e+00 -5.953523635864257812e+00
2.322171926498413086e+00 -5.772891044616699219e+00
2.466778993606567383e+00 -5.911891937255859375e+00
2.722480058670043945e+00 -5.674567222595214844e+00
3.086297273635864258e+00 -5.267710685729980469e+00
3.407473802566528320e+00 -5.242061138153076172e+00
3.396955490112304688e+00 -4.819396972656250000e+00
3.401997327804565430e+00 -4.736978530883789062e+00
3.526944637298583984e+00 -5.085545063018798828e+00
3.607248306274414062e+00 -5.023535728454589844e+00
3.296535491943359375e+00 -5.300651073455810547e+00
3.545930147171020508e+00 -5.803247928619384766e+00
3.349312305450439453e+00 -5.990428924560546875e+00
3.204263925552368164e+00 -6.188369274139404297e+00
3.378806114196777344e+00 -6.127621650695800781e+00
3.971121549606323242e+00 -5.645378589630126953e+00
3.669931173324584961e+00 -5.405035972595214844e+00
3.725837945938110352e+00 -5.631229877471923828e+00
3.622539758682250977e+00 -5.874974727630615234e+00
3.821405649185180664e+00 -6.157547950744628906e+00
4.556959629058837891e+00 -5.981213569641113281e+00
4.570661544799804688e+00 -6.318105697631835938e+00
4.894646644592285156e+00 -6.106130123138427734e+00
5.109170913696289062e+00 -6.237763404846191406e+00
4.638652324676513672e+00 -6.347371578216552734e+00
4.758383750915527344e+00 -6.771081447601318359e+00
5.222239017486572266e+00 -6.642011642456054688e+00
5.464182376861572266e+00 -6.605683803558349609e+00
5.508711338043212891e+00 -6.788412570953369141e+00
5.421173572540283203e+00 -6.994127750396728516e+00
5.457011699676513672e+00 -7.129142761230468750e+00
4.873517036437988281e+00 -7.381711483001708984e+00
4.947452545166015625e+00 -7.554385662078857422e+00
4.480071544647216797e+00 -7.659340381622314453e+00
4.213839054107666016e+00 -7.738113403320312500e+00
3.944160223007202148e+00 -7.451999187469482422e+00
3.639362812042236328e+00 -7.608455657958984375e+00
3.330020904541015625e+00 -7.518427848815917969e+00
3.571486711502075195e+00 -8.003979682922363281e+00
3.535943269729614258e+00 -7.680724620819091797e+00
3.435809373855590820e+00 -7.830228805541992188e+00
3.628583669662475586e+00 -7.666131973266601562e+00
3.709767341613769531e+00 -7.935864448547363281e+00
4.468791484832763672e+00 -8.041851043701171875e+00
5.036313056945800781e+00 -8.168482780456542969e+00
5.419242382049560547e+00 -8.228118896484375000e+00
5.447127819061279297e+00 -7.922103881835937500e+00
5.280226707458496094e+00 -7.886321544647216797e+00
5.331725120544433594e+00 -8.249167442321777344e+00
5.003117561340332031e+00 -8.244400978088378906e+00
5.277348041534423828e+00 -8.729973793029785156e+00
5.437973499298095703e+00 -8.621062278747558594e+00
5.187881946563720703e+00 -8.785042762756347656e+00
4.876356601715087891e+00 -8.916877746582031250e+00
4.358506679534912109e+00 -9.004838943481445312e+00
4.747744083404541016e+00 -8.915338516235351562e+00
4.274577617645263672e+00 -8.673863410949707031e+00
4.059885501861572266e+00 -8.313095092773437500e+00
3.897472143173217773e+00 -8.916673660278320312e+00
3.771095752716064453e+00 -8.776926994323730469e+00
3.684780597686767578e+00 -9.071385383605957031e+00
4.006348609924316406e+00 -8.976005554199218750e+00
3.886501312255859375e+00 -9.161588668823242188e+00
3.604419469833374023e+00 -8.938864707946777344e+00
3.490315198898315430e+00 -9.434182167053222656e+00
3.516473054885864258e+00 -8.785861968994140625e+00
2.951960086822509766e+00 -9.383420944213867188e+00
2.859255075454711914e+00 -9.136308670043945312e+00
3.176375865936279297e+00 -9.047716140747070312e+00
2.940772056579589844e+00 -8.928507804870605469e+00
2.749266386032104492e+00 -8.946576118469238281e+00
2.722293853759765625e+00 -8.837406158447265625e+00
2.992523193359375000e+00 -8.450921058654785156e+00
2.981263875961303711e+00 -8.571284294128417969e+00
3.128621101379394531e+00 -9.218132019042968750e+00
3.127045154571533203e+00 -9.508627891540527344e+00
3.349761247634887695e+00 -9.667227745056152344e+00
3.537083148956298828e+00 -9.927034378051757812e+00
3.623391389846801758e+00 -1.040080928802490234e+01
3.957235574722290039e+00 -1.055729007720947266e+01
3.726958274841308594e+00 -1.036351871490478516e+01
3.670286417007446289e+00 -1.039318752288818359e+01
3.528031826019287109e+00 -1.065419864654541016e+01
3.908780336380004883e+00 -1.054866123199462891e+01
4.469004631042480469e+00 -9.989684104919433594e+00
4.474112510681152344e+00 -1.023012256622314453e+01
4.997259616851806641e+00 -9.799747467041015625e+00
5.296910762786865234e+00 -9.822992324829101562e+00
5.305605411529541016e+00 -1.003761672973632812e+01
4.779088973999023438e+00 -6.152625560760498047e+00
4.536071300506591797e+00 -5.992814064025878906e+00
4.268682956695556641e+00 -6.475455284118652344e+00
4.356926918029785156e+00 -6.831686973571777344e+00
4.419936180114746094e+00 -6.836949825286865234e+00
4.174546241760253906e+00 -7.211555957794189453e+00
4.594049930572509766e+00 -6.871760845184326172e+00
4.078481197357177734e+00 -7.305141925811767578e+00
4.467582702636718750e+00 -7.194592475891113281e+00
4.897932052612304688e+00 -6.886969566345214844e+00
5.246887683868408203e+00 -6.436233043670654297e+00
5.184047698974609375e+00 -5.988501071929931641e+00
5.369850635528564453e+00 -5.665587902069091797e+00
5.358144283294677734e+00 -5.399717807769775391e+00
5.101262569427490234e+00 -5.362017631530761719e+00
5.032400131225585938e+00 -5.111303329467773438e+00
4.671942710876464844e+00 -4.631884098052978516e+00
4.893822193145751953e+00 -4.680906295776367188e+00
4.536359786987304688e+00 -4.386664867401123047e+00
4.723530292510986328e+00 -4.311032295227050781e+00
4.632318496704101562e+00 -3.979486942291259766e+00
5.026562690734863281e+00 -3.900590658187866211e+00
4.747151374816894531e+00 -3.849864006042480469e+00
5.166029930114746094e+00 -4.273058414459228516e+00
5.285403251647949219e+00 -4.356176376342773438e+00
5.255920886993408203e+00 -3.959038257598876953e+00
5.572289466857910156e+00 -3.810584545135498047e+00
6.185082435607910156e+00 1.299406909942626953e+01
5.986405849456787109e+00 1.341265773773193359e+01
6.152090072631835938e+00 1.354813003540039062e+01
6.356898784637451172e+00 1.359533119201660156e+01
6.462066173553466797e+00 1.337030792236328125e+01
6.757045269012451172e+00 1.352371501922607422e+01
7.047568798065185547e+00 1.392256069183349609e+01
7.251399993896484375e+00 1.351506996154785156e+01
7.402030467987060547e+00 1.388923168182373047e+01
7.391746044158935547e+00 1.383230400085449219e+01
7.222350120544433594e+00 1.406266117095947266e+01
7.060757160186767578e+00 1.407402133941650391e+01
6.904659748077392578e+00 1.422448921203613281e+01
6.808543205261230469e+00 1.425501632690429688e+01
6.555565357208251953e+00 1.433400535583496094e+01
6.298679828643798828e+00 1.446611404418945312e+01
6.094676017761230469e+00 1.455439472198486328e+01
5.877629280090332031e+00 1.424846935272216797e+01
6.173888206481933594e+00 1.439192390441894531e+01
5.615263462066650391e+00 1.445375347137451172e+01
5.839506626129150391e+00 1.463122653961181641e+01
5.492309093475341797e+00 1.485633659362792969e+01
5.492760658264160156e+00 1.497046279907226562e+01
5.669836521148681641e+00 1.524302291870117188e+01
6.052641391754150391e+00 1.513294982910156250e+01
6.124165534973144531e+00 1.521652698516845703e+01
5.785386085510253906e+00 1.536248683929443359e+01
5.908792972564697266e+00 1.568722724914550781e+01
5.935678005218505859e+00 1.586851024627685547e+01
5.141578197479248047e+00 -9.675348281860351562e+00
5.392864704132080078e+00 -9.727172851562500000e+00
5.004351139068603516e+00 -9.682257652282714844e+00
5.079188823699951172e+00 -1.009551048278808594e+01
4.931931972503662109e+00 -1.050965404510498047e+01
4.896394729614257812e+00 -1.074260807037353516e+01
3.233225345611572266e+00 -1.085392856597900391e+01
2.651126384735107422e+00 -1.069908523559570312e+01
2.470633983612060547e+00 -1.047578620910644531e+01
2.766561746597290039e+00 -1.093322277069091797e+01
2.766047954559326172e+00 -1.061436462402343750e+01
2.223232030868530273e+00 -1.080939960479736328e+01
2.228438615798950195e+00 -1.054986572265625000e+01
2.063317775726318359e+00 -1.078739166259765625e+01
1.883048415184020996e+00 -1.087535285949707031e+01
1.731525540351867676e+00 -1.091917133331298828e+01
1.784681916236877441e+00 -1.048811054229736328e+01
1.723379254341125488e+00 -1.064238929748535156e+01
1.621653676033020020e+00 -1.091760730743408203e+01
1.167585492134094238e+00 -1.071369743347167969e+01
1.200594782829284668e+00 -1.115182781219482422e+01
1.316869974136352539e+00 -1.145164871215820312e+01
1.227512478828430176e+00 -1.131372737884521484e+01
8.878287672996520996e-01 -1.131062889099121094e+01
1.054413795471191406e+00 -1.124327278137207031e+01
9.556669592857360840e-01 -1.054905223846435547e+01
1.066411614418029785e+00 -1.026548480987548828e+01
1.349636316299438477e+00 -1.042585945129394531e+01
9.072216153144836426e-01 -1.027062988281250000e+01
7.932173609733581543e-01 -1.048667335510253906e+01
5.512987375259399414e-01 -1.047442626953125000e+01
5.316192507743835449e-01 -1.084265995025634766e+01
3.617854714393615723e-01 -1.097952651977539062e+01
1.495712846517562866e-01 -1.080986690521240234e+01
-2.323388308286666870e-01 -1.103282546997070312e+01
-5.794568061828613281e-01 -1.095172691345214844e+01
-5.257893204689025879e-01 -1.125963687896728516e+01
-7.603743672370910645e-01 -1.138336658477783203e+01
-9.919018745422363281e-01 -1.163789176940917969e+01
-1.104853034019470215e+00 -1.140394878387451172e+01
-1.464354276657104492e+00 -1.102055931091308594e+01
-1.640294194221496582e+00 -1.125844192504882812e+01
-1.315973520278930664e+00 -1.119671821594238281e+01
-1.092412471771240234e+00 -1.091424179077148438e+01
-1.692301273345947266e+00 -1.092159080505371094e+01
-1.532111525535583496e+00 -1.070761775970458984e+01
-1.704013824462890625e+00 -1.081892585754394531e+01
-1.552846908569335938e+00 -1.039465236663818359e+01
-1.258246541023254395e+00 -1.050501346588134766e+01
-1.169926881790161133e+00 -1.077985572814941406e+01
-1.143765568733215332e+00 -1.050731468200683594e+01
-9.396606683731079102e-01 -1.033358860015869141e+01
-3.591897785663604736e-01 -1.033115673065185547e+01
-5.203881263732910156e-01 -1.009007167816162109e+01
-3.237821161746978760e-01 -1.045787906646728516e+01
-3.597009181976318359e-01 -9.940896034240722656e+00
-3.116367161273956299e-01 -1.034968662261962891e+01
-8.021215200424194336e-01 -1.008635520935058594e+01
-7.184436321258544922e-01 -9.925384521484375000e+00
-1.361122488975524902e+00 -9.782146453857421875e+00
-1.423346996307373047e+00 -1.021426773071289062e+01
-1.071992039680480957e+00 -1.031554317474365234e+01
-1.301264762878417969e+00 -1.012470340728759766e+01
-9.237376451492309570e-01 -1.014180183410644531e+01
5.595143318176269531e+00 -9.734482765197753906e+00
5.506901264190673828e+00 -9.950193405151367188e+00
5.890920639038085938e+00 -1.002038860321044922e+01
5.902775764465332031e+00 -9.536166191101074219e+00
5.907227516174316406e+00 -9.991186141967773438e+00
6.097368240356445312e+00 -9.511711120605468750e+00
6.336804389953613281e+00 -1.001963520050048828e+01
6.435132026672363281e+00 -1.025637531280517578e+01
6.698243141174316406e+00 -1.045757007598876953e+01
6.842282772064208984e+00 -1.038775062561035156e+01
6.865469455718994141e+00 -1.017763137817382812e+01
7.303382873535156250e+00 -9.999753952026367188e+00
7.489767074584960938e+00 -9.933317184448242188e+00
7.619022846221923828e+00 -9.791858673095703125e+00
7.414159774780273438e+00 -1.002481269836425781e+01
6.967262268066406250e+00 -1.019846534729003906e+01
7.220921039581298828e+00 -9.874661445617675781e+00
7.172799110412597656e+00 -9.654077529907226562e+00
7.406212329864501953e+00 -9.870389938354492188e+00
7.265161991119384766e+00 -9.806108474731445312e+00
7.434955596923828125e+00 -9.439313888549804688e+00
7.046021461486816406e+00 -9.342798233032226562e+00
6.834071159362792969e+00 -9.145563125610351562e+00
7.243799209594726562e+00 -8.851801872253417969e+00
7.357019901275634766e+00 -8.866906166076660156e+00
7.732622623443603516e+00 -9.000649452209472656e+00
7.672449111938476562e+00 -8.699970245361328125e+00
7.724108695983886719e+00 -8.842821121215820312e+00
8.161843299865722656e+00 -9.159257888793945312e+00
7.985771656036376953e+00 -9.058609962463378906e+00
7.732205867767333984e+00 -8.790632247924804688e+00
7.478686809539794922e+00 -8.408467292785644531e+00
7.930686473846435547e+00 -8.295977592468261719e+00
7.703693866729736328e+00 -8.001863479614257812e+00
8.037768363952636719e+00 -8.423703193664550781e+00
8.246038436889648438e+00 -8.121499061584472656e+00
8.135971069335937500e+00 -8.455018043518066406e+00
8.611384391784667969e+00 -8.783277511596679688e+00
8.502623558044433594e+00 -8.550576210021972656e+00
8.804897308349609375e+00 -8.371028900146484375e+00
8.755666732788085938e+00 -8.174286842346191406e+00
8.962671279907226562e+00 -8.033823966979980469e+00
8.608241081237792969e+00 -7.915395259857177734e+00
8.569495201110839844e+00 -7.625200748443603516e+00
8.637562751770019531e+00 -7.430777072906494141e+00
8.430779457092285156e+00 -7.504520893096923828e+00
8.609918594360351562e+00 -6.704646587371826172e+00
8.465767860412597656e+00 -6.474476814270019531e+00
8.700685501098632812e+00 -6.270481586456298828e+00
8.767031669616699219e+00 -5.653151512145996094e+00
8.292476654052734375e+00 -5.682247638702392578e+00
8.281469345092773438e+00 -5.766743659973144531e+00
8.185640335083007812e+00 -6.128424644470214844e+00
8.318034172058105469e+00 -5.577253341674804688e+00
8.138944625854492188e+00 -5.544552803039550781e+00
8.769486427307128906e+00 -5.728346824645996094e+00
8.721575736999511719e+00 -5.812084197998046875e+00
8.531299591064453125e+00 -5.827882766723632812e+00
9.086491584777832031e+00 -6.032054901123046875e+00
9.157715797424316406e+00 -6.325891017913818359e+00
8.975051879882812500e+00 -5.868737220764160156e+00
9.280225753784179688e+00 -6.271749496459960938e+00
9.381644248962402344e+00 -6.466576099395751953e+00
8.977680206298828125e+00 -6.064107894897460938e+00
9.294531822204589844e+00 -6.335723400115966797e+00
8.703408241271972656e+00 -6.652992725372314453e+00
9.081040382385253906e+00 -6.917066097259521484e+00
8.709256172180175781e+00 -6.735617637634277344e+00
8.315199851989746094e+00 -6.688152313232421875e+00
8.297659873962402344e+00 -6.746756553649902344e+00
8.051571846008300781e+00 -6.705479145050048828e+00
8.026058197021484375e+00 -6.843642711639404297e+00
8.044680595397949219e+00 -7.027726173400878906e+00
6.344710826873779297e+00 1.582313728332519531e+01
6.310629367828369141e+00 1.566651153564453125e+01
6.727223873138427734e+00 1.584527397155761719e+01
7.025660037994384766e+00 1.549307632446289062e+01
7.398392677307128906e+00 1.532708168029785156e+01
7.679212570190429688e+00 1.536628150939941406e+01
7.339491367340087891e+00 1.590857410430908203e+01
7.444778442382812500e+00 1.602585601806640625e+01
7.569059371948242188e+00 1.625654983520507812e+01
7.593864917755126953e+00 1.659684371948242188e+01
7.841108798980712891e+00 1.677941322326660156e+01
7.951006889343261719e+00 1.666147232055664062e+01
8.178835868835449219e+00 1.696163368225097656e+01
8.276001930236816406e+00 1.705312156677246094e+01
8.344713211059570312e+00 1.676939773559570312e+01
8.277058601379394531e+00 1.662124824523925781e+01
7.875712394714355469e+00 1.650182533264160156e+01
8.196307182312011719e+00 1.654109764099121094e+01
8.659819602966308594e+00 1.636034202575683594e+01
8.849417686462402344e+00 1.646209716796875000e+01
8.598272323608398438e+00 1.608675765991210938e+01
9.043991088867187500e+00 1.602177238464355469e+01
9.248954772949218750e+00 1.609610366821289062e+01
9.260514259338378906e+00 1.594642066955566406e+01
9.520033836364746094e+00 1.624183464050292969e+01
8.852320671081542969e+00 1.696438598632812500e+01
9.402392387390136719e+00 1.726795196533203125e+01
9.581537246704101562e+00 1.737673568725585938e+01
9.472564697265625000e+00 1.735914993286132812e+01
9.488080024719238281e+00 1.737094879150390625e+01
9.285135269165039062e+00 1.681494331359863281e+01
9.343323707580566406e+00 1.659674072265625000e+01
8.910969734191894531e+00 1.703775024414062500e+01
9.012032508850097656e+00 1.675396347045898438e+01
8.813778877258300781e+00 1.734606742858886719e+01
8.975355148315429688e+00 1.714790344238281250e+01
9.103877067565917969e+00 1.703107833862304688e+01
9.798315048217773438e+00 1.674511909484863281e+01
9.738547325134277344e+00 1.686999320983886719e+01
1.007319068908691406e+01 1.651984405517578125e+01
1.028000259399414062e+01 1.629063224792480469e+01
1.062288379669189453e+01 1.619196701049804688e+01
1.115420246124267578e+01 1.652322769165039062e+01
1.097667598724365234e+01 1.623848342895507812e+01
1.139386844635009766e+01 1.623339080810546875e+01
1.117094421386718750e+01 1.655429458618164062e+01
1.163582801818847656e+01 1.645318984985351562e+01
1.107414531707763672e+01 1.628202819824218750e+01
1.086577892303466797e+01 1.671426200866699219e+01
1.048903751373291016e+01 1.678114509582519531e+01
1.063626956939697266e+01 1.700644683837890625e+01
1.041452503204345703e+01 1.684124374389648438e+01
1.044262599945068359e+01 1.698179054260253906e+01
1.083177471160888672e+01 1.734484481811523438e+01
1.125843334197998047e+01 1.709111976623535156e+01
1.125342369079589844e+01 1.686939811706542969e+01
1.134338855743408203e+01 1.682402229309082031e+01
1.152918434143066406e+01 1.676512908935546875e+01
1.135054016113281250e+01 1.629456329345703125e+01
1.081908607482910156e+01 1.656180572509765625e+01
1.099613475799560547e+01 1.552370738983154297e+01
1.034476852416992188e+01 1.551272678375244141e+01
1.042544269561767578e+01 1.532543373107910156e+01
1.056002330780029297e+01 1.525064945220947266e+01
1.043122386932373047e+01 1.523579788208007812e+01
1.086685371398925781e+01 1.524334144592285156e+01
1.122795104980468750e+01 1.560515213012695312e+01
1.115212631225585938e+01 1.557594680786132812e+01
1.085885429382324219e+01 1.561021804809570312e+01
1.060443115234375000e+01 1.594970798492431641e+01
1.013994884490966797e+01 1.591986942291259766e+01
1.071945381164550781e+01 1.598069381713867188e+01
1.040574455261230469e+01 1.591034793853759766e+01
1.054073333740234375e+01 1.590153598785400391e+01
6.335739612579345703e+00 1.569321823120117188e+01
6.118574619293212891e+00 1.610658645629882812e+01
6.507825374603271484e+00 1.636071968078613281e+01
6.536194324493408203e+00 1.628369522094726562e+01
6.167798042297363281e+00 1.678814315795898438e+01
6.383772373199462891e+00 1.682484436035156250e+01
6.731029987335205078e+00 1.711136817932128906e+01
6.522316455841064453e+00 1.693218994140625000e+01
6.877110958099365234e+00 1.704540252685546875e+01
6.289583683013916016e+00 1.737644195556640625e+01
5.937310695648193359e+00 1.721356964111328125e+01
5.899816513061523438e+00 1.663311195373535156e+01
5.892759323120117188e+00 1.679014205932617188e+01
5.739808559417724609e+00 1.631598854064941406e+01
5.515332221984863281e+00 1.653967857360839844e+01
4.912066459655761719e+00 1.736339759826660156e+01
4.800827503204345703e+00 1.712106323242187500e+01
5.086273193359375000e+00 1.729544448852539062e+01
4.815779685974121094e+00 1.725214958190917969e+01
4.859875202178955078e+00 1.690475845336914062e+01
4.985089302062988281e+00 1.694756507873535156e+01
5.324889183044433594e+00 1.748079681396484375e+01
5.278200149536132812e+00 1.761532783508300781e+01
5.258061408996582031e+00 1.786680030822753906e+01
5.005149364471435547e+00 1.786486816406250000e+01
5.034335613250732422e+00 1.817136192321777344e+01
4.860041618347167969e+00 1.800075912475585938e+01
4.689951896667480469e+00 1.842969894409179688e+01
4.786426067352294922e+00 1.845681571960449219e+01
4.619710922241210938e+00 1.832472419738769531e+01
4.433409690856933594e+00 1.836327552795410156e+01
4.241364002227783203e+00 1.817499351501464844e+01
4.132708072662353516e+00 1.776550292968750000e+01
4.366160392761230469e+00 1.811520385742187500e+01
4.130781650543212891e+00 1.854729461669921875e+01
4.341567993164062500e+00 1.888759040832519531e+01
4.272583484649658203e+00 1.903186416625976562e+01
4.061779022216796875e+00 1.882885551452636719e+01
3.979589939117431641e+00 1.870772743225097656e+01
4.181899547576904297e+00 1.850761222839355469e+01
3.780141592025756836e+00 1.882730865478515625e+01
4.329888343811035156e+00 1.844085884094238281e+01
3.977200031280517578e+00 1.759284210205078125e+01
3.697783708572387695e+00 1.767860031127929688e+01
3.344216108322143555e+00 1.761268806457519531e+01
3.440262556076049805e+00 1.766845321655273438e+01
3.778784751892089844e+00 1.782921981811523438e+01
3.999385595321655273e+00 1.785625648498535156e+01
3.631959438323974609e+00 1.785191726684570312e+01
3.428987264633178711e+00 1.821675109863281250e+01
3.308703184127807617e+00 1.828226470947265625e+01
3.191102027893066406e+00 1.839916419982910156e+01
2.995960235595703125e+00 1.827943801879882812e+01
3.155179262161254883e+00 1.835569381713867188e+01
3.265833616256713867e+00 1.807850456237792969e+01
2.874087572097778320e+00 1.793220901489257812e+01
3.285577058792114258e+00 1.841476440429687500e+01
3.336239576339721680e+00 1.818749237060546875e+01
