-1.814261913299560547e+00 6.974164485931396484e+00
9.204160690307617188e+00 -5.978215694427490234e+00
-1.893427610397338867e+00 7.655589580535888672e+00
1.142173194885253906e+01 2.014951133728027344e+01
1.068222999572753906e+01 -4.136311054229736328e+00
-3.193101644515991211e+00 9.353812217712402344e+00
7.993535995483398438e+00 -7.000612735748291016e+00
5.576085090637207031e+00 -9.297957420349121094e+00
9.296422958374023438e+00 2.436731815338134766e+00
1.381573104858398438e+01 1.085481929779052734e+01
1.350312709808349609e+01 2.129120111465454102e+00
6.652066230773925781e+00 -8.433459281921386719e+00
1.271841430664062500e+01 -1.788239002227783203e+00
8.755171775817871094e+00 2.346488237380981445e+00
1.604736137390136719e+01 1.719217681884765625e+01
7.254408836364746094e+00 -7.807016849517822266e+00
1.310254001617431641e+01 1.453761482238769531e+01
9.960903167724609375e+00 2.181637287139892578e+00
1.331610584259033203e+01 -1.988896965980529785e+00
6.426792621612548828e+00 -6.981822013854980469e+00
-1.527974724769592285e+00 5.477308273315429688e+00
1.580385112762451172e+01 4.153849601745605469e+00
1.064550685882568359e+01 8.688396811485290527e-01
-1.703945159912109375e+00 1.862532806396484375e+01
8.842376708984375000e+00 2.388547420501708984e+00
1.320213603973388672e+01 2.390566349029541016e+00
1.155127239227294922e+01 2.001672935485839844e+01
1.115316104888916016e+01 -3.193714618682861328e-01
1.664736747741699219e+01 5.950576782226562500e+00
-3.630496978759765625e+00 1.078004932403564453e+01
1.586068820953369141e+01 5.605093479156494141e+00
2.237230777740478516e+00 -7.664234161376953125e+00
-2.183088064193725586e+00 8.603658676147460938e+00
1.596554279327392578e+01 4.311111927032470703e+00
1.305097675323486328e+01 -2.003308296203613281e+00
1.156219863891601562e+01 -2.377715349197387695e+00
1.133039283752441406e+01 -4.020486474037170410e-01
2.481379032135009766e+00 4.853118896484375000e+00
-3.010441303253173828e+00 1.601628684997558594e+01
4.229249954223632812e+00 -6.895983695983886719e+00
8.475743293762207031e+00 -6.755393028259277344e+00
-1.481675982475280762e+00 1.864753532409667969e+01
2.976720094680786133e+00 5.448763847351074219e+00
2.960078001022338867e+00 -9.246172904968261719e+00
-2.648492097854614258e+00 1.948849105834960938e+01
9.059260368347167969e+00 -6.689153194427490234e+00
-1.866312742233276367e+00 1.917943572998046875e+01
1.267600822448730469e+01 3.415871039032936096e-02
1.192322254180908203e+01 1.721434211730957031e+01
1.177888298034667969e+01 1.537978410720825195e+00
1.589076995849609375e+01 2.114744949340820312e+01
-1.940399289131164551e+00 1.859016990661621094e+01
1.559047698974609375e+01 1.397300338745117188e+01
-2.180721521377563477e+00 8.104743003845214844e+00
-3.955464124679565430e+00 1.284745979309082031e+01
-1.736757636070251465e+00 6.711721897125244141e+00
-3.192078351974487305e+00 1.400222587585449219e+01
3.416629552841186523e+00 -7.008357524871826172e+00
1.523894023895263672e+01 1.293696308135986328e+01
1.364772129058837891e+01 7.893726825714111328e+00
9.882315635681152344e+00 -5.146189689636230469e+00
1.625831031799316406e+01 1.815952491760253906e+01
1.249912834167480469e+01 1.581741237640380859e+01
1.213844299316406250e+01 1.667601585388183594e+01
1.138752460479736328e+01 1.925353431701660156e+01
-2.086878299713134766e+00 7.376079082489013672e+00
-2.021064043045043945e+00 1.822955513000488281e+01
1.211643505096435547e+01 1.393929272890090942e-01
1.174518299102783203e+01 -2.463085412979125977e+00
1.307311248779296875e+01 1.706242084503173828e+00
1.364050960540771484e+01 2.222027301788330078e+00
1.350587749481201172e+01 8.399641990661621094e+00
1.152313232421875000e+01 7.753394246101379395e-01
5.741314411163330078e+00 -9.262754440307617188e+00
-1.824445366859436035e+00 7.282954692840576172e+00
4.815704345703125000e+00 -9.332228660583496094e+00
1.213213348388671875e+01 -5.688790321350097656e+00
1.290533256530761719e+01 1.488379192352294922e+01
1.150260925292968750e+01 1.538610935211181641e+00
1.543286323547363281e+01 1.238739395141601562e+01
-3.706315517425537109e+00 1.113345527648925781e+01
-3.838892698287963867e+00 1.336294174194335938e+01
4.657639980316162109e+00 -9.430951118469238281e+00
-3.764125823974609375e+00 1.107735824584960938e+01
1.083504486083984375e+01 -3.763214588165283203e+00
1.049888324737548828e+01 -6.006123542785644531e+00
1.598028469085693359e+01 1.150101280212402344e+01
-4.013383865356445312e+00 1.306419754028320312e+01
1.604010963439941406e+01 4.565316677093505859e+00
1.584982299804687500e+01 1.155419540405273438e+01
2.085173130035400391e+00 5.113975524902343750e+00
1.348615264892578125e+01 8.851107597351074219e+00
-1.704947710037231445e+00 5.710466384887695312e+00
-1.432763099670410156e+00 4.919449329376220703e+00
1.351947593688964844e+01 9.050809860229492188e+00
-1.914261102676391602e+00 5.842705249786376953e+00
1.649246597290039062e+01 1.948130798339843750e+01
1.398480319976806641e+01 1.116756534576416016e+01
1.305356502532958984e+01 2.991552054882049561e-01
1.267149448394775391e+01 -4.943792343139648438e+00
1.117548561096191406e+01 8.434604406356811523e-01
1.640550804138183594e+01 1.788117408752441406e+01
1.188055229187011719e+01 -2.489845991134643555e+00
1.579563713073730469e+01 1.427511405944824219e+01
7.102540016174316406e+00 3.350654125213623047e+00
-3.642109394073486328e+00 1.038878822326660156e+01
7.949034214019775391e+00 -6.562428951263427734e+00
1.213269805908203125e+01 -3.126229625195264816e-03
1.610875129699707031e+01 1.690399360656738281e+01
1.678240203857421875e+01 6.791447639465332031e+00
1.226314926147460938e+01 -5.006041526794433594e+00
-8.446238636970520020e-01 6.567216873168945312e+00
-3.191512823104858398e+00 9.345532417297363281e+00
9.572274208068847656e+00 -5.690907001495361328e+00
7.408288955688476562e+00 -6.649805545806884766e+00
7.304007530212402344e+00 3.441649913787841797e+00
1.222449970245361328e+01 9.251503348350524902e-01
9.581072807312011719e+00 -5.619277000427246094e+00
1.345347309112548828e+01 8.682023048400878906e+00
1.160357570648193359e+01 1.870010948181152344e+01
1.720996475219726562e+01 7.547780990600585938e+00
1.101747608184814453e+01 -5.716751098632812500e+00
-3.393201589584350586e+00 1.197780609130859375e+01
4.829976558685302734e+00 -6.719228267669677734e+00
8.670569419860839844e+00 -6.023296356201171875e+00
1.688209724426269531e+01 6.905199527740478516e+00
1.307611274719238281e+01 1.435462284088134766e+01
1.406099891662597656e+01 7.065410137176513672e+00
-3.497256994247436523e+00 1.315754795074462891e+01
1.085558414459228516e+01 1.524688154458999634e-01
1.188319683074951172e+01 -2.762892723083496094e+00
4.313213825225830078e+00 4.546913623809814453e+00
-1.956184267997741699e+00 1.836861610412597656e+01
-3.255951404571533203e+00 1.204474544525146484e+01
1.474689865112304688e+01 2.620736360549926758e+00
1.575575160980224609e+01 2.144866752624511719e+01
2.476840496063232422e+00 -8.972834587097167969e+00
1.367891025543212891e+01 1.046046447753906250e+01
1.553827667236328125e+01 1.407472801208496094e+01
1.346717357635498047e+01 8.678442001342773438e+00
2.399682283401489258e+00 5.124286651611328125e+00
7.028773307800292969e+00 3.808372974395751953e+00
1.141168498992919922e+01 -5.249062180519104004e-01
1.331832885742187500e+01 2.231033563613891602e+00
-2.598098993301391602e+00 1.326483058929443359e+01
1.414730453491210938e+01 1.220654773712158203e+01
1.202862262725830078e+01 1.322746396064758301e+00
6.563404560089111328e+00 -8.321227073669433594e+00
1.626008033752441406e+01 1.844937133789062500e+01
1.100522708892822266e+01 -5.702319622039794922e+00
1.446637344360351562e+01 6.494216442108154297e+00
1.394721603393554688e+01 1.208600234985351562e+01
1.373904132843017578e+01 7.376082420349121094e+00
7.527349948883056641e+00 3.367899656295776367e+00
6.547907352447509766e+00 -8.423835754394531250e+00
1.174320220947265625e+01 1.986417579650878906e+01
1.176836109161376953e+01 1.908020782470703125e+01
1.636233711242675781e+01 1.721337509155273438e+01
1.419872093200683594e+01 6.737711906433105469e+00
1.498670673370361328e+01 5.817914485931396484e+00
3.083009958267211914e+00 5.021745681762695312e+00
-2.373891115188598633e+00 7.677871704101562500e+00
1.183526706695556641e+01 -1.600101232528686523e+00
1.113493156433105469e+01 4.794170558452606201e-01
5.981982707977294922e+00 4.327816963195800781e+00
8.235990524291992188e+00 -6.172183036804199219e+00
1.353469085693359375e+01 9.139674186706542969e+00
1.397779560089111328e+01 2.130454301834106445e+00
1.565594673156738281e+01 1.444919109344482422e+01
-3.713709115982055664e+00 9.992300033569335938e+00
-3.252748966217041016e+00 1.557215976715087891e+01
-9.810689687728881836e-01 6.758172988891601562e+00
1.085777950286865234e+01 1.068881511688232422e+00
2.708820819854736328e+00 4.830496788024902344e+00
1.184039211273193359e+01 -2.962204933166503906e+00
1.569013500213623047e+01 3.861311435699462891e+00
9.786465644836425781e+00 -5.439938545227050781e+00
1.379097747802734375e+01 1.023405265808105469e+01
1.248249912261962891e+01 1.582666587829589844e+01
1.485754108428955078e+01 6.739883899688720703e+00
5.040104866027832031e+00 -9.529442787170410156e+00
1.187460613250732422e+01 1.765603446960449219e+01
1.612423133850097656e+01 5.962857246398925781e+00
1.130054759979248047e+01 1.937404441833496094e+01
6.841486930847167969e+00 -6.979615688323974609e+00
-1.442783951759338379e+00 7.647081851959228516e+00
1.542609977722167969e+01 1.377218914031982422e+01
1.404709815979003906e+01 1.204405212402343750e+01
3.597041606903076172e+00 4.776120662689208984e+00
-3.261415719985961914e+00 8.166816711425781250e+00
-3.451697349548339844e+00 1.324903106689453125e+01
1.398800468444824219e+01 1.161653423309326172e+01
-2.615887165069580078e+00 1.827044677734375000e+01
1.192586517333984375e+01 -2.501889705657958984e+00
1.433707904815673828e+01 6.782498836517333984e+00
1.167032718658447266e+01 7.235612273216247559e-01
-2.621393680572509766e+00 9.008843421936035156e+00
1.129349994659423828e+01 7.629179954528808594e-01
1.625065612792968750e+01 2.026592445373535156e+01
1.648109626770019531e+01 6.524613857269287109e+00
-2.034155368804931641e+00 1.858172416687011719e+01
1.506453800201416016e+01 5.477433204650878906e+00
1.596980381011962891e+01 4.131654739379882812e+00
-2.148903369903564453e+00 6.804571628570556641e+00
1.744673347473144531e+01 8.347403526306152344e+00
-3.255740880966186523e+00 1.230143356323242188e+01
1.493708515167236328e+01 5.479082584381103516e+00
6.966614246368408203e+00 -7.819316864013671875e+00
3.403275012969970703e+00 -9.421787261962890625e+00
4.454321384429931641e+00 4.952835559844970703e+00
-1.817038536071777344e+00 6.583911418914794922e+00
1.194128227233886719e+01 1.742256546020507812e+01
1.637767410278320312e+01 1.964645195007324219e+01
3.850230693817138672e+00 4.748320579528808594e+00
6.286686420440673828e+00 4.090219497680664062e+00
1.633920478820800781e+01 1.883463668823242188e+01
-3.340983867645263672e+00 1.019998550415039062e+01
-3.005158424377441406e+00 8.470109939575195312e+00
-3.680243253707885742e+00 1.139016437530517578e+01
-4.112852573394775391e+00 1.292011451721191406e+01
-2.403658628463745117e+00 5.403481483459472656e+00
1.577794361114501953e+01 1.508090496063232422e+01
7.800580024719238281e+00 2.956332921981811523e+00
1.249488067626953125e+01 6.625367403030395508e-01
2.979256868362426758e+00 5.197139739990234375e+00
9.160707473754882812e+00 -6.089422702789306641e+00
1.661345672607421875e+01 6.302830219268798828e+00
1.675690269470214844e+01 9.787222862243652344e+00
6.571716785430908203e+00 3.695980310440063477e+00
1.235948085784912109e+01 -6.659153103828430176e-01
1.741261839866638184e+00 4.925145626068115234e+00
1.640425300598144531e+01 1.938274765014648438e+01
1.314504337310791016e+01 -1.776544690132141113e+00
1.088861656188964844e+01 5.711089968681335449e-01
-3.226951122283935547e+00 1.479638481140136719e+01
1.577599048614501953e+01 1.176528167724609375e+01
1.469600009918212891e+01 2.555896282196044922e+00
1.221917247772216797e+01 1.656726074218750000e+01
1.302364158630371094e+01 4.413031637668609619e-01
-1.639229178428649902e+00 8.093227386474609375e+00
1.172848796844482422e+01 -7.891774773597717285e-01
1.259097099304199219e+01 -5.011203289031982422e+00
1.120138072967529297e+01 -4.197907745838165283e-01
-7.786786556243896484e-01 6.871540546417236328e+00
2.564542293548583984e+00 -8.850174903869628906e+00
-3.037384748458862305e+00 1.497521114349365234e+01
1.254308986663818359e+01 6.441445350646972656e-01
-1.720157980918884277e+00 1.826727867126464844e+01
1.071507263183593750e+01 -5.789464473724365234e+00
1.253977108001708984e+01 -4.276147365570068359e+00
-4.116297245025634766e+00 1.264757442474365234e+01
1.013018989562988281e+01 -6.135623931884765625e+00
2.508563756942749023e+00 -8.927879333496093750e+00
1.730210113525390625e+01 8.521056175231933594e+00
1.602810096740722656e+01 4.268767833709716797e+00
1.223838806152343750e+01 -2.800784349441528320e+00
5.367927074432373047e+00 -6.910454750061035156e+00
6.539544582366943359e+00 -8.321042060852050781e+00
-2.171413421630859375e+00 1.902730751037597656e+01
1.612153434753417969e+01 4.324873447418212891e+00
1.627503395080566406e+01 1.843168640136718750e+01
-3.687025070190429688e+00 1.082532215118408203e+01
1.558512115478515625e+01 1.511239528656005859e+01
1.325847339630126953e+01 4.526930153369903564e-01
1.401265716552734375e+01 1.101671791076660156e+01
-3.158250808715820312e+00 8.961104393005371094e+00
1.184635925292968750e+01 -1.168274059891700745e-01
5.151789665222167969e+00 -9.264746665954589844e+00
1.160588359832763672e+01 1.870286750793457031e+01
-3.886599302291870117e+00 1.034078788757324219e+01
-4.084484100341796875e+00 1.226364994049072266e+01
1.132280731201171875e+01 -5.495271205902099609e+00
-2.163788318634033203e+00 5.908758640289306641e+00
-1.471415758132934570e+00 5.119028568267822266e+00
5.979582309722900391e+00 -8.954617500305175781e+00
8.828281402587890625e+00 2.298618555068969727e+00
1.146317577362060547e+01 1.555782318115234375e+00
1.141593742370605469e+01 2.042975574731826782e-01
-2.102801084518432617e+00 5.142503261566162109e+00
1.740198135375976562e+01 8.591295242309570312e+00
1.142535400390625000e+01 -2.015657663345336914e+00
-1.169481635093688965e+00 7.397936820983886719e+00
1.349231338500976562e+01 8.922325134277343750e+00
3.079062938690185547e+00 -6.780967712402343750e+00
1.632081985473632812e+01 1.947407341003417969e+01
6.783868789672851562e+00 -7.967323303222656250e+00
1.624734687805175781e+01 5.790977001190185547e+00
-2.355486631393432617e+00 6.219480514526367188e+00
3.002475023269653320e+00 5.566223621368408203e+00
1.278063583374023438e+01 1.493483352661132812e+01
-3.782985448837280273e+00 1.267523670196533203e+01
1.316848468780517578e+01 1.422600650787353516e+01
1.106705284118652344e+01 1.980415153503417969e+01
2.214752435684204102e+00 -7.747681140899658203e+00
1.211685180664062500e+01 3.382356464862823486e-02
1.379079151153564453e+01 1.962214469909667969e+00
5.505881786346435547e+00 4.535816192626953125e+00
1.293535995483398438e+01 1.493492126464843750e+01
-3.172488689422607422e+00 1.615788269042968750e+01
1.576444053649902344e+01 1.174285125732421875e+01
4.696535110473632812e+00 -6.848484516143798828e+00
-2.564598560333251953e+00 1.286433696746826172e+01
5.012413501739501953e+00 -6.773019790649414062e+00
1.315182876586914062e+01 1.437087345123291016e+01
1.616627502441406250e+01 2.057211494445800781e+01
1.936718344688415527e+00 5.317149162292480469e+00
1.612873268127441406e+01 1.666355705261230469e+01
2.661345481872558594e+00 4.760314464569091797e+00
6.178623676300048828e+00 3.749849081039428711e+00
1.229868125915527344e+01 -5.271759986877441406e+00
9.449723243713378906e+00 2.100741147994995117e+00
1.389650249481201172e+01 2.124931812286376953e+00
-3.415296554565429688e+00 1.433676052093505859e+01
-3.034334897994995117e+00 8.134473800659179688e+00
1.027414608001708984e+01 -4.769553184509277344e+00
1.571909523010253906e+01 1.411389350891113281e+01
2.997481107711791992e+00 -6.909360885620117188e+00
1.625471496582031250e+01 6.217357635498046875e+00
1.409815120697021484e+01 8.422792553901672363e-01
1.445218372344970703e+01 1.290100336074829102e+00
-3.746610403060913086e+00 1.372081661224365234e+01
1.364289760589599609e+01 8.163906097412109375e+00
8.425299644470214844e+00 2.560895919799804688e+00
1.740896224975585938e+01 8.497230529785156250e+00
1.571485996246337891e+01 1.402354431152343750e+01
-3.414883852005004883e+00 1.389314270019531250e+01
8.683301925659179688e+00 2.375382661819458008e+00
1.092130374908447266e+01 1.983126997947692871e+00
1.397947788238525391e+01 8.152711987495422363e-01
-3.195368766784667969e+00 9.194503784179687500e+00
4.911744594573974609e+00 4.949334144592285156e+00
1.368826293945312500e+01 8.270244598388671875e+00
2.247773170471191406e+00 4.524621963500976562e+00
1.176055622100830078e+01 -2.316766738891601562e+00
1.062002086639404297e+01 8.148118257522583008e-01
1.388024330139160156e+01 1.082861137390136719e+01
-3.275349855422973633e+00 1.028285217285156250e+01
1.391656208038330078e+01 1.072328567504882812e+01
1.005820465087890625e+01 -4.667411804199218750e+00
1.024234390258789062e+01 1.728037476539611816e+00
1.504753494262695312e+01 5.861224174499511719e+00
-3.286110639572143555e+00 1.171021938323974609e+01
2.727139711380004883e+00 5.229814529418945312e+00
1.156206607818603516e+01 -1.863967180252075195e+00
-2.716851234436035156e+00 9.182837486267089844e+00
5.552090406417846680e-01 4.753375053405761719e+00
3.223865032196044922e+00 5.274085998535156250e+00
1.611643600463867188e+01 1.123189449310302734e+01
1.581898975372314453e+01 4.622996330261230469e+00
1.089421749114990234e+01 1.830850243568420410e+00
1.168552017211914062e+01 1.947503662109375000e+01
1.550522041320800781e+01 1.393393230438232422e+01
1.722594642639160156e+01 7.940930843353271484e+00
1.344136810302734375e+01 1.373882579803466797e+01
1.197348690032958984e+01 -5.803205490112304688e+00
1.622852325439453125e+01 2.035322189331054688e+01
4.693152904510498047e+00 -6.694435596466064453e+00
1.879007339477539062e+00 5.305140018463134766e+00
1.600332069396972656e+01 2.109833526611328125e+01
-7.657963037490844727e-01 7.025372982025146484e+00
1.271949291229248047e+01 -3.084789276123046875e+00
3.797182798385620117e+00 5.168351173400878906e+00
5.859448432922363281e+00 3.938083410263061523e+00
-1.497753620147705078e+00 7.176466941833496094e+00
1.434759712219238281e+01 1.191230773925781250e+01
-3.624075174331665039e+00 1.047506523132324219e+01
1.693378257751464844e+01 9.654343605041503906e+00
6.804729461669921875e+00 -8.174822807312011719e+00
-1.183973193168640137e+00 5.202191829681396484e+00
6.555336475372314453e+00 -6.992942810058593750e+00
1.146908569335937500e+01 -1.024110555648803711e+00
2.704412460327148438e+00 -7.176452159881591797e+00
-2.361493110656738281e+00 1.798733329772949219e+01
7.847022056579589844e+00 -6.148315429687500000e+00
-2.470276355743408203e+00 1.928616142272949219e+01
1.172304153442382812e+01 8.338031172752380371e-01
1.445418739318847656e+01 6.404941558837890625e+00
1.173428535461425781e+01 1.816227149963378906e+01
-2.977607011795043945e+00 1.422240447998046875e+01
1.621132659912109375e+01 1.747799110412597656e+01
5.051360607147216797e+00 4.561808586120605469e+00
1.175987625122070312e+01 1.859731864929199219e+01
1.613801765441894531e+01 4.796292304992675781e+00
-3.530052661895751953e+00 1.115005397796630859e+01
1.729745483398437500e+01 8.220891952514648438e+00
1.307509803771972656e+01 2.058696508407592773e+00
1.331202983856201172e+01 2.382050991058349609e+00
5.426723003387451172e+00 -6.861803531646728516e+00
-3.541204690933227539e+00 1.210242652893066406e+01
-8.296447992324829102e-01 6.573364257812500000e+00
1.262575912475585938e+01 -2.722585678100585938e+00
1.192870807647705078e+01 -5.790715217590332031e+00
4.898393154144287109e+00 -6.961926460266113281e+00
-3.158372879028320312e+00 1.202093791961669922e+01
-2.465606212615966797e+00 1.313095951080322266e+01
-2.301342964172363281e+00 1.836335182189941406e+01
8.157366752624511719e+00 3.189148187637329102e+00
4.824316024780273438e+00 4.636589050292968750e+00
1.310395908355712891e+01 2.323697805404663086e+00
1.368055915832519531e+01 7.904214859008789062e+00
9.776739120483398438e+00 -5.259800910949707031e+00
-2.068660497665405273e+00 7.633619308471679688e+00
-2.495553731918334961e+00 1.341888427734375000e+01
1.065029430389404297e+01 4.775608181953430176e-01
-2.883316040039062500e+00 8.289445877075195312e+00
2.446991920471191406e+00 -8.663786888122558594e+00
-2.879381656646728516e+00 8.941969871520996094e+00
-4.036550521850585938e+00 1.235187053680419922e+01
2.673560976982116699e-01 4.796148777008056641e+00
1.197977066040039062e+00 4.963048458099365234e+00
1.028782272338867188e+01 -4.727828502655029297e+00
1.178843307495117188e+01 1.932049560546875000e+01
1.226449203491210938e+01 1.098728179931640625e-01
1.911670207977294922e+00 5.311486721038818359e+00
2.587043762207031250e+00 5.134031295776367188e+00
1.707350730895996094e+01 9.189240455627441406e+00
-2.415633916854858398e+00 8.757431030273437500e+00
5.626331806182861328e+00 -9.205497741699218750e+00
-2.512195825576782227e+00 1.299718570709228516e+01
2.692347288131713867e+00 4.994182586669921875e+00
1.261767482757568359e+01 -4.576733112335205078e+00
3.410440683364868164e+00 -9.465452194213867188e+00
-2.348435401916503906e+00 8.522546768188476562e+00
-1.564168930053710938e+00 5.696156024932861328e+00
1.556427669525146484e+01 3.624381780624389648e+00
1.218449878692626953e+01 -5.551696300506591797e+00
3.113210201263427734e+00 -6.798733234405517578e+00
1.626600646972656250e+01 1.784478187561035156e+01
1.222957229614257812e+01 1.685314750671386719e+01
-6.033881306648254395e-01 6.847625732421875000e+00
1.392529773712158203e+01 7.854703068733215332e-01
1.170761585235595703e+01 -2.672652244567871094e+00
-3.855701208114624023e+00 1.244544315338134766e+01
8.695021629333496094e+00 2.378293275833129883e+00
-2.718974828720092773e+00 1.909570693969726562e+01
1.599287986755371094e+01 1.143101024627685547e+01
1.241869544982910156e+01 -5.365328311920166016e+00
1.332184219360351562e+01 1.403357028961181641e+01
1.550636100769042969e+01 1.385109329223632812e+01
1.368424034118652344e+01 9.232425689697265625e+00
1.324695777893066406e+01 -2.114418983459472656e+00
6.591765403747558594e+00 -6.836905002593994141e+00
-2.158336162567138672e+00 5.712345123291015625e+00
1.137281608581542969e+01 1.992156410217285156e+01
1.176543426513671875e+01 7.008309960365295410e-01
-3.505224227905273438e+00 1.342414760589599609e+01
1.419910144805908203e+01 1.059880137443542480e+00
1.081744003295898438e+01 -4.078838825225830078e+00
1.390574550628662109e+01 5.998645424842834473e-01
-2.681552410125732422e+00 1.288552093505859375e+01
-3.221475839614868164e+00 1.047690391540527344e+01
-2.682597160339355469e+00 1.268357372283935547e+01
1.261649608612060547e+01 -5.494150638580322266e+00
1.646431922912597656e+01 1.958633041381835938e+01
1.224767971038818359e+01 -5.172245025634765625e+00
1.642331695556640625e+01 1.791797256469726562e+01
7.946366786956787109e+00 -6.305933475494384766e+00
1.235970020294189453e+01 1.606233787536621094e+01
-2.835858583450317383e+00 7.673298358917236328e+00
1.627260971069335938e+01 1.920924377441406250e+01
-2.548260211944580078e+00 1.919193077087402344e+01
1.510313892364501953e+01 5.900977134704589844e+00
1.023191261291503906e+01 1.079037904739379883e+00
8.637172698974609375e+00 -6.897178649902343750e+00
5.638684272766113281e+00 -9.215173721313476562e+00
1.209633064270019531e+01 1.674222183227539062e+01
8.463910102844238281e+00 3.077861547470092773e+00
1.336191082000732422e+01 1.990173220634460449e+00
1.171578121185302734e+01 1.125206708908081055e+00
1.236688518524169922e+01 -5.727051258087158203e+00
8.578272908926010132e-02 5.275759220123291016e+00
1.122061729431152344e+01 -3.688282489776611328e+00
1.173404026031494141e+01 1.941085815429687500e+01
-1.926531314849853516e+00 1.910902404785156250e+01
-2.280020713806152344e+00 1.880858230590820312e+01
5.175830364227294922e+00 4.187111377716064453e+00
1.574309730529785156e+01 2.141881561279296875e+01
-2.147097349166870117e+00 8.062117576599121094e+00
1.691914749145507812e+01 7.087918758392333984e+00
6.516287803649902344e+00 4.071804046630859375e+00
1.220016860961914062e+01 1.837039113044738770e+00
-2.589980840682983398e+00 1.719091606140136719e+01
-2.339981555938720703e+00 1.814053535461425781e+01
2.503729820251464844e+00 5.290498733520507812e+00
-2.538205146789550781e+00 9.450227737426757812e+00
1.389007854461669922e+01 1.071946716308593750e+01
-2.912939548492431641e+00 9.775401115417480469e+00
1.631801223754882812e+01 1.911938285827636719e+01
-2.494024991989135742e+00 1.816121292114257812e+01
3.213364601135253906e+00 -9.328377723693847656e+00
4.643718719482421875e+00 4.808476448059082031e+00
9.597386121749877930e-01 5.015550613403320312e+00
-3.077691078186035156e+00 1.461019420623779297e+01
-3.978832960128784180e+00 1.306384372711181641e+01
1.687491989135742188e+01 6.961934566497802734e+00
-2.912950277328491211e+00 1.486058044433593750e+01
1.146507549285888672e+01 5.352751612663269043e-01
1.623202323913574219e+01 5.442302227020263672e+00
1.437049388885498047e+01 6.607136726379394531e+00
4.170773029327392578e+00 5.215489387512207031e+00
1.059412288665771484e+01 -4.577314376831054688e+00
9.526284217834472656e+00 -5.909998416900634766e+00
-3.089970350265502930e+00 1.204825687408447266e+01
-1.006255388259887695e+00 7.313859939575195312e+00
1.336658573150634766e+01 -1.153784751892089844e+00
1.508848762512207031e+01 4.996582508087158203e+00
1.637011337280273438e+01 5.198469161987304688e+00
-3.397271394729614258e+00 1.160339450836181641e+01
9.898969650268554688e+00 2.270332336425781250e+00
1.251518058776855469e+01 6.106587052345275879e-01
1.610948562622070312e+01 2.086643409729003906e+01
1.628518104553222656e+01 1.986435317993164062e+01
1.244118404388427734e+01 1.774490326642990112e-01
1.129908442497253418e+00 4.951009273529052734e+00
8.695826530456542969e+00 -6.872416019439697266e+00
1.317201519012451172e+01 1.452883243560791016e+01
-1.650038003921508789e+00 6.404918670654296875e+00
7.143689155578613281e+00 -6.728009223937988281e+00
1.179656124114990234e+01 1.841771507263183594e+01
1.171924114227294922e+01 -3.304574251174926758e+00
-1.328006625175476074e+00 5.862721443176269531e+00
1.706776618957519531e+01 7.414296627044677734e+00
1.418509864807128906e+01 9.471813440322875977e-01
1.210667800903320312e+01 -1.306915640830993652e+00
1.244365882873535156e+01 1.827885746955871582e+00
-1.340140104293823242e+00 5.264037132263183594e+00
1.567348289489746094e+01 2.125932502746582031e+01
1.604793930053710938e+01 1.636515045166015625e+01
1.385128593444824219e+01 1.169347476959228516e+01
1.135370254516601562e+01 -3.518169641494750977e+00
1.374094772338867188e+01 9.915366172790527344e+00
-1.566661000251770020e+00 6.610332965850830078e+00
1.336632156372070312e+01 6.712102890014648438e-01
-3.394168138504028320e+00 9.061230659484863281e+00
1.391728687286376953e+01 7.802562117576599121e-01
1.528701114654541016e+01 1.250084304809570312e+01
6.753248214721679688e+00 -6.980692863464355469e+00
6.396401882171630859e+00 3.995351791381835938e+00
2.836066246032714844e+00 -7.099400043487548828e+00
1.014670658111572266e+01 -4.638114452362060547e+00
1.153899765014648438e+01 8.444152474403381348e-01
-1.467668533325195312e+00 7.814332008361816406e+00
1.466130924224853516e+01 6.317966938018798828e+00
1.546238994598388672e+01 1.346422290802001953e+01
8.112425804138183594e+00 -6.296257019042968750e+00
1.622835159301757812e+01 1.683359146118164062e+01
1.288105583190917969e+01 1.484833335876464844e+01
1.478044223785400391e+01 6.127763748168945312e+00
3.085219860076904297e+00 5.120779514312744141e+00
1.180628776550292969e+01 1.809586143493652344e+01
5.896237850189208984e+00 4.387779712677001953e+00
-2.673619747161865234e+00 1.263347816467285156e+01
1.629470062255859375e+01 1.851106071472167969e+01
3.467982053756713867e+00 4.985400199890136719e+00
1.285501575469970703e+01 3.582898676395416260e-01
8.024709701538085938e+00 3.282375812530517578e+00
1.203378009796142578e+01 1.927569961547851562e+01
7.982204437255859375e+00 -6.879904747009277344e+00
2.435351610183715820e+00 -7.338323593139648438e+00
-1.435101389884948730e+00 1.869357681274414062e+01
-1.441156148910522461e+00 5.473818778991699219e+00
2.904074907302856445e+00 -9.281211853027343750e+00
-2.718764543533325195e+00 1.594291114807128906e+01
1.197636985778808594e+01 1.701848793029785156e+01
-2.299165010452270508e+00 1.940538597106933594e+01
-3.795413970947265625e+00 1.269990539550781250e+01
1.345370960235595703e+01 -1.773690223693847656e+00
-2.227331638336181641e+00 6.173457622528076172e+00
1.240929317474365234e+01 3.147220313549041748e-01
1.603513336181640625e+01 1.635552787780761719e+01
1.627569770812988281e+01 1.782496261596679688e+01
1.014891338348388672e+01 -5.323958396911621094e+00
1.331562423706054688e+01 -2.263085365295410156e+00
-1.955071568489074707e+00 1.833090400695800781e+01
1.265031719207763672e+01 -4.407539844512939453e+00
1.051974868774414062e+01 -4.368202686309814453e+00
1.719223213195800781e+01 9.383190155029296875e+00
2.131609201431274414e+00 -7.845242023468017578e+00
1.029094791412353516e+01 1.212212085723876953e+00
1.643516731262207031e+01 5.992176055908203125e+00
1.140174293518066406e+01 1.910071563720703125e+01
5.189700603485107422e+00 4.705422878265380859e+00
-2.137918949127197266e+00 8.176147460937500000e+00
1.064391422271728516e+01 -4.090032577514648438e+00
5.373060226440429688e+00 -6.907422542572021484e+00
1.192602539062500000e+01 -3.052408933639526367e+00
1.407759284973144531e+01 1.800883769989013672e+00
-2.924228668212890625e+00 1.591589832305908203e+01
-6.014659404754638672e-01 6.523718833923339844e+00
1.199328613281250000e+01 1.915157318115234375e+01
-1.083310484886169434e+00 7.418602466583251953e+00
3.315244197845458984e+00 -6.944413661956787109e+00
-2.778719663619995117e+00 8.642343521118164062e+00
-3.558545351028442383e+00 1.185824489593505859e+01
1.209773826599121094e+01 -3.084415197372436523e+00
1.170361423492431641e+01 1.987252235412597656e+01
1.177449893951416016e+01 1.823254776000976562e+01
1.633810043334960938e+01 1.975553512573242188e+01
-3.199331760406494141e+00 1.209624671936035156e+01
1.704671096801757812e+01 9.079224586486816406e+00
3.365676641464233398e+00 -6.980760574340820312e+00
-2.791009664535522461e+00 8.669195175170898438e+00
2.166209459304809570e+00 -7.859604358673095703e+00
9.893244743347167969e+00 -5.223907947540283203e+00
1.215222454071044922e+01 1.690459632873535156e+01
3.865491151809692383e+00 -9.344381332397460938e+00
1.204603672027587891e+01 1.727972030639648438e+01
-2.077961683273315430e+00 7.921915531158447266e+00
-2.242077350616455078e+00 5.338709831237792969e+00
1.726456069946289062e+01 9.171197891235351562e+00
9.686792373657226562e+00 -6.395887374877929688e+00
1.627651214599609375e+01 1.081410598754882812e+01
-2.405503273010253906e+00 9.344629287719726562e+00
1.189395999908447266e+01 1.971870803833007812e+01
1.276974868774414062e+01 -4.509737968444824219e+00
1.399060535430908203e+01 1.997853994369506836e+00
-2.689988851547241211e+00 7.462112426757812500e+00
1.163210201263427734e+01 -1.819399952888488770e+00
1.485668373107910156e+01 2.256976604461669922e+00
-2.592849969863891602e+00 1.908645629882812500e+01
1.585337829589843750e+01 4.184013843536376953e+00
-3.488757610321044922e+00 8.972588539123535156e+00
4.292980194091796875e+00 4.800691604614257812e+00
-3.568791866302490234e+00 1.052988243103027344e+01
-3.533628702163696289e+00 1.115205001831054688e+01
1.227945995330810547e+01 3.659118413925170898e-01
-2.657831668853759766e+00 1.781763458251953125e+01
1.181390857696533203e+01 -1.878325819969177246e+00
5.041514873504638672e+00 -9.367018699645996094e+00
-3.058927059173583984e+00 1.434180736541748047e+01
-1.337785124778747559e+00 7.517944335937500000e+00
-3.587900876998901367e+00 9.278326988220214844e+00
1.294291019439697266e+01 4.173665866255760193e-02
3.906202793121337891e+00 5.094515800476074219e+00
4.740418910980224609e+00 -6.888417243957519531e+00
-1.710507512092590332e+00 7.119257450103759766e+00
4.783200263977050781e+00 -6.775900363922119141e+00
1.069637584686279297e+01 -4.225289821624755859e+00
6.893308162689208984e+00 3.779954910278320312e+00
5.066536903381347656e+00 4.278766155242919922e+00
6.952040195465087891e+00 3.859392881393432617e+00
-3.572924137115478516e+00 1.162780475616455078e+01
1.123850059509277344e+01 -7.459730505943298340e-01
1.244754123687744141e+01 -4.814051151275634766e+00
1.448881149291992188e+01 6.692506790161132812e+00
7.194783210754394531e+00 3.674738168716430664e+00
5.939456462860107422e+00 3.891875743865966797e+00
-3.570630788803100586e+00 8.932243347167968750e+00
-6.196601986885070801e-01 4.888904094696044922e+00
4.451108932495117188e+00 4.768182277679443359e+00
-3.014514446258544922e+00 1.202472400665283203e+01
1.565751838684082031e+01 1.400153160095214844e+01
1.261622333526611328e+01 -5.129426002502441406e+00
1.605851364135742188e+01 4.487495899200439453e+00
-2.428775548934936523e+00 5.657745361328125000e+00
4.877977848052978516e+00 -9.550484657287597656e+00
1.175456809997558594e+01 1.844740295410156250e+01
1.373124694824218750e+01 7.433339595794677734e+00
1.725278854370117188e+01 8.432483673095703125e+00
-5.684743523597717285e-01 6.433579444885253906e+00
-2.753976345062255859e+00 1.585556030273437500e+01
-9.069816470146179199e-01 6.503522872924804688e+00
2.108592987060546875e+00 5.342879295349121094e+00
1.307766628265380859e+01 2.865558266639709473e-01
1.324877834320068359e+01 2.452426671981811523e+00
-2.058393955230712891e+00 1.936418724060058594e+01
1.275654792785644531e+01 -2.935505285859107971e-02
3.336971759796142578e+00 5.244030952453613281e+00
-2.209482669830322266e+00 1.866682243347167969e+01
1.258437252044677734e+01 -5.227348804473876953e+00
1.122148227691650391e+01 1.993620491027832031e+01
1.644640350341796875e+01 1.970085144042968750e+01
-3.864898204803466797e+00 1.001195240020751953e+01
1.175376224517822266e+01 1.790720176696777344e+01
4.156941413879394531e+00 4.872261524200439453e+00
1.265523624420166016e+01 1.969028472900390625e+00
4.541268825531005859e+00 4.345691204071044922e+00
-3.748533725738525391e+00 1.170947265625000000e+01
1.567622852325439453e+01 1.519780540466308594e+01
2.496482610702514648e+00 -7.337563991546630859e+00
8.886375427246093750e+00 2.608035326004028320e+00
1.738164520263671875e+01 8.633580207824707031e+00
-1.041524648666381836e+00 6.743779659271240234e+00
1.178237056732177734e+01 -2.184652090072631836e+00
1.313394069671630859e+01 -2.251609325408935547e+00
1.446901798248291016e+01 1.205389690399169922e+01
1.397635269165039062e+01 7.258466243743896484e+00
1.102240180969238281e+01 3.931378424167633057e-01
-5.833225846290588379e-01 6.705413818359375000e+00
1.641726112365722656e+01 5.488893985748291016e+00
1.554320812225341797e+01 1.341220378875732422e+01
-2.876828670501708984e+00 1.452226638793945312e+01
-2.122936725616455078e+00 1.908982276916503906e+01
1.117004489898681641e+01 -3.597470998764038086e+00
-2.276427030563354492e+00 1.930085945129394531e+01
1.269614887237548828e+01 1.864330053329467773e+00
1.566633701324462891e+01 1.493702983856201172e+01
1.440567779541015625e+01 1.261338829994201660e+00
1.408856964111328125e+01 1.182071971893310547e+01
1.596883010864257812e+01 2.103517532348632812e+01
-2.168893337249755859e+00 6.657981395721435547e+00
-3.212735414505004883e+00 1.462794303894042969e+01
-1.078596830368041992e+00 6.711807727813720703e+00
5.520212173461914062e+00 -6.992743015289306641e+00
1.244167995452880859e+01 -2.298256874084472656e+00
1.467717647552490234e+01 2.238909959793090820e+00
1.328481864929199219e+01 1.398260593414306641e+01
1.107193756103515625e+01 -5.791152954101562500e+00
-3.294516324996948242e+00 1.098325157165527344e+01
1.172801208496093750e+01 -1.646904468536376953e+00
1.103031063079833984e+01 5.671719312667846680e-01
3.578544378280639648e+00 -9.302403450012207031e+00
1.395492267608642578e+01 1.174109172821044922e+01
1.342287540435791016e+01 8.415490150451660156e+00
-2.212049484252929688e+00 1.913187026977539062e+01
1.656976318359375000e+01 6.434116840362548828e+00
1.156827831268310547e+01 1.077104881405830383e-01
1.243215560913085938e+01 -6.902415752410888672e-01
2.934226989746093750e+00 -7.000919818878173828e+00
1.188925170898437500e+01 -5.646379947662353516e+00
1.391411781311035156e+01 1.281462478637695312e+01
1.355774784088134766e+01 1.337244129180908203e+01
-2.900145292282104492e+00 8.751797676086425781e+00
-2.574609041213989258e+00 1.772488594055175781e+01
1.235679721832275391e+01 -4.977674961090087891e+00
1.245980834960937500e+01 -5.309097290039062500e+00
-2.009296417236328125e+00 7.409581661224365234e+00
-2.034050464630126953e+00 1.864118385314941406e+01
1.316981220245361328e+01 -2.097534894943237305e+00
7.619216918945312500e+00 3.233597517013549805e+00
-2.256586313247680664e+00 8.767769813537597656e+00
7.048586368560791016e+00 -7.958658218383789062e+00
1.609223937988281250e+01 1.722087669372558594e+01
1.570313262939453125e+01 1.402103900909423828e+01
1.223356246948242188e+01 -5.588636875152587891e+00
1.228814220428466797e+01 1.655185317993164062e+01
1.744861412048339844e+01 8.648715019226074219e+00
1.145424365997314453e+01 1.964702033996582031e+01
8.278478622436523438e+00 -6.136579036712646484e+00
1.033065605163574219e+01 -4.243625164031982422e+00
-1.981134533882141113e+00 5.470422744750976562e+00
1.515121555328369141e+01 1.277659606933593750e+01
-1.550775408744812012e+00 6.086740016937255859e+00
9.378540992736816406e+00 -6.610459804534912109e+00
6.869254112243652344e-01 4.933686256408691406e+00
1.308143997192382812e+01 -1.797811508178710938e+00
1.602572059631347656e+01 1.643540000915527344e+01
2.415531635284423828e+00 -9.223240852355957031e+00
7.347386837005615234e+00 3.726754903793334961e+00
1.636063194274902344e+01 1.893212890625000000e+01
-9.081367850303649902e-01 6.262208461761474609e+00
1.671551704406738281e+01 6.245509624481201172e+00
3.161038875579833984e+00 5.011919021606445312e+00
-2.693047523498535156e+00 8.129318237304687500e+00
8.725552558898925781e+00 3.105666399002075195e+00
1.144464683532714844e+01 1.980763244628906250e+01
1.298422813415527344e+01 1.971597075462341309e-01
7.356897830963134766e+00 -6.729444503784179688e+00
1.187935066223144531e+01 1.790273666381835938e+01
1.560875034332275391e+01 1.427033329010009766e+01
6.136333465576171875e+00 3.904630899429321289e+00
1.724736213684082031e+01 9.212241172790527344e+00
1.373977375030517578e+01 1.032555580139160156e+01
1.584922409057617188e+01 2.126186180114746094e+01
1.212012386322021484e+01 -2.555412769317626953e+00
1.641371154785156250e+01 1.980466270446777344e+01
9.473566055297851562e+00 2.104707717895507812e+00
1.195860099792480469e+01 1.963900947570800781e+01
-1.449539542198181152e+00 5.520484447479248047e+00
1.202464485168457031e+01 1.698666000366210938e+01
2.586367607116699219e+00 -9.312795639038085938e+00
1.103810214996337891e+01 2.033133268356323242e+00
1.409150981903076172e+01 1.326965212821960449e+00
1.116359233856201172e+01 -4.081913828849792480e-01
1.636005020141601562e+01 2.008881950378417969e+01
2.316047430038452148e+00 4.521124839782714844e+00
-2.558041334152221680e+00 1.619131660461425781e+01
-3.085261821746826172e+00 1.253232574462890625e+01
1.195248508453369141e+01 1.767486381530761719e+01
1.161035060882568359e+01 2.692408263683319092e-01
-1.270594716072082520e+00 4.788957118988037109e+00
1.722053527832031250e+01 8.399812698364257812e+00
-3.055095911026000977e+00 1.521709728240966797e+01
6.301957964897155762e-01 4.922493934631347656e+00
-3.071832895278930664e+00 8.089397430419921875e+00
1.062524509429931641e+01 1.604359865188598633e+00
1.350662708282470703e+01 1.336688995361328125e+01
1.612778282165527344e+01 2.065667152404785156e+01
8.079813957214355469e+00 -7.017085552215576172e+00
1.448974609375000000e+01 1.848124861717224121e+00
7.342751026153564453e+00 -7.414320945739746094e+00
-2.490949392318725586e+00 1.298142051696777344e+01
5.671595096588134766e+00 -9.399740219116210938e+00
1.361507511138916016e+01 8.085390090942382812e+00
1.160257434844970703e+01 1.518532156944274902e+00
1.197669982910156250e+01 -1.637278556823730469e+00
2.761532545089721680e+00 4.866837978363037109e+00
1.184927368164062500e+01 -2.351502418518066406e+00
1.423041152954101562e+01 2.309344530105590820e+00
-4.006424427032470703e+00 1.200737476348876953e+01
1.264011096954345703e+01 2.096268236637115479e-01
1.144291019439697266e+01 -3.640896826982498169e-02
1.416493129730224609e+01 6.496422767639160156e+00
5.759409427642822266e+00 4.231551647186279297e+00
1.480052757263183594e+01 6.341851234436035156e+00
1.711602973937988281e+01 7.672611713409423828e+00
1.255426979064941406e+01 2.160715103149414062e+00
-2.324118852615356445e+00 1.811840438842773438e+01
1.615530204772949219e+01 1.731533432006835938e+01
6.924614429473876953e+00 3.516741037368774414e+00
1.350995731353759766e+01 1.354230785369873047e+01
1.188460254669189453e+01 1.964000129699707031e+01
-4.823020696640014648e-01 6.629639625549316406e+00
4.575091838836669922e+00 4.555672168731689453e+00
1.225435638427734375e+01 1.619546890258789062e+01
-3.146418571472167969e+00 1.422104930877685547e+01
-1.079834580421447754e+00 5.850575923919677734e+00
-2.341068983078002930e+00 1.870968437194824219e+01
8.085057258605957031e+00 3.157510519027709961e+00
1.355331420898437500e+01 8.097032546997070312e+00
4.896272659301757812e+00 4.412421703338623047e+00
1.645757102966308594e+01 5.835064411163330078e+00
3.075953006744384766e+00 -9.278235435485839844e+00
1.333662223815917969e+01 1.420517444610595703e+01
2.654778242111206055e+00 -8.692652702331542969e+00
-3.496451139450073242e+00 1.063009071350097656e+01
7.264017462730407715e-01 4.873466968536376953e+00
1.169697189331054688e+01 1.733768939971923828e+00
-1.880996465682983398e+00 1.868311882019042969e+01
-1.956245064735412598e+00 7.029609203338623047e+00
4.683606147766113281e+00 4.449029922485351562e+00
9.574165344238281250e+00 2.228313922882080078e+00
1.356557655334472656e+01 9.067266464233398438e+00
-2.215187549591064453e+00 8.343069076538085938e+00
-1.493015050888061523e+00 5.630279541015625000e+00
6.305078506469726562e+00 3.869763135910034180e+00
8.065275192260742188e+00 -6.155129432678222656e+00
7.790113449096679688e+00 -6.379669666290283203e+00
3.680457830429077148e+00 -6.889455318450927734e+00
1.150955581665039062e+01 -3.578555285930633545e-01
1.180229282379150391e+01 7.861457467079162598e-01
1.408105850219726562e+01 1.087529850006103516e+01
1.367153930664062500e+01 2.435009241104125977e+00
4.899232387542724609e+00 -9.426274299621582031e+00
-3.545153617858886719e+00 1.366763019561767578e+01
1.530532360076904297e+01 1.225301361083984375e+01
1.482948589324951172e+01 5.992122650146484375e+00
1.166557312011718750e+01 -2.057786703109741211e+00
5.065250873565673828e+00 -9.318465232849121094e+00
1.199966144561767578e+01 8.578385114669799805e-01
1.267486381530761719e+01 2.253948926925659180e+00
1.032737541198730469e+01 -4.430740833282470703e+00
-1.859698414802551270e+00 7.761395931243896484e+00
-2.114316225051879883e+00 1.839986801147460938e+01
-3.037324666976928711e+00 1.245656299591064453e+01
-3.337228536605834961e+00 8.639290809631347656e+00
-2.147479772567749023e+00 7.401929378509521484e+00
1.264329528808593750e+01 -4.712374687194824219e+00
1.352643299102783203e+01 8.272660255432128906e+00
1.617676925659179688e+01 4.555631160736083984e+00
1.664411354064941406e+01 6.487353324890136719e+00
-2.335559368133544922e+00 1.959014892578125000e+01
1.307554531097412109e+01 4.824209511280059814e-01
1.164790058135986328e+01 1.855916404724121094e+01
1.608156967163085938e+01 1.697293663024902344e+01
1.151978778839111328e+01 1.931512451171875000e+01
2.316612243652343750e+00 -7.669730663299560547e+00
1.364251613616943359e+01 8.960389137268066406e+00
1.175761127471923828e+01 1.072396755218505859e+00
8.554573059082031250e+00 -6.306640148162841797e+00
6.754459857940673828e+00 3.695963859558105469e+00
-2.909934759140014648e+00 1.561713695526123047e+01
1.197355937957763672e+01 1.952537345886230469e+01
-2.693283557891845703e+00 1.586430644989013672e+01
-2.371957063674926758e+00 1.922435188293457031e+01
1.211754894256591797e+01 -2.559418976306915283e-01
9.316746711730957031e+00 2.342197179794311523e+00
-1.552317023277282715e+00 7.099907398223876953e+00
2.788089513778686523e+00 5.461509227752685547e+00
1.229147815704345703e+01 5.154770612716674805e-01
-2.368615150451660156e+00 6.211501121520996094e+00
1.203423595428466797e+01 -5.720269680023193359e+00
1.048205757141113281e+01 1.753204703330993652e+00
1.713110351562500000e+01 7.576437950134277344e+00
1.635539627075195312e+01 2.007428741455078125e+01
-3.545762300491333008e+00 1.293615055084228516e+01
1.203115558624267578e+01 1.987495803833007812e+01
1.214947986602783203e+01 1.536920666694641113e-01
9.932557106018066406e+00 -5.438031196594238281e+00
5.927845478057861328e+00 -9.051242828369140625e+00
1.364600372314453125e+01 9.444581031799316406e+00
-3.693555355072021484e+00 1.011035633087158203e+01
1.176908397674560547e+01 1.584363728761672974e-01
-3.852231740951538086e+00 1.255361175537109375e+01
1.611471748352050781e+01 5.428340911865234375e+00
1.651729774475097656e+01 6.242234706878662109e+00
1.397283077239990234e+01 7.072198867797851562e+00
1.171183967590332031e+01 -1.779146790504455566e+00
1.577388477325439453e+01 2.131937217712402344e+01
1.639047050476074219e+01 1.815563964843750000e+01
1.346984481811523438e+01 1.339874839782714844e+01
5.784888267517089844e+00 -9.145032882690429688e+00
-3.972198009490966797e+00 1.327775096893310547e+01
1.655794024467468262e+00 5.210687637329101562e+00
1.392337608337402344e+01 6.997713565826416016e+00
1.116968631744384766e+01 1.722066640853881836e+00
5.840579509735107422e+00 3.827228546142578125e+00
8.351825714111328125e+00 3.073908567428588867e+00
1.716938972473144531e+01 7.413039207458496094e+00
1.685887145996093750e+01 6.975333690643310547e+00
1.344490909576416016e+01 7.172038555145263672e-01
-3.379914283752441406e+00 1.064002418518066406e+01
2.584270715713500977e+00 -9.208895683288574219e+00
1.436980819702148438e+01 1.200604343414306641e+01
-2.233182668685913086e+00 1.950764083862304688e+01
1.568438148498535156e+01 1.519698715209960938e+01
-2.141188383102416992e+00 1.854208755493164062e+01
1.626601028442382812e+01 1.724771690368652344e+01
2.861964464187622070e+00 5.478859424591064453e+00
1.364601898193359375e+01 1.310314273834228516e+01
5.516299724578857422e+00 4.260122776031494141e+00
7.255922317504882812e+00 -7.594714164733886719e+00
1.586310005187988281e+01 1.585304641723632812e+01
-1.673014640808105469e+00 5.889952659606933594e+00
3.875751256942749023e+00 -9.247150421142578125e+00
1.700267028808593750e+01 7.276731014251708984e+00
-1.804995059967041016e+00 6.045781135559082031e+00
-2.879662513732910156e+00 1.257801532745361328e+01
1.250205516815185547e+01 3.485361635684967041e-01
1.194988441467285156e+01 -2.052933454513549805e+00
1.691343116760253906e+01 9.146698951721191406e+00
1.227199840545654297e+01 6.960671544075012207e-01
1.354825592041015625e+01 2.359374284744262695e+00
9.210770606994628906e+00 -6.618921279907226562e+00
-3.549697637557983398e+00 1.134112071990966797e+01
-1.147215723991394043e+00 7.261646270751953125e+00
5.301811218261718750e+00 4.238159656524658203e+00
1.581179141998291016e+01 1.415020465850830078e+01
1.726174163818359375e+01 7.590833663940429688e+00
6.439614772796630859e+00 -7.041421890258789062e+00
-1.621812224388122559e+00 1.856413269042968750e+01
1.566650390625000000e+01 1.498060798645019531e+01
-2.525339365005493164e+00 1.898770713806152344e+01
-1.966818690299987793e+00 1.893635559082031250e+01
6.179226875305175781e+00 3.795933008193969727e+00
3.336391925811767578e+00 -9.298085212707519531e+00
1.166513824462890625e+01 1.936954689025878906e+01
-1.645099163055419922e+00 1.841559791564941406e+01
4.693562030792236328e+00 -9.290632247924804688e+00
1.008228111267089844e+01 2.020635604858398438e+00
-2.386806488037109375e+00 1.883612632751464844e+01
1.172118377685546875e+01 -1.743316888809204102e+00
3.315673351287841797e+00 5.067164421081542969e+00
5.062754154205322266e+00 -6.877916812896728516e+00
1.661972427368164062e+01 1.003629779815673828e+01
9.409902572631835938e+00 -6.472755908966064453e+00
1.083238792419433594e+01 8.265283703804016113e-02
1.423139190673828125e+01 6.701055049896240234e+00
-2.681413650512695312e+00 7.563301086425781250e+00
1.583708667755126953e+01 1.524800586700439453e+01
1.587624263763427734e+01 5.632759571075439453e+00
1.184984016418457031e+01 3.291438817977905273e-01
1.105468654632568359e+01 -3.719999492168426514e-01
1.089013004302978516e+01 1.929621338844299316e+00
4.739014625549316406e+00 -6.885942935943603516e+00
1.475098514556884766e+01 6.369368076324462891e+00
1.636023712158203125e+01 1.904459953308105469e+01
-4.017585754394531250e+00 1.233377933502197266e+01
1.648562622070312500e+01 5.740425109863281250e+00
3.012080192565917969e+00 5.136786937713623047e+00
-1.677127003669738770e+00 5.224936485290527344e+00
1.171346569061279297e+01 1.048689723014831543e+00
1.655126571655273438e+01 1.999972534179687500e+01
-3.763664960861206055e+00 1.068880939483642578e+01
1.096803283691406250e+01 -5.688720703125000000e+00
-2.154652118682861328e+00 1.943702697753906250e+01
-2.100163936614990234e+00 1.808215332031250000e+01
5.574721813201904297e+00 -9.326097488403320312e+00
-1.803024411201477051e+00 6.702681064605712891e+00
1.153766059875488281e+01 1.945822525024414062e+01
1.633544921875000000e+01 1.799281692504882812e+01
-3.855413913726806641e+00 1.305315303802490234e+01
1.321572017669677734e+01 1.398429584503173828e+01
-3.749672174453735352e+00 1.390142345428466797e+01
1.484478950500488281e+00 5.248890876770019531e+00
4.650732517242431641e+00 -6.883328437805175781e+00
1.350332450866699219e+01 2.151450157165527344e+00
7.171988964080810547e+00 -7.727602005004882812e+00
1.650977134704589844e+01 6.110945224761962891e+00
-2.404798984527587891e+00 1.947561454772949219e+01
6.855809688568115234e+00 3.593019962310791016e+00
-2.795629501342773438e+00 1.925140190124511719e+01
1.186825656890869141e+01 1.941821098327636719e+01
-2.575820207595825195e+00 1.809174156188964844e+01
1.489450263977050781e+01 6.127933502197265625e+00
1.008432006835937500e+01 1.346720099449157715e+00
-3.080404520034790039e+00 1.478747558593750000e+01
6.856465816497802734e+00 -8.110161781311035156e+00
1.448082542419433594e+01 2.346971511840820312e+00
2.231830835342407227e+00 -7.906928062438964844e+00
5.042052268981933594e+00 -6.867601871490478516e+00
8.696872711181640625e+00 2.387664318084716797e+00
-4.183095932006835938e+00 1.220549678802490234e+01
1.225782489776611328e+01 1.662646675109863281e+01
1.622094726562500000e+01 1.113906383514404297e+01
-2.876507759094238281e+00 1.290980625152587891e+01
1.633999443054199219e+01 2.046652984619140625e+01
1.601476669311523438e+01 1.678940773010253906e+01
-1.405475497245788574e+00 7.547364711761474609e+00
1.371059799194335938e+01 7.772275447845458984e+00
1.408292675018310547e+01 1.176507282257080078e+01
1.633994483947753906e+01 1.799551582336425781e+01
1.144643783569335938e+01 -3.379609107971191406e+00
1.328654766082763672e+01 -2.440410703420639038e-01
1.172259330749511719e+01 -2.191914170980453491e-01
1.435733604431152344e+01 9.918612241744995117e-01
1.190191650390625000e+01 -2.600581407546997070e+00
1.680867385864257812e+01 9.773446083068847656e+00
-2.800042390823364258e+00 1.713594818115234375e+01
1.385252857208251953e+01 1.086766147613525391e+01
6.715457916259765625e+00 -6.787237167358398438e+00
1.623297691345214844e+01 2.024010848999023438e+01
-2.526394605636596680e+00 9.115124702453613281e+00
1.220851516723632812e+01 2.090625286102294922e+00
-1.537839651107788086e+00 6.949515819549560547e+00
-3.329055547714233398e+00 1.168354034423828125e+01
1.039724540710449219e+01 -4.816452026367187500e+00
1.382124900817871094e+00 5.036950111389160156e+00
1.300321197509765625e+01 -2.091026067733764648e+00
1.369255828857421875e+01 1.304472351074218750e+01
3.227378606796264648e+00 -9.341672897338867188e+00
1.334799385070800781e+01 -1.980033755302429199e+00
-1.405157446861267090e+00 6.328795433044433594e+00
-2.138415575027465820e+00 1.837684249877929688e+01
1.257841682434082031e+01 3.303852677345275879e-01
2.449977636337280273e+00 -7.455320358276367188e+00
-3.178215742111206055e+00 1.565102291107177734e+01
1.397879028320312500e+01 2.282845497131347656e+00
1.453966426849365234e+01 6.279194355010986328e+00
-2.274802684783935547e+00 5.233715057373046875e+00
-2.099173784255981445e+00 5.684591770172119141e+00
1.017046546936035156e+01 -4.788552761077880859e+00
-2.114581346511840820e+00 5.266631603240966797e+00
1.728129768371582031e+01 8.141650199890136719e+00
9.689529418945312500e+00 -6.265824317932128906e+00
-1.476704359054565430e+00 5.465270519256591797e+00
-3.876465559005737305e-01 6.051344871520996094e+00
1.389460563659667969e+01 1.090505027770996094e+01
2.327809572219848633e+00 -7.890978336334228516e+00
1.127698612213134766e+01 1.992960357666015625e+01
1.621853828430175781e+01 1.724527549743652344e+01
1.715671730041503906e+01 8.549831390380859375e+00
1.701522254943847656e+01 9.375287055969238281e+00
1.262611293792724609e+01 2.317233085632324219e-01
1.632864189147949219e+01 1.873276901245117188e+01
1.206008052825927734e+01 1.685029983520507812e+01
1.058323955535888672e+01 -4.291589736938476562e+00
-2.422338247299194336e+00 9.634162902832031250e+00
1.580135917663574219e+01 1.558837223052978516e+01
1.351986026763916016e+01 8.776624679565429688e+00
1.358953285217285156e+01 2.318254470825195312e+00
1.106969070434570312e+01 -3.760830760002136230e-01
-3.295765876770019531e+00 1.470288467407226562e+01
5.798930168151855469e+00 -9.099838256835937500e+00
-1.283123254776000977e+00 4.970302581787109375e+00
-3.507667064666748047e+00 1.123878860473632812e+01
6.948119163513183594e+00 -8.055891036987304688e+00
-2.470932483673095703e+00 1.863661766052246094e+01
1.432253837585449219e+01 2.314929008483886719e+00
1.632777786254882812e+01 2.016276550292968750e+01
1.204020881652832031e+01 7.657915949821472168e-01
1.712910842895507812e+01 7.532711505889892578e+00
2.002653360366821289e+00 5.173163890838623047e+00
4.621564865112304688e+00 4.305871963500976562e+00
7.034341812133789062e+00 -6.812226295471191406e+00
1.132820224761962891e+01 1.951937675476074219e+01
6.288633346557617188e+00 -7.074000358581542969e+00
9.847536087036132812e+00 -6.268519401550292969e+00
-3.023230552673339844e+00 1.257031250000000000e+01
8.514071702957153320e-01 4.827299594879150391e+00
2.877306699752807617e+00 -6.974040985107421875e+00
1.570298290252685547e+01 5.791106700897216797e+00
1.198384571075439453e+01 -2.286557912826538086e+00
1.610136413574218750e+01 2.147637367248535156e+01
-1.940793752670288086e+00 5.200911045074462891e+00
-2.440865755081176758e+00 7.313535690307617188e+00
1.183558368682861328e+01 2.589554488658905029e-01
1.247019290924072266e+01 7.919961810111999512e-01
1.154426670074462891e+01 1.954053688049316406e+01
1.340695667266845703e+01 -1.771414756774902344e+00
5.101288795471191406e+00 -9.469629287719726562e+00
1.503047657012939453e+01 5.090831756591796875e+00
1.684807395935058594e+01 9.654724121093750000e+00
1.490460681915283203e+01 6.355162143707275391e+00
-1.797235727310180664e+00 6.075786113739013672e+00
1.202350139617919922e+01 7.475816607475280762e-01
2.861441612243652344e+00 4.575551033020019531e+00
4.934179306030273438e+00 4.572618007659912109e+00
1.023431396484375000e+01 -4.557509422302246094e+00
1.311259841918945312e+01 -2.514027357101440430e+00
4.818789005279541016e+00 4.625737667083740234e+00
-2.810523509979248047e+00 8.229207038879394531e+00
1.284233856201171875e+01 -2.954033613204956055e+00
3.669424057006835938e+00 -6.916062355041503906e+00
7.256820201873779297e+00 -7.635789394378662109e+00
1.610159873962402344e+01 5.818884372711181641e+00
4.569982051849365234e+00 4.897664546966552734e+00
1.179870319366455078e+01 -5.691586971282958984e+00
1.895360112190246582e+00 4.617766380310058594e+00
5.388420104980468750e+00 -9.563947677612304688e+00
-2.010399580001831055e+00 5.387993335723876953e+00
1.431638526916503906e+01 2.147299766540527344e+00
-9.580160975456237793e-01 4.985203742980957031e+00
1.280953311920166016e+01 1.505859851837158203e+01
1.713646888732910156e+01 9.091807365417480469e+00
1.012777519226074219e+01 1.529250979423522949e+00
1.382924556732177734e+01 7.286952495574951172e+00
-4.778300523757934570e-01 4.960137367248535156e+00
1.850664138793945312e+00 5.074787616729736328e+00
1.193730449676513672e+01 1.789824485778808594e+01
-3.504076957702636719e+00 9.838166236877441406e+00
1.074209117889404297e+01 -4.032145023345947266e+00
4.203773021697998047e+00 -6.867896556854248047e+00
1.249642372131347656e+01 -5.066618919372558594e+00
4.249595642089843750e+00 4.601564407348632812e+00
4.754225254058837891e+00 4.474618911743164062e+00
-2.466839551925659180e+00 1.870471382141113281e+01
1.128102302551269531e+01 1.821760088205337524e-01
-3.740624427795410156e+00 1.043465995788574219e+01
1.377754592895507812e+01 1.305607795715332031e+01
1.172313213348388672e+01 -3.426933288574218750e-01
-2.389549970626831055e+00 1.327863979339599609e+01
8.088883399963378906e+00 2.908438682556152344e+00
-1.458189129829406738e+00 5.014651775360107422e+00
-2.529102087020874023e+00 8.615566253662109375e+00
1.633526420593261719e+01 1.849561500549316406e+01
-3.431012630462646484e+00 1.097774696350097656e+01
1.055779457092285156e+01 -4.247074127197265625e+00
1.398816299438476562e+01 1.145814895629882812e+01
2.399219512939453125e+00 5.329923152923583984e+00
1.237301445007324219e+01 -5.362556934356689453e+00
1.010153579711914062e+01 -4.978629589080810547e+00
1.393936634063720703e+01 1.219712924957275391e+01
5.061504840850830078e+00 -6.907168865203857422e+00
1.202202224731445312e+01 -1.781437516212463379e+00
4.432547569274902344e+00 5.095056056976318359e+00
1.184919357299804688e+01 6.822658181190490723e-01
1.322896194458007812e+01 -1.946063756942749023e+00
1.524391174316406250e+01 5.610467433929443359e+00
2.424108982086181641e+00 -8.639663696289062500e+00
1.710833740234375000e+01 7.465028762817382812e+00
2.577975749969482422e+00 -7.276308059692382812e+00
-2.765527009963989258e+00 1.582707118988037109e+01
1.080645084381103516e+01 -3.888109922409057617e+00
1.566660976409912109e+01 1.452407550811767578e+01
1.602247238159179688e+01 1.142344474792480469e+01
1.461764717102050781e+01 6.409423351287841797e+00
1.597907066345214844e+01 4.986613273620605469e+00
1.721534729003906250e+01 7.692946434020996094e+00
-6.254842877388000488e-01 6.266450405120849609e+00
-3.226583957672119141e+00 8.593720436096191406e+00
-3.333061933517456055e+00 1.114677238464355469e+01
-3.621836423873901367e+00 1.130315017700195312e+01
-3.144745349884033203e+00 1.008324241638183594e+01
-3.327599525451660156e+00 1.217142963409423828e+01
-7.254620790481567383e-01 4.900366306304931641e+00
1.382512855529785156e+01 1.040838432312011719e+01
1.239620971679687500e+01 -3.009633347392082214e-02
-1.688002467155456543e+00 5.897124290466308594e+00
1.202009010314941406e+01 1.933098030090332031e+01
-2.640961408615112305e+00 1.619185447692871094e+01
1.383553600311279297e+01 7.563180446624755859e+00
2.177840709686279297e+00 4.535234451293945312e+00
1.333604240417480469e+01 -1.681937694549560547e+00
1.584655284881591797e+01 1.166325664520263672e+01
1.590998458862304688e+01 2.139087486267089844e+01
1.067905426025390625e+01 1.616402029991149902e+00
1.175959682464599609e+01 -2.525219202041625977e+00
-2.830570459365844727e+00 1.557062053680419922e+01
-1.587182998657226562e+00 1.901698112487792969e+01
-2.041622638702392578e+00 1.856325531005859375e+01
1.406855487823486328e+01 2.278625249862670898e+00
1.992892265319824219e+00 4.633952617645263672e+00
8.275440216064453125e+00 2.752586364746093750e+00
1.086586761474609375e+01 5.019621253013610840e-01
-2.785350561141967773e+00 9.149716377258300781e+00
9.994620323181152344e+00 -5.035435199737548828e+00
1.371097755432128906e+01 1.281192016601562500e+01
1.516599273681640625e+01 4.830002784729003906e+00
-2.518422603607177734e+00 1.938844299316406250e+01
7.555654525756835938e+00 3.466377496719360352e+00
1.073152732849121094e+01 5.131746530532836914e-01
3.006937265396118164e+00 4.857368469238281250e+00
-2.661582946777343750e+00 1.595115089416503906e+01
1.362964153289794922e+01 8.337654113769531250e+00
9.088823318481445312e+00 -6.770598888397216797e+00
-2.956438541412353516e+00 8.407258987426757812e+00
1.180796813964843750e+01 1.779127311706542969e+01
1.476513481140136719e+01 2.499190807342529297e+00
-3.491007328033447266e+00 1.020983982086181641e+01
8.844552040100097656e+00 3.162339925765991211e+00
1.078902912139892578e+01 4.474003612995147705e-01
9.961216926574707031e+00 -4.777951717376708984e+00
1.135249233245849609e+01 2.004858398437500000e+01
-3.983556747436523438e+00 1.335611343383789062e+01
1.602755355834960938e+01 1.643367958068847656e+01
1.425570106506347656e+01 6.882778644561767578e+00
1.283201408386230469e+01 2.406022787094116211e+00
-3.338033676147460938e+00 1.072444057464599609e+01
1.641506195068359375e+01 5.762898445129394531e+00
1.132707309722900391e+01 1.790846824645996094e+00
1.616447639465332031e+01 2.080606079101562500e+01
1.346923255920410156e+01 9.256846427917480469e+00
1.386872291564941406e+01 1.268159675598144531e+01
-3.153569698333740234e+00 1.400311088562011719e+01
7.946932315826416016e+00 3.318909406661987305e+00
-2.134553194046020508e+00 6.741147041320800781e+00
1.293656444549560547e+01 7.987385988235473633e-01
4.300851821899414062e+00 5.138351917266845703e+00
3.018061161041259766e+00 -9.233673095703125000e+00
-2.648343801498413086e+00 1.934141921997070312e+01
-2.977557420730590820e+00 9.551174163818359375e+00
1.590168094635009766e+01 4.240758419036865234e+00
-3.267355680465698242e+00 1.175279712677001953e+01
1.576371192932128906e+01 1.561771011352539062e+01
1.401457118988037109e+01 7.182043194770812988e-01
9.353047370910644531e+00 2.422368764877319336e+00
1.350001716613769531e+01 8.552166938781738281e+00
1.064196968078613281e+01 -4.640419960021972656e+00
-1.809506297111511230e+00 5.858199596405029297e+00
-2.007450819015502930e+00 6.278782367706298828e+00
-1.555090069770812988e+00 5.562053680419921875e+00
1.160007286071777344e+01 1.866537666320800781e+01
2.909552812576293945e+00 5.368620395660400391e+00
1.583876514434814453e+01 4.514372825622558594e+00
6.055602550506591797e+00 -8.883056640625000000e+00
9.598723411560058594e+00 1.850751042366027832e+00
7.303871154785156250e+00 3.587342262268066406e+00
8.526670455932617188e+00 -6.194033622741699219e+00
6.101254463195800781e+00 -7.064202308654785156e+00
1.381238555908203125e+01 7.331593990325927734e+00
7.822418957948684692e-02 5.419856071472167969e+00
9.434518814086914062e+00 -6.003440380096435547e+00
1.622982788085937500e+01 2.062211608886718750e+01
-3.124724388122558594e+00 9.800167083740234375e+00
1.149928092956542969e+01 1.104107141494750977e+00
-2.570644140243530273e+00 1.570694065093994141e+01
1.203104114532470703e+01 -3.241118192672729492e+00
4.115916252136230469e+00 4.620223999023437500e+00
7.186231136322021484e+00 -6.763782501220703125e+00
1.597999954223632812e+01 1.645214462280273438e+01
1.226109886169433594e+01 -5.550941944122314453e+00
1.200496006011962891e+01 5.668542981147766113e-01
1.547447919845581055e+00 5.296995639801025391e+00
2.687857151031494141e+00 -7.056117057800292969e+00
2.978251695632934570e+00 -9.218508720397949219e+00
1.227584075927734375e+01 -5.920049667358398438e+00
-1.752539515495300293e+00 1.886155319213867188e+01
5.907026767730712891e+00 4.125545978546142578e+00
1.625071144104003906e+01 5.119643211364746094e+00
1.523038864135742188e+01 5.266057968139648438e+00
9.626768112182617188e+00 -6.364709377288818359e+00
-2.448074340820312500e+00 8.145095825195312500e+00
1.379755210876464844e+01 7.073078632354736328e+00
-2.789031267166137695e+00 1.900074577331542969e+01
1.624950790405273438e+01 1.857834053039550781e+01
9.241162300109863281e+00 2.106071710586547852e+00
1.338032245635986328e+01 4.952091276645660400e-01
1.213090419769287109e+01 1.695582199096679688e+01
1.160358810424804688e+01 1.947249794006347656e+01
8.044628143310546875e+00 3.033978700637817383e+00
1.599648666381835938e+01 4.228262424468994141e+00
9.039915084838867188e+00 3.004256725311279297e+00
1.613931274414062500e+01 4.985044479370117188e+00
1.340232658386230469e+01 1.362059211730957031e+01
5.238271236419677734e+00 4.303376197814941406e+00
1.224016952514648438e+01 1.620194244384765625e+01
1.705226707458496094e+01 9.175169944763183594e+00
-3.734564065933227539e+00 1.163373661041259766e+01
6.965002059936523438e+00 -6.862792968750000000e+00
-1.968071222305297852e+00 7.918811321258544922e+00
1.579584407806396484e+01 2.130254554748535156e+01
1.373386192321777344e+01 9.870985031127929688e+00
2.084626197814941406e+00 -7.772551536560058594e+00
-3.322748899459838867e+00 1.538003444671630859e+01
5.500932693481445312e+00 -9.269158363342285156e+00
2.305230617523193359e+00 -7.606236457824707031e+00
1.131900501251220703e+01 1.978807449340820312e+01
1.290257453918457031e+00 4.663848876953125000e+00
-2.399528264999389648e+00 1.808112144470214844e+01
-3.381505489349365234e+00 1.158701419830322266e+01
1.427629947662353516e+01 1.330071091651916504e+00
-8.873385787010192871e-01 7.358060836791992188e+00
6.031853675842285156e+00 -8.971474647521972656e+00
1.377388095855712891e+01 9.337659835815429688e+00
1.086292362213134766e+01 3.007710725069046021e-02
-7.417993545532226562e-01 6.223784446716308594e+00
1.558824253082275391e+01 1.204709339141845703e+01
-2.341019630432128906e+00 6.509366989135742188e+00
3.106333017349243164e+00 5.150130748748779297e+00
1.146220493316650391e+01 1.881986045837402344e+01
-3.384482145309448242e+00 1.534384727478027344e+01
1.725954055786132812e+01 8.772449493408203125e+00
-2.664164543151855469e+00 1.305668163299560547e+01
-2.926719665527343750e+00 1.000725269317626953e+01
-2.688253641128540039e+00 1.443354797363281250e+01
1.418236160278320312e+01 1.209857368469238281e+01
1.419618320465087891e+01 1.091806173324584961e+00
3.314014673233032227e+00 4.952353000640869141e+00
1.612965774536132812e+01 5.907894134521484375e+00
9.203013420104980469e+00 -6.709125518798828125e+00
1.411382961273193359e+01 8.013141751289367676e-01
9.366793632507324219e+00 2.429502010345458984e+00
1.603455924987792969e+01 4.321552276611328125e+00
1.721777534484863281e+01 7.815178871154785156e+00
1.173915100097656250e+01 2.003350639343261719e+01
8.464601516723632812e+00 2.822936773300170898e+00
1.267925930023193359e+01 -3.702575683593750000e+00
1.250984287261962891e+01 1.580251121520996094e+01
7.322988033294677734e+00 3.148164033889770508e+00
-3.086886882781982422e+00 1.528655433654785156e+01
1.048085212707519531e+01 1.195750236511230469e+00
2.875457048416137695e+00 -7.005417823791503906e+00
1.570513057708740234e+01 1.411652088165283203e+01
1.140949440002441406e+01 1.994536590576171875e+01
1.381447696685791016e+01 2.253845930099487305e+00
1.830033540725708008e+00 4.677072048187255859e+00
1.276161575317382812e+01 1.525022506713867188e+01
-1.318124771118164062e+00 5.228731155395507812e+00
5.515226125717163086e-01 5.028668880462646484e+00
1.203842735290527344e+01 1.728753471374511719e+01
1.180616188049316406e+01 -7.898787856101989746e-01
-3.381437540054321289e+00 1.348096466064453125e+01
1.154107952117919922e+01 -1.935853600502014160e+00
1.318529605865478516e+01 1.418251323699951172e+01
1.221843528747558594e+01 1.882600665092468262e+00
1.354822921752929688e+01 8.371941566467285156e+00
-3.659138202667236328e+00 1.367354106903076172e+01
2.761773109436035156e+00 -7.081880092620849609e+00
1.358564186096191406e+01 2.012178421020507812e+00
4.900293350219726562e+00 4.410964488983154297e+00
8.512269973754882812e+00 2.958967685699462891e+00
-2.891189098358154297e+00 8.295339584350585938e+00
2.745933771133422852e+00 -7.128273487091064453e+00
1.251615643501281738e+00 5.180835247039794922e+00
-1.016603469848632812e+00 5.634819507598876953e+00
-3.414151430130004883e+00 1.558057212829589844e+01
-1.867465257644653320e+00 5.161634922027587891e+00
-3.257810115814208984e+00 1.182188034057617188e+01
-3.107424736022949219e+00 1.552138996124267578e+01
5.679246425628662109e+00 4.561525344848632812e+00
2.578795671463012695e+00 -9.280216217041015625e+00
6.397699356079101562e+00 3.712401866912841797e+00
2.203790187835693359e+00 4.777838706970214844e+00
1.235780048370361328e+01 1.606709289550781250e+01
-1.522686123847961426e+00 7.732027530670166016e+00
-3.546969175338745117e+00 9.944495201110839844e+00
1.123853588104248047e+01 1.843615025281906128e-01
1.127661800384521484e+01 1.952340507507324219e+01
1.610233497619628906e+01 1.723403167724609375e+01
-3.520132303237915039e+00 1.153581714630126953e+01
1.198990821838378906e+01 1.940556049346923828e+00
5.443493366241455078e+00 4.432187557220458984e+00
9.738370895385742188e+00 -6.437417030334472656e+00
1.126232433319091797e+01 1.174429178237915039e+00
-7.330229282379150391e-01 4.831913471221923828e+00
1.620336151123046875e+01 1.951296615600585938e+01
-2.055515289306640625e+00 1.934932708740234375e+01
1.418145656585693359e+01 1.089776611328125000e+01
-2.486502170562744141e+00 1.881853103637695312e+01
1.603617095947265625e+01 2.069898605346679688e+01
-2.048106670379638672e+00 5.407953739166259766e+00
1.212787723541259766e+01 1.708848762512207031e+01
-3.818789958953857422e+00 1.321713638305664062e+01
1.616948699951171875e+01 1.115641498565673828e+01
1.612118530273437500e+01 4.420006752014160156e+00
1.054373836517333984e+01 -4.163638114929199219e+00
1.613870048522949219e+01 1.671054267883300781e+01
8.339387893676757812e+00 3.197485208511352539e+00
1.151090335845947266e+01 1.963299179077148438e+01
4.626113891601562500e+00 5.063094615936279297e+00
8.981350898742675781e+00 -6.593400001525878906e+00
3.930373907089233398e+00 4.939062595367431641e+00
8.526262283325195312e+00 2.456321477890014648e+00
1.583661746978759766e+01 1.167088222503662109e+01
7.131494045257568359e+00 -6.855290889739990234e+00
7.204386711120605469e+00 3.709660530090332031e+00
1.592420005798339844e+01 1.154400920867919922e+01
1.402490234375000000e+01 2.007616758346557617e+00
-2.916726112365722656e+00 1.252432727813720703e+01
5.971409320831298828e+00 -9.124613761901855469e+00
1.717045021057128906e+01 9.012455940246582031e+00
1.104896736145019531e+01 6.261875629425048828e-01
1.215283966064453125e+01 1.647071647644042969e+01
-2.701549053192138672e+00 1.573584079742431641e+01
-2.352348566055297852e+00 7.169619560241699219e+00
1.437599563598632812e+01 1.218251347541809082e+00
-2.633740901947021484e+00 1.322147083282470703e+01
4.131719589233398438e+00 5.098657131195068359e+00
9.649891853332519531e+00 2.387681007385253906e+00
1.157645988464355469e+01 1.972118186950683594e+01
-3.494074344635009766e+00 8.883453369140625000e+00
7.196726322174072266e+00 -7.652653217315673828e+00
-8.635405302047729492e-01 5.214215755462646484e+00
2.507763385772705078e+00 -9.037268638610839844e+00
1.258261966705322266e+01 1.495690643787384033e-01
1.207118034362792969e+01 -2.883150815963745117e+00
1.211100196838378906e+01 9.927337765693664551e-01
1.619043350219726562e+01 1.102424526214599609e+01
-2.033818960189819336e+00 8.093158721923828125e+00
1.180245018005371094e+01 2.028564929962158203e+00
1.633106231689453125e+01 5.505515098571777344e+00
4.576696872711181641e+00 4.434669017791748047e+00
6.125216960906982422e+00 -8.766659736633300781e+00
-3.135990381240844727e+00 1.033490943908691406e+01
-2.343169450759887695e+00 1.732998466491699219e+01
1.001025867462158203e+01 -5.047204494476318359e+00
1.213045787811279297e+01 -6.013315677642822266e+00
6.681098937988281250e+00 -8.092260360717773438e+00
1.607608222961425781e+01 1.670429992675781250e+01
4.678777694702148438e+00 -9.436980247497558594e+00
4.652525901794433594e+00 -6.783869743347167969e+00
-2.004972934722900391e+00 6.556728363037109375e+00
5.898060798645019531e+00 4.186247825622558594e+00
1.198913192749023438e+01 1.684635353088378906e+01
1.520041847229003906e+01 1.235450935363769531e+01
1.696303367614746094e+01 9.509317398071289062e+00
1.378316307067871094e+01 5.352373123168945312e-01
1.574084568023681641e+01 4.182773590087890625e+00
5.472026348114013672e+00 -9.289404869079589844e+00
1.404798984527587891e+01 7.078844070434570312e+00
1.077956676483154297e+01 -4.451256752014160156e+00
5.724538803100585938e+00 -9.125223159790039062e+00
1.403400516510009766e+01 1.193859577178955078e+01
1.334492778778076172e+01 2.322325229644775391e+00
-3.385004281997680664e+00 1.047223091125488281e+01
1.122558021545410156e+01 5.468313097953796387e-01
-2.290603637695312500e+00 9.311861038208007812e+00
1.594024562835693359e+01 2.112695312500000000e+01
1.636908531188964844e+01 6.366499900817871094e+00
-1.472608208656311035e+00 5.630307674407958984e+00
1.074732971191406250e+01 9.788475632667541504e-01
1.388745880126953125e+01 1.057528877258300781e+01
6.533445835113525391e+00 3.961327314376831055e+00
9.314977645874023438e+00 -5.916466236114501953e+00
-2.932892799377441406e+00 1.508183765411376953e+01
1.153539180755615234e+01 -5.140590667724609375e-01
1.622902297973632812e+01 1.094509124755859375e+01
-2.939141035079956055e+00 1.570737361907958984e+01
1.555505752563476562e+01 1.370444011688232422e+01
-2.162185430526733398e+00 8.420219421386718750e+00
1.359898853302001953e+01 6.100825667381286621e-01
-3.375761270523071289e+00 1.474582767486572266e+01
-4.615098237991333008e-01 6.447452068328857422e+00
1.399638843536376953e+01 1.091907620429992676e+00
-3.284100532531738281e+00 1.458044147491455078e+01
1.129501628875732422e+01 -6.361141204833984375e-01
-2.466348648071289062e+00 8.530829429626464844e+00
1.304031968116760254e+00 5.073729038238525391e+00
1.375228977203369141e+01 1.099811744689941406e+01
1.217089462280273438e+01 -5.494756698608398438e+00
-3.033260583877563477e+00 1.552770709991455078e+01
1.367106819152832031e+01 8.887532234191894531e+00
-2.420512437820434570e+00 8.084728240966796875e+00
-3.002227544784545898e+00 8.295992851257324219e+00
1.195221042633056641e+01 1.784068489074707031e+01
1.598946952819824219e+01 1.705871200561523438e+01
-1.964951157569885254e+00 1.898117065429687500e+01
1.235641956329345703e+01 1.938036680221557617e+00
1.251071929931640625e+01 1.595088672637939453e+01
2.510957717895507812e+00 -9.114012718200683594e+00
5.577069282531738281e+00 -6.953916549682617188e+00
6.237489700317382812e+00 3.595139265060424805e+00
1.210983848571777344e+01 1.938757514953613281e+01
-2.006572961807250977e+00 6.404487133026123047e+00
8.154793739318847656e+00 2.897864103317260742e+00
6.054453849792480469e+00 4.072016716003417969e+00
3.429628372192382812e+00 -9.268451690673828125e+00
1.053620529174804688e+01 1.850717663764953613e+00
9.166966438293457031e+00 -6.041020870208740234e+00
1.623575592041015625e+01 4.948089599609375000e+00
-3.413525819778442383e+00 1.412276363372802734e+01
8.446836471557617188e+00 2.864758729934692383e+00
9.316484451293945312e+00 2.766381025314331055e+00
-1.789483666419982910e+00 1.888858604431152344e+01
-2.833265542984008789e+00 1.011950778961181641e+01
1.562630748748779297e+01 1.455409240722656250e+01
4.330392360687255859e+00 4.999279975891113281e+00
1.617620468139648438e+01 1.722076416015625000e+01
2.512032270431518555e+00 -9.313633918762207031e+00
1.380623722076416016e+01 7.337670326232910156e+00
-4.668120443820953369e-01 6.528445720672607422e+00
9.451475143432617188e+00 -6.451092243194580078e+00
1.302071762084960938e+01 1.466631889343261719e+01
-8.998987674713134766e-01 7.157929420471191406e+00
-3.081735134124755859e+00 1.431052017211914062e+01
1.597075653076171875e+01 1.147309398651123047e+01
1.194948863983154297e+01 -1.557916045188903809e+00
1.611351966857910156e+01 2.046920585632324219e+01
1.190397357940673828e+01 -1.316761136054992676e+00
3.534135103225708008e+00 -6.965472221374511719e+00
-3.681399583816528320e+00 1.010370540618896484e+01
1.203779506683349609e+01 -2.680008888244628906e+00
3.218102216720581055e+00 -7.006629943847656250e+00
1.600785827636718750e+01 2.130065917968750000e+01
6.660449028015136719e+00 -7.962418556213378906e+00
-3.378101587295532227e+00 1.537885856628417969e+01
-3.699513435363769531e+00 1.424236774444580078e+01
-2.361657381057739258e+00 6.875051975250244141e+00
1.506426620483398438e+01 2.895935773849487305e+00
1.280964565277099609e+01 -8.808979988098144531e-01
9.669224739074707031e+00 -5.648442268371582031e+00
8.795170783996582031e+00 2.835725069046020508e+00
-2.318965673446655273e+00 1.931622886657714844e+01
1.594542121887207031e+01 5.528682708740234375e+00
1.704013061523437500e+01 9.306517601013183594e+00
5.171684741973876953e+00 -9.447585105895996094e+00
-2.378459215164184570e+00 1.827587890625000000e+01
1.594292926788330078e+01 2.112161636352539062e+01
-3.571161031723022461e+00 1.141535568237304688e+01
-2.348631143569946289e+00 9.255559921264648438e+00
1.431601047515869141e+01 1.193850994110107422e+01
8.861121177673339844e+00 -6.830286979675292969e+00
-3.081027269363403320e+00 1.212117290496826172e+01
1.230174160003662109e+01 8.368890881538391113e-01
1.188988018035888672e+01 1.975174784660339355e+00
1.427336692810058594e+01 1.212796592712402344e+01
1.715458106994628906e+01 8.348602294921875000e+00
1.198863983154296875e+01 -1.865147113800048828e+00
1.583547115325927734e+01 3.941244363784790039e+00
3.519236564636230469e+00 -9.292214393615722656e+00
3.067550897598266602e+00 5.025540351867675781e+00
-2.478965997695922852e+00 1.301821804046630859e+01
-2.777692794799804688e+00 1.546640110015869141e+01
6.479329109191894531e+00 3.853985786437988281e+00
1.039479827880859375e+01 -4.246536731719970703e+00
-2.741638123989105225e-01 4.876398563385009766e+00
1.696915245056152344e+01 9.096047401428222656e+00
1.600879096984863281e+01 2.034981918334960938e+01
2.820436477661132812e+00 -7.097672939300537109e+00
2.606502771377563477e+00 5.254307746887207031e+00
1.365810680389404297e+01 9.403462409973144531e+00
1.566668701171875000e+01 1.490881347656250000e+01
7.972537040710449219e+00 2.932262897491455078e+00
-1.945912718772888184e+00 5.818817138671875000e+00
1.418180370330810547e+01 6.768777370452880859e+00
-3.027744054794311523e+00 1.596990108489990234e+01
1.584137725830078125e+01 1.592652893066406250e+01
1.346926307678222656e+01 8.734077453613281250e+00
1.177577590942382812e+01 -2.049141407012939453e+00
-5.028585791587829590e-01 6.741333961486816406e+00
-8.745468258857727051e-01 5.013116359710693359e+00
-2.057555675506591797e+00 1.842778015136718750e+01
-3.389939308166503906e+00 1.329994964599609375e+01
1.158488559722900391e+01 1.893220543861389160e+00
3.154565393924713135e-01 4.840468406677246094e+00
7.073781013488769531e+00 3.519795894622802734e+00
1.193289184570312500e+01 -2.691483497619628906e+00
1.435638427734375000e+01 6.858199119567871094e+00
-3.346723079681396484e+00 1.411061096191406250e+01
6.172721385955810547e+00 3.708361387252807617e+00
1.166433334350585938e+01 2.036505937576293945e+00
1.347999095916748047e+01 8.053280830383300781e+00
-3.018746137619018555e+00 1.262850856781005859e+01
1.099149799346923828e+01 -2.011069059371948242e-01
1.728019833564758301e+00 4.942829608917236328e+00
2.686562538146972656e+00 -9.099064826965332031e+00
7.054705619812011719e+00 3.773160457611083984e+00
1.176758766174316406e+01 1.934355545043945312e+01
1.075224208831787109e+01 -4.003680706024169922e+00
7.176164150238037109e+00 -7.548830986022949219e+00
2.838088274002075195e+00 -7.063135147094726562e+00
1.519546794891357422e+01 5.490573883056640625e+00
-3.391163825988769531e+00 1.232089996337890625e+01
1.180890083312988281e+01 1.978260993957519531e+01
-3.253330707550048828e+00 9.094036102294921875e+00
1.210712718963623047e+01 -3.114614486694335938e+00
1.209282302856445312e+01 1.639867210388183594e+01
2.181008100509643555e+00 -7.754917144775390625e+00
1.438014507293701172e+01 6.398796558380126953e+00
1.293146991729736328e+01 1.504382038116455078e+01
1.709467506408691406e+01 9.054278373718261719e+00
1.447883892059326172e+01 6.540324687957763672e+00
1.314910888671875000e+00 4.626265525817871094e+00
1.618519210815429688e+01 5.485368728637695312e+00
1.615448570251464844e+01 1.717693138122558594e+01
1.234643077850341797e+01 -5.417307376861572266e+00
